<?xml version="1.0" encoding="utf-8"?>
<COLLADA xmlns="http://www.collada.org/2005/11/COLLADASchema" version="1.4.1">
  <asset><contributor><author>Mixamo</author><authoring_tool>COLLADA Mixamo exporter</authoring_tool><comments></comments></contributor><created>2020-08-07T15:10:40Z</created><modified>2020-08-07T15:10:40Z</modified><revision></revision><title></title><unit meter="0.010000"/><up_axis>Y_UP</up_axis></asset>
  <library_animations>
    <animation id="mixamorig7_Hips-anim" name="mixamorig7_Hips"><source id="mixamorig7_Hips-Matrix-animation-input"><float_array id="mixamorig7_Hips-Matrix-animation-input-array" count="22">

0.000000 0.033333 0.066667 0.100000 0.133333 0.166667 0.200000 0.233333 0.266667 0.300000 0.333333 0.366667 0.400000 0.433333 0.466667 0.500000
0.533333 0.566667 0.600000 0.633333 0.666667 0.700000</float_array><technique_common><accessor source="#mixamorig7_Hips-Matrix-animation-input-array" count="22"><param name="TIME" type="float"/></accessor></technique_common></source><source id="mixamorig7_Hips-Matrix-animation-output-transform"><float_array id="mixamorig7_Hips-Matrix-animation-output-transform-array" count="352">

0.996616 0.063186 0.052577 0.110777 -0.058001 0.993795 -0.094903 91.558319 -0.058248 0.091532 0.994097 1.185054 0.000000 0.000000 0.000000 1.000000
0.998316 0.040435 0.041593 0.543381 -0.036365 0.994876 -0.094338 93.666115 -0.045194 0.092666 0.994671 2.662999 0.000000 0.000000 0.000000 1.000000
0.998133 0.019522 0.057869 0.858887 -0.014356 0.995983 -0.088385 96.752502 -0.059362 0.087389 0.994404 3.758448 0.000000 0.000000 0.000000 1.000000
0.995100 -0.002613 0.098838 1.164769 0.011465 0.995956 -0.089107 99.163055 -0.098205 0.089803 0.991106 5.559443 0.000000 0.000000 0.000000 1.000000
0.994103 -0.002862 0.108400 1.235726 0.013035 0.995557 -0.093254 99.298820 -0.107652 0.094117 0.989724 7.384981 0.000000 0.000000 0.000000 1.000000
0.996803 0.004649 0.079763 1.537484 0.000991 0.997509 -0.070529 99.066040 -0.079892 0.070383 0.994316 8.064064 0.000000 0.000000 0.000000 1.000000
0.996104 0.002783 0.088145 1.636491 0.001613 0.998760 -0.049767 98.274445 -0.088174 0.049715 0.994864 8.464184 0.000000 0.000000 0.000000 1.000000
0.992803 0.000371 0.119758 1.618701 0.004558 0.999154 -0.040884 96.793953 -0.119672 0.041136 0.991961 7.767455 0.000000 0.000000 0.000000 1.000000
0.993165 -0.006031 0.116566 1.279784 0.010480 0.999238 -0.037589 93.967545 -0.116251 0.038553 0.992471 5.968731 0.000000 0.000000 0.000000 1.000000
0.994979 -0.008799 0.099692 0.981058 0.014380 0.998360 -0.055408 90.865982 -0.099041 0.056564 0.993474 3.696319 0.000000 0.000000 0.000000 1.000000
0.995655 -0.008750 0.092709 0.502624 0.014778 0.997806 -0.064531 90.174301 -0.091941 0.065620 0.993600 1.973603 0.000000 0.000000 0.000000 1.000000
0.995246 0.024241 0.094329 0.435956 -0.017503 0.997279 -0.071610 91.989281 -0.095808 0.069618 0.992962 1.877999 0.000000 0.000000 0.000000 1.000000
0.996489 0.058965 0.059438 0.426330 -0.053470 0.994491 -0.090154 94.824631 -0.064426 0.086660 0.994153 2.635733 0.000000 0.000000 0.000000 1.000000
0.996716 0.080967 -0.001330 0.320530 -0.080506 0.989001 -0.124084 97.197372 -0.008731 0.123783 0.992271 3.173199 0.000000 0.000000 0.000000 1.000000
0.997049 0.075206 -0.015407 0.427129 -0.076674 0.985471 -0.151554 98.124123 0.003785 0.152288 0.988329 3.091399 0.000000 0.000000 0.000000 1.000000
0.998044 0.060823 -0.014453 0.482423 -0.062203 0.989263 -0.132248 97.757797 0.006255 0.132888 0.991111 3.782745 0.000000 0.000000 0.000000 1.000000
0.998467 0.052100 -0.018710 0.432069 -0.053871 0.992272 -0.111775 96.834137 0.012742 0.112612 0.993557 4.519456 0.000000 0.000000 0.000000 1.000000
0.998711 0.050618 -0.003895 0.352233 -0.050739 0.992620 -0.110139 95.160225 -0.001708 0.110195 0.993909 3.979252 0.000000 0.000000 0.000000 1.000000
0.998760 0.044688 0.021950 0.141206 -0.042059 0.993225 -0.108326 93.386276 -0.026642 0.107269 0.993873 3.487308 0.000000 0.000000 0.000000 1.000000
0.996229 0.070209 0.050974 -0.178953 -0.064191 0.991702 -0.111387 90.952057 -0.058371 0.107695 0.992469 1.596847 0.000000 0.000000 0.000000 1.000000
0.992387 0.098256 0.074250 -0.331931 -0.090552 0.990774 -0.100834 89.840561 -0.083473 0.093343 0.992129 0.665760 0.000000 0.000000 0.000000 1.000000
0.996616 0.063186 0.052577 0.110777 -0.058001 0.993795 -0.094903 91.558319 -0.058248 0.091532 0.994097 1.185054 0.000000 0.000000 0.000000 1.000000</float_array><technique_common><accessor source="#mixamorig7_Hips-Matrix-animation-output-transform-array" count="22" stride="16"><param type="float4x4"/></accessor></technique_common></source><source id="mixamorig7_Hips-Interpolations"><Name_array id="mixamorig7_Hips-Interpolations-array" count="22">
 LINEAR LINEAR LINEAR LINEAR LINEAR LINEAR LINEAR LINEAR LINEAR LINEAR LINEAR
LINEAR LINEAR LINEAR LINEAR LINEAR LINEAR LINEAR LINEAR LINEAR LINEAR LINEAR</Name_array><technique_common><accessor source="#mixamorig7_Hips-Interpolations-array" count="22"><param type="name"/></accessor></technique_common></source><sampler id="mixamorig7_Hips-Matrix-animation-transform"><input semantic="INPUT" source="#mixamorig7_Hips-Matrix-animation-input"/><input semantic="OUTPUT" source="#mixamorig7_Hips-Matrix-animation-output-transform"/><input semantic="INTERPOLATION" source="#mixamorig7_Hips-Interpolations"/></sampler><channel source="#mixamorig7_Hips-Matrix-animation-transform" target="mixamorig7_Hips/matrix"/></animation>
    <animation id="mixamorig7_Spine-anim" name="mixamorig7_Spine"><source id="mixamorig7_Spine-Matrix-animation-input"><float_array id="mixamorig7_Spine-Matrix-animation-input-array" count="22">

0.000000 0.033333 0.066667 0.100000 0.133333 0.166667 0.200000 0.233333 0.266667 0.300000 0.333333 0.366667 0.400000 0.433333 0.466667 0.500000
0.533333 0.566667 0.600000 0.633333 0.666667 0.700000</float_array><technique_common><accessor source="#mixamorig7_Spine-Matrix-animation-input-array" count="22"><param name="TIME" type="float"/></accessor></technique_common></source><source id="mixamorig7_Spine-Matrix-animation-output-transform"><float_array id="mixamorig7_Spine-Matrix-animation-output-transform-array" count="352">

0.999133 -0.037316 0.018455 0.000000 0.036788 0.998925 0.028191 9.694400 -0.019487 -0.027487 0.999432 -1.109700 0.000000 0.000000 0.000000 1.000000
0.998760 -0.028128 0.041072 0.000000 0.026675 0.999013 0.035518 9.694400 -0.042031 -0.034378 0.998525 -1.109700 0.000000 0.000000 0.000000 1.000000
0.998099 -0.014581 0.059887 0.000000 0.011991 0.998987 0.043380 9.694400 -0.060459 -0.042580 0.997262 -1.109700 0.000000 0.000000 0.000000 1.000000
0.997599 -0.002003 0.069219 -0.000000 -0.001746 0.998536 0.054055 9.694400 -0.069226 -0.054046 0.996136 -1.109700 0.000000 0.000000 0.000000 1.000000
0.997283 0.004376 0.073538 0.000000 -0.009107 0.997900 0.064134 9.694400 -0.073103 -0.064629 0.995228 -1.109700 0.000000 0.000000 0.000000 1.000000
0.997374 0.005335 0.072227 0.000000 -0.009850 0.998009 0.062303 9.694400 -0.071751 -0.062851 0.995440 -1.109700 0.000000 0.000000 0.000000 1.000000
0.997765 0.007736 0.066379 0.000000 -0.011443 0.998385 0.055646 9.694400 -0.065841 -0.056281 0.996242 -1.109700 0.000000 0.000000 0.000000 1.000000
0.998185 0.009078 0.059530 0.000000 -0.011851 0.998853 0.046397 9.694400 -0.059041 -0.047018 0.997148 -1.109700 0.000000 0.000000 0.000000 1.000000
0.998422 0.014614 0.054227 0.000000 -0.016489 0.999276 0.034293 9.694400 -0.053686 -0.035133 0.997940 -1.109700 0.000000 0.000000 0.000000 1.000000
0.999197 0.020863 0.034200 0.000000 -0.021763 0.999420 0.026177 9.694400 -0.033634 -0.026900 0.999072 -1.109700 0.000000 0.000000 0.000000 1.000000
0.999676 0.025292 0.002773 0.000000 -0.025342 0.999483 0.019796 9.694400 -0.002271 -0.019860 0.999800 -1.109700 0.000000 0.000000 0.000000 1.000000
0.999514 0.013665 -0.028021 0.000000 -0.013140 0.999736 0.018866 9.694400 0.028272 -0.018488 0.999429 -1.109700 0.000000 0.000000 0.000000 1.000000
0.998682 -0.007272 -0.050800 0.000000 0.008633 0.999608 0.026629 9.694400 0.050587 -0.027033 0.998354 -1.109700 0.000000 0.000000 0.000000 1.000000
0.997490 -0.021179 -0.067562 0.000000 0.023681 0.999055 0.036449 9.694400 0.066726 -0.037958 0.997049 -1.109700 0.000000 0.000000 0.000000 1.000000
0.996644 -0.028251 -0.076827 0.000000 0.031533 0.998626 0.041843 9.694400 0.075540 -0.044125 0.996166 -1.109700 0.000000 0.000000 0.000000 1.000000
0.996651 -0.029194 -0.076378 0.000000 0.032001 0.998847 0.035795 9.694400 0.075245 -0.038120 0.996436 -1.109700 0.000000 0.000000 0.000000 1.000000
0.997346 -0.029832 -0.066408 0.000000 0.032004 0.998979 0.031875 9.694400 0.065390 -0.033916 0.997283 -1.109700 0.000000 0.000000 0.000000 1.000000
0.997495 -0.031367 -0.063398 0.000000 0.033326 0.998992 0.030079 9.694400 0.062391 -0.032117 0.997535 -1.109700 0.000000 0.000000 0.000000 1.000000
0.997873 -0.032200 -0.056677 0.000000 0.033779 0.999061 0.027123 9.694400 0.055750 -0.028980 0.998024 -1.109700 0.000000 0.000000 0.000000 1.000000
0.998329 -0.041827 -0.039862 0.000000 0.042735 0.998839 0.022214 9.694400 0.038887 -0.023881 0.998958 -1.109700 0.000000 0.000000 0.000000 1.000000
0.998403 -0.053287 -0.018758 0.000000 0.053680 0.998335 0.021110 9.694400 0.017602 -0.022083 0.999601 -1.109700 0.000000 0.000000 0.000000 1.000000
0.999133 -0.037316 0.018455 0.000000 0.036788 0.998925 0.028191 9.694400 -0.019487 -0.027487 0.999432 -1.109700 0.000000 0.000000 0.000000 1.000000</float_array><technique_common><accessor source="#mixamorig7_Spine-Matrix-animation-output-transform-array" count="22" stride="16"><param type="float4x4"/></accessor></technique_common></source><source id="mixamorig7_Spine-Interpolations"><Name_array id="mixamorig7_Spine-Interpolations-array" count="22">
 LINEAR LINEAR LINEAR LINEAR LINEAR LINEAR LINEAR LINEAR LINEAR LINEAR LINEAR
LINEAR LINEAR LINEAR LINEAR LINEAR LINEAR LINEAR LINEAR LINEAR LINEAR LINEAR</Name_array><technique_common><accessor source="#mixamorig7_Spine-Interpolations-array" count="22"><param type="name"/></accessor></technique_common></source><sampler id="mixamorig7_Spine-Matrix-animation-transform"><input semantic="INPUT" source="#mixamorig7_Spine-Matrix-animation-input"/><input semantic="OUTPUT" source="#mixamorig7_Spine-Matrix-animation-output-transform"/><input semantic="INTERPOLATION" source="#mixamorig7_Spine-Interpolations"/></sampler><channel source="#mixamorig7_Spine-Matrix-animation-transform" target="mixamorig7_Spine/matrix"/></animation>
    <animation id="mixamorig7_Spine1-anim" name="mixamorig7_Spine1"><source id="mixamorig7_Spine1-Matrix-animation-input"><float_array id="mixamorig7_Spine1-Matrix-animation-input-array" count="22">

0.000000 0.033333 0.066667 0.100000 0.133333 0.166667 0.200000 0.233333 0.266667 0.300000 0.333333 0.366667 0.400000 0.433333 0.466667 0.500000
0.533333 0.566667 0.600000 0.633333 0.666667 0.700000</float_array><technique_common><accessor source="#mixamorig7_Spine1-Matrix-animation-input-array" count="22"><param name="TIME" type="float"/></accessor></technique_common></source><source id="mixamorig7_Spine1-Matrix-animation-output-transform"><float_array id="mixamorig7_Spine1-Matrix-animation-output-transform-array" count="352">

0.998355 -0.035378 0.045123 0.000000 0.042608 0.984357 -0.170953 11.384000 -0.038370 0.172595 0.984245 0.000000 0.000000 0.000000 0.000000 1.000000
0.995990 -0.023392 0.086358 0.000000 0.036749 0.986995 -0.156496 11.384000 -0.081574 0.159042 0.983896 -0.000000 0.000000 0.000000 0.000000 1.000000
0.992362 -0.010689 0.122894 0.000000 0.028031 0.989718 -0.140261 11.384000 -0.120131 0.142635 0.982458 -0.000000 0.000000 0.000000 0.000000 1.000000
0.989283 0.006076 0.145882 0.000000 0.011437 0.992839 -0.118910 11.384000 -0.145560 0.119304 0.982130 -0.000000 0.000000 0.000000 0.000000 1.000000
0.986450 0.017120 0.163166 0.000000 -0.000873 0.995074 -0.099127 11.384000 -0.164059 0.097641 0.981606 0.000000 0.000000 0.000000 0.000000 1.000000
0.985806 0.018067 0.166911 -0.000000 -0.000846 0.994714 -0.102676 11.384000 -0.167884 0.101078 0.980611 0.000000 0.000000 0.000000 0.000000 1.000000
0.987959 0.019873 0.153433 0.000000 -0.001992 0.993268 -0.115824 11.384000 -0.154701 0.114124 0.981348 0.000000 0.000000 0.000000 0.000000 1.000000
0.990749 0.022490 0.133828 0.000000 -0.004341 0.990920 -0.134384 11.384000 -0.135635 0.132559 0.981851 0.000000 0.000000 0.000000 0.000000 1.000000
0.993339 0.031008 0.110981 -0.000000 -0.013103 0.987263 -0.158553 11.384000 -0.114484 0.156043 0.981093 -0.000000 0.000000 0.000000 0.000000 1.000000
0.997490 0.033114 0.062579 0.000000 -0.021730 0.984411 -0.174536 11.384000 -0.067383 0.172738 0.982660 0.000000 0.000000 0.000000 0.000000 1.000000
0.999645 0.026550 -0.002020 -0.000000 -0.026459 0.981969 -0.187182 11.384000 -0.002987 0.187170 0.982323 -0.000000 0.000000 0.000000 0.000000 1.000000
0.998241 0.003093 -0.059206 -0.000000 -0.014273 0.981806 -0.189351 11.384000 0.057543 0.189863 0.980123 -0.000000 0.000000 0.000000 0.000000 1.000000
0.994546 -0.027491 -0.100616 -0.000000 0.009597 0.984668 -0.174175 11.384000 0.103861 0.172260 0.979561 0.000000 0.000000 0.000000 0.000000 1.000000
0.989479 -0.047322 -0.136716 0.000000 0.025849 0.987613 -0.154762 11.384000 0.142346 0.149600 0.978446 0.000000 0.000000 0.000000 0.000000 1.000000
0.985021 -0.060125 -0.161614 0.000000 0.036673 0.988845 -0.144364 11.384000 0.168491 0.136275 0.976238 0.000000 0.000000 0.000000 0.000000 1.000000
0.983948 -0.061553 -0.167504 -0.000000 0.035160 0.987101 -0.156191 11.384000 0.174957 0.147795 0.973420 0.000000 0.000000 0.000000 0.000000 1.000000
0.986555 -0.061287 -0.151503 -0.000000 0.036069 0.985815 -0.163913 11.384000 0.159399 0.156244 0.974772 -0.000000 0.000000 0.000000 0.000000 1.000000
0.988146 -0.063198 -0.139903 -0.000000 0.039287 0.985088 -0.167509 11.384000 0.148402 0.160027 0.975894 -0.000000 0.000000 0.000000 0.000000 1.000000
0.991318 -0.062176 -0.115857 -0.000000 0.041468 0.984004 -0.173255 11.384000 0.124776 0.166947 0.978039 0.000000 0.000000 0.000000 0.000000 1.000000
0.995337 -0.065981 -0.070357 0.000000 0.052186 0.981821 -0.182492 11.384000 0.081120 0.177970 0.980687 -0.000000 0.000000 0.000000 0.000000 1.000000
0.997375 -0.068230 -0.024232 -0.000000 0.062619 0.980851 -0.184417 11.384000 0.036351 0.182415 0.982549 0.000000 0.000000 0.000000 0.000000 1.000000
0.998355 -0.035378 0.045123 0.000000 0.042608 0.984357 -0.170953 11.384000 -0.038370 0.172595 0.984245 0.000000 0.000000 0.000000 0.000000 1.000000</float_array><technique_common><accessor source="#mixamorig7_Spine1-Matrix-animation-output-transform-array" count="22" stride="16"><param type="float4x4"/></accessor></technique_common></source><source id="mixamorig7_Spine1-Interpolations"><Name_array id="mixamorig7_Spine1-Interpolations-array" count="22">
 LINEAR LINEAR LINEAR LINEAR LINEAR LINEAR LINEAR LINEAR LINEAR LINEAR LINEAR
LINEAR LINEAR LINEAR LINEAR LINEAR LINEAR LINEAR LINEAR LINEAR LINEAR LINEAR</Name_array><technique_common><accessor source="#mixamorig7_Spine1-Interpolations-array" count="22"><param type="name"/></accessor></technique_common></source><sampler id="mixamorig7_Spine1-Matrix-animation-transform"><input semantic="INPUT" source="#mixamorig7_Spine1-Matrix-animation-input"/><input semantic="OUTPUT" source="#mixamorig7_Spine1-Matrix-animation-output-transform"/><input semantic="INTERPOLATION" source="#mixamorig7_Spine1-Interpolations"/></sampler><channel source="#mixamorig7_Spine1-Matrix-animation-transform" target="mixamorig7_Spine1/matrix"/></animation>
    <animation id="mixamorig7_Spine2-anim" name="mixamorig7_Spine2"><source id="mixamorig7_Spine2-Matrix-animation-input"><float_array id="mixamorig7_Spine2-Matrix-animation-input-array" count="22">

0.000000 0.033333 0.066667 0.100000 0.133333 0.166667 0.200000 0.233333 0.266667 0.300000 0.333333 0.366667 0.400000 0.433333 0.466667 0.500000
0.533333 0.566667 0.600000 0.633333 0.666667 0.700000</float_array><technique_common><accessor source="#mixamorig7_Spine2-Matrix-animation-input-array" count="22"><param name="TIME" type="float"/></accessor></technique_common></source><source id="mixamorig7_Spine2-Matrix-animation-output-transform"><float_array id="mixamorig7_Spine2-Matrix-animation-output-transform-array" count="352">

0.998355 -0.035378 0.045123 -0.000000 0.042608 0.984357 -0.170954 13.010300 -0.038370 0.172595 0.984245 0.000000 0.000000 0.000000 0.000000 1.000000
0.995990 -0.023392 0.086358 -0.000000 0.036749 0.986995 -0.156496 13.010300 -0.081574 0.159042 0.983896 0.000000 0.000000 0.000000 0.000000 1.000000
0.992362 -0.010689 0.122894 0.000000 0.028031 0.989718 -0.140261 13.010300 -0.120131 0.142635 0.982458 0.000000 0.000000 0.000000 0.000000 1.000000
0.989283 0.006076 0.145882 0.000000 0.011437 0.992839 -0.118910 13.010300 -0.145560 0.119305 0.982130 -0.000000 0.000000 0.000000 0.000000 1.000000
0.986450 0.017119 0.163166 0.000000 -0.000873 0.995074 -0.099127 13.010300 -0.164059 0.097641 0.981606 0.000000 0.000000 0.000000 0.000000 1.000000
0.985806 0.018067 0.166911 -0.000000 -0.000846 0.994714 -0.102676 13.010300 -0.167883 0.101078 0.980611 -0.000000 0.000000 0.000000 0.000000 1.000000
0.987959 0.019873 0.153432 0.000000 -0.001992 0.993268 -0.115824 13.010300 -0.154701 0.114124 0.981348 0.000000 0.000000 0.000000 0.000000 1.000000
0.990749 0.022490 0.133828 -0.000000 -0.004341 0.990920 -0.134384 13.010300 -0.135635 0.132559 0.981851 -0.000000 0.000000 0.000000 0.000000 1.000000
0.993339 0.031008 0.110981 -0.000000 -0.013103 0.987263 -0.158553 13.010300 -0.114484 0.156043 0.981093 0.000000 0.000000 0.000000 0.000000 1.000000
0.997490 0.033114 0.062579 -0.000000 -0.021730 0.984411 -0.174536 13.010300 -0.067383 0.172738 0.982660 0.000000 0.000000 0.000000 0.000000 1.000000
0.999645 0.026550 -0.002020 0.000000 -0.026459 0.981969 -0.187182 13.010300 -0.002987 0.187170 0.982323 0.000000 0.000000 0.000000 0.000000 1.000000
0.998241 0.003093 -0.059206 0.000000 -0.014273 0.981806 -0.189351 13.010300 0.057543 0.189863 0.980123 0.000000 0.000000 0.000000 0.000000 1.000000
0.994546 -0.027491 -0.100616 -0.000000 0.009597 0.984668 -0.174175 13.010300 0.103861 0.172260 0.979561 0.000000 0.000000 0.000000 0.000000 1.000000
0.989479 -0.047322 -0.136716 0.000000 0.025849 0.987614 -0.154762 13.010300 0.142346 0.149600 0.978446 -0.000000 0.000000 0.000000 0.000000 1.000000
0.985021 -0.060125 -0.161614 0.000000 0.036673 0.988845 -0.144364 13.010300 0.168491 0.136275 0.976238 0.000000 0.000000 0.000000 0.000000 1.000000
0.983948 -0.061553 -0.167504 0.000000 0.035160 0.987101 -0.156191 13.010300 0.174957 0.147795 0.973420 0.000000 0.000000 0.000000 0.000000 1.000000
0.986555 -0.061287 -0.151503 -0.000000 0.036069 0.985815 -0.163913 13.010300 0.159399 0.156245 0.974772 0.000000 0.000000 0.000000 0.000000 1.000000
0.988146 -0.063198 -0.139903 -0.000000 0.039287 0.985088 -0.167509 13.010300 0.148403 0.160027 0.975893 0.000000 0.000000 0.000000 0.000000 1.000000
0.991318 -0.062176 -0.115857 0.000000 0.041468 0.984004 -0.173255 13.010300 0.124775 0.166947 0.978039 0.000000 0.000000 0.000000 0.000000 1.000000
0.995337 -0.065981 -0.070357 0.000000 0.052186 0.981821 -0.182492 13.010300 0.081120 0.177970 0.980687 -0.000000 0.000000 0.000000 0.000000 1.000000
0.997375 -0.068230 -0.024232 0.000000 0.062619 0.980851 -0.184417 13.010300 0.036351 0.182415 0.982549 0.000000 0.000000 0.000000 0.000000 1.000000
0.998355 -0.035378 0.045123 -0.000000 0.042608 0.984357 -0.170954 13.010300 -0.038370 0.172595 0.984245 0.000000 0.000000 0.000000 0.000000 1.000000</float_array><technique_common><accessor source="#mixamorig7_Spine2-Matrix-animation-output-transform-array" count="22" stride="16"><param type="float4x4"/></accessor></technique_common></source><source id="mixamorig7_Spine2-Interpolations"><Name_array id="mixamorig7_Spine2-Interpolations-array" count="22">
 LINEAR LINEAR LINEAR LINEAR LINEAR LINEAR LINEAR LINEAR LINEAR LINEAR LINEAR
LINEAR LINEAR LINEAR LINEAR LINEAR LINEAR LINEAR LINEAR LINEAR LINEAR LINEAR</Name_array><technique_common><accessor source="#mixamorig7_Spine2-Interpolations-array" count="22"><param type="name"/></accessor></technique_common></source><sampler id="mixamorig7_Spine2-Matrix-animation-transform"><input semantic="INPUT" source="#mixamorig7_Spine2-Matrix-animation-input"/><input semantic="OUTPUT" source="#mixamorig7_Spine2-Matrix-animation-output-transform"/><input semantic="INTERPOLATION" source="#mixamorig7_Spine2-Interpolations"/></sampler><channel source="#mixamorig7_Spine2-Matrix-animation-transform" target="mixamorig7_Spine2/matrix"/></animation>
    <animation id="mixamorig7_Neck-anim" name="mixamorig7_Neck"><source id="mixamorig7_Neck-Matrix-animation-input"><float_array id="mixamorig7_Neck-Matrix-animation-input-array" count="22">

0.000000 0.033333 0.066667 0.100000 0.133333 0.166667 0.200000 0.233333 0.266667 0.300000 0.333333 0.366667 0.400000 0.433333 0.466667 0.500000
0.533333 0.566667 0.600000 0.633333 0.666667 0.700000</float_array><technique_common><accessor source="#mixamorig7_Neck-Matrix-animation-input-array" count="22"><param name="TIME" type="float"/></accessor></technique_common></source><source id="mixamorig7_Neck-Matrix-animation-output-transform"><float_array id="mixamorig7_Neck-Matrix-animation-output-transform-array" count="352">

0.999829 0.001729 -0.018401 0.000000 -0.003020 0.997517 -0.070354 14.636600 0.018233 0.070398 0.997352 0.000000 0.000000 0.000000 0.000000 1.000000
0.999655 0.005244 -0.025754 0.000000 -0.007027 0.997549 -0.069611 14.636600 0.025326 0.069767 0.997242 -0.000000 0.000000 0.000000 0.000000 1.000000
0.999343 0.001786 -0.036211 0.000000 -0.004516 0.997140 -0.075437 14.636600 0.035972 0.075551 0.996493 0.000000 0.000000 0.000000 0.000000 1.000000
0.999086 0.002098 -0.042705 -0.000000 -0.005577 0.996657 -0.081514 14.636600 0.042391 0.081678 0.995757 0.000000 0.000000 0.000000 0.000000 1.000000
0.998837 -0.003417 -0.048099 0.000000 -0.001224 0.995367 -0.096138 14.636600 0.048204 0.096086 0.994205 0.000000 0.000000 0.000000 0.000000 1.000000
0.998851 -0.008923 -0.047083 0.000000 0.003907 0.994404 -0.105568 14.636600 0.047761 0.105263 0.993297 0.000000 0.000000 0.000000 0.000000 1.000000
0.999097 -0.002836 -0.042384 0.000000 -0.001520 0.994744 -0.102381 14.636600 0.042451 0.102353 0.993842 0.000000 0.000000 0.000000 0.000000 1.000000
0.999199 -0.002468 -0.039945 -0.000000 -0.001488 0.995114 -0.098720 14.636600 0.039993 0.098700 0.994313 -0.000000 0.000000 0.000000 0.000000 1.000000
0.999305 -0.008803 -0.036223 0.000000 0.005651 0.996261 -0.086211 14.636600 0.036847 0.085946 0.995618 -0.000000 0.000000 0.000000 0.000000 1.000000
0.999611 -0.009988 -0.026058 0.000000 0.007919 0.996897 -0.078320 14.636600 0.026760 0.078083 0.996588 -0.000000 0.000000 0.000000 0.000000 1.000000
0.999907 -0.004789 -0.012798 0.000000 0.003808 0.997130 -0.075610 14.636600 0.013123 0.075554 0.997055 0.000000 0.000000 0.000000 0.000000 1.000000
0.999901 -0.012558 -0.006326 0.000000 0.012114 0.997752 -0.065909 14.636600 0.007139 0.065826 0.997806 0.000000 0.000000 0.000000 0.000000 1.000000
0.999921 0.007527 0.010102 0.000000 -0.006795 0.997479 -0.070639 14.636600 -0.010608 0.070564 0.997451 0.000000 0.000000 0.000000 0.000000 1.000000
0.999767 0.002625 0.021434 0.000000 -0.001289 0.998068 -0.062114 14.636600 -0.021556 0.062072 0.997839 0.000000 0.000000 0.000000 0.000000 1.000000
0.999578 0.003478 0.028839 0.000000 -0.001851 0.998415 -0.056253 14.636600 -0.028989 0.056175 0.998000 -0.000000 0.000000 0.000000 0.000000 1.000000
0.999469 0.006308 0.031982 0.000000 -0.004590 0.998557 -0.053497 14.636600 -0.032274 0.053322 0.998056 0.000000 0.000000 0.000000 0.000000 1.000000
0.999553 0.008714 0.028594 -0.000000 -0.006949 0.998097 -0.061266 14.636600 -0.029074 0.061040 0.997712 0.000000 0.000000 0.000000 0.000000 1.000000
0.999578 0.011823 0.026541 0.000000 -0.010077 0.997837 -0.064959 14.636600 -0.027251 0.064664 0.997535 -0.000000 0.000000 0.000000 0.000000 1.000000
0.999519 0.019783 0.023871 -0.000000 -0.018268 0.997903 -0.062088 14.636600 -0.025049 0.061622 0.997785 0.000000 0.000000 0.000000 0.000000 1.000000
0.999801 0.016357 0.011452 0.000000 -0.015649 0.998113 -0.059380 14.636600 -0.012402 0.059189 0.998170 0.000000 0.000000 0.000000 0.000000 1.000000
0.999898 0.014226 -0.001464 -0.000000 -0.014289 0.997961 -0.062206 14.636600 0.000576 0.062221 0.998062 0.000000 0.000000 0.000000 0.000000 1.000000
0.999829 0.001729 -0.018401 0.000000 -0.003020 0.997517 -0.070354 14.636600 0.018233 0.070398 0.997352 0.000000 0.000000 0.000000 0.000000 1.000000</float_array><technique_common><accessor source="#mixamorig7_Neck-Matrix-animation-output-transform-array" count="22" stride="16"><param type="float4x4"/></accessor></technique_common></source><source id="mixamorig7_Neck-Interpolations"><Name_array id="mixamorig7_Neck-Interpolations-array" count="22">
 LINEAR LINEAR LINEAR LINEAR LINEAR LINEAR LINEAR LINEAR LINEAR LINEAR LINEAR
LINEAR LINEAR LINEAR LINEAR LINEAR LINEAR LINEAR LINEAR LINEAR LINEAR LINEAR</Name_array><technique_common><accessor source="#mixamorig7_Neck-Interpolations-array" count="22"><param type="name"/></accessor></technique_common></source><sampler id="mixamorig7_Neck-Matrix-animation-transform"><input semantic="INPUT" source="#mixamorig7_Neck-Matrix-animation-input"/><input semantic="OUTPUT" source="#mixamorig7_Neck-Matrix-animation-output-transform"/><input semantic="INTERPOLATION" source="#mixamorig7_Neck-Interpolations"/></sampler><channel source="#mixamorig7_Neck-Matrix-animation-transform" target="mixamorig7_Neck/matrix"/></animation>
    <animation id="mixamorig7_Head-anim" name="mixamorig7_Head"><source id="mixamorig7_Head-Matrix-animation-input"><float_array id="mixamorig7_Head-Matrix-animation-input-array" count="22">

0.000000 0.033333 0.066667 0.100000 0.133333 0.166667 0.200000 0.233333 0.266667 0.300000 0.333333 0.366667 0.400000 0.433333 0.466667 0.500000
0.533333 0.566667 0.600000 0.633333 0.666667 0.700000</float_array><technique_common><accessor source="#mixamorig7_Head-Matrix-animation-input-array" count="22"><param name="TIME" type="float"/></accessor></technique_common></source><source id="mixamorig7_Head-Matrix-animation-output-transform"><float_array id="mixamorig7_Head-Matrix-animation-output-transform-array" count="352">

0.999829 0.001729 -0.018401 0.000000 -0.000927 0.999052 0.043529 6.944300 0.018458 -0.043505 0.998883 1.982500 0.000000 0.000000 0.000000 1.000000
0.999655 0.005244 -0.025754 0.000000 -0.004101 0.999012 0.044256 6.944300 0.025961 -0.044135 0.998688 1.982500 0.000000 0.000000 0.000000 1.000000
0.999343 0.001786 -0.036211 0.000000 -0.000396 0.999263 0.038382 6.944300 0.036253 -0.038343 0.998607 1.982500 0.000000 0.000000 0.000000 1.000000
0.999086 0.002098 -0.042705 0.000000 -0.000720 0.999479 0.032260 6.944300 0.042751 -0.032200 0.998567 1.982500 0.000000 0.000000 0.000000 1.000000
0.998837 -0.003417 -0.048099 0.000000 0.004266 0.999837 0.017555 6.944300 0.048031 -0.017740 0.998688 1.982500 0.000000 0.000000 0.000000 1.000000
0.998851 -0.008923 -0.047083 0.000000 0.009313 0.999924 0.008083 6.944300 0.047007 -0.008512 0.998858 1.982500 0.000000 0.000000 0.000000 1.000000
0.999097 -0.002836 -0.042383 -0.000000 0.003318 0.999931 0.011312 6.944300 0.042348 -0.011442 0.999037 1.982500 0.000000 0.000000 0.000000 1.000000
0.999199 -0.002468 -0.039945 -0.000000 0.003070 0.999883 0.015002 6.944300 0.039903 -0.015113 0.999089 1.982500 0.000000 0.000000 0.000000 1.000000
0.999305 -0.008803 -0.036223 0.000000 0.009805 0.999572 0.027579 6.944300 0.035965 -0.027915 0.998963 1.982500 0.000000 0.000000 0.000000 1.000000
0.999611 -0.009988 -0.026058 0.000000 0.010911 0.999309 0.035529 6.944300 0.025686 -0.035799 0.999029 1.982500 0.000000 0.000000 0.000000 1.000000
0.999907 -0.004789 -0.012798 -0.000000 0.005276 0.999253 0.038275 6.944300 0.012605 -0.038338 0.999185 1.982500 0.000000 0.000000 0.000000 1.000000
0.999901 -0.012558 -0.006326 0.000000 0.012848 0.998765 0.047998 6.944300 0.005715 -0.048075 0.998827 1.982500 0.000000 0.000000 0.000000 1.000000
0.999921 0.007527 0.010102 0.000000 -0.007957 0.999032 0.043258 6.944300 -0.009767 -0.043335 0.999013 1.982500 0.000000 0.000000 0.000000 1.000000
0.999767 0.002625 0.021435 -0.000000 -0.003732 0.998652 0.051772 6.944300 -0.021270 -0.051840 0.998429 1.982500 0.000000 0.000000 0.000000 1.000000
0.999578 0.003478 0.028839 0.000000 -0.005136 0.998326 0.057614 6.944300 -0.028591 -0.057737 0.997922 1.982500 0.000000 0.000000 0.000000 1.000000
0.999469 0.006308 0.031982 0.000000 -0.008231 0.998143 0.060358 6.944300 -0.031542 -0.060589 0.997664 1.982500 0.000000 0.000000 0.000000 1.000000
0.999553 0.008714 0.028594 0.000000 -0.010210 0.998563 0.052600 6.944300 -0.028095 -0.052868 0.998206 1.982500 0.000000 0.000000 0.000000 1.000000
0.999578 0.011823 0.026541 -0.000000 -0.013111 0.998717 0.048911 6.944300 -0.025928 -0.049238 0.998450 1.982500 0.000000 0.000000 0.000000 1.000000
0.999519 0.019783 0.023871 0.000000 -0.020998 0.998437 0.051791 6.944300 -0.022809 -0.052268 0.998373 1.982500 0.000000 0.000000 0.000000 1.000000
0.999801 0.016357 0.011452 0.000000 -0.016958 0.998368 0.054525 6.944300 -0.010542 -0.054709 0.998447 1.982500 0.000000 0.000000 0.000000 1.000000
0.999898 0.014226 -0.001464 -0.000000 -0.014131 0.998562 0.051706 6.944300 0.002198 -0.051680 0.998661 1.982500 0.000000 0.000000 0.000000 1.000000
0.999829 0.001729 -0.018401 0.000000 -0.000927 0.999052 0.043529 6.944300 0.018458 -0.043505 0.998883 1.982500 0.000000 0.000000 0.000000 1.000000</float_array><technique_common><accessor source="#mixamorig7_Head-Matrix-animation-output-transform-array" count="22" stride="16"><param type="float4x4"/></accessor></technique_common></source><source id="mixamorig7_Head-Interpolations"><Name_array id="mixamorig7_Head-Interpolations-array" count="22">
 LINEAR LINEAR LINEAR LINEAR LINEAR LINEAR LINEAR LINEAR LINEAR LINEAR LINEAR
LINEAR LINEAR LINEAR LINEAR LINEAR LINEAR LINEAR LINEAR LINEAR LINEAR LINEAR</Name_array><technique_common><accessor source="#mixamorig7_Head-Interpolations-array" count="22"><param type="name"/></accessor></technique_common></source><sampler id="mixamorig7_Head-Matrix-animation-transform"><input semantic="INPUT" source="#mixamorig7_Head-Matrix-animation-input"/><input semantic="OUTPUT" source="#mixamorig7_Head-Matrix-animation-output-transform"/><input semantic="INTERPOLATION" source="#mixamorig7_Head-Interpolations"/></sampler><channel source="#mixamorig7_Head-Matrix-animation-transform" target="mixamorig7_Head/matrix"/></animation>
    <animation id="mixamorig7_LeftShoulder-anim" name="mixamorig7_LeftShoulder"><source id="mixamorig7_LeftShoulder-Matrix-animation-input"><float_array id="mixamorig7_LeftShoulder-Matrix-animation-input-array" count="22">

0.000000 0.033333 0.066667 0.100000 0.133333 0.166667 0.200000 0.233333 0.266667 0.300000 0.333333 0.366667 0.400000 0.433333 0.466667 0.500000
0.533333 0.566667 0.600000 0.633333 0.666667 0.700000</float_array><technique_common><accessor source="#mixamorig7_LeftShoulder-Matrix-animation-input-array" count="22"><param name="TIME" type="float"/></accessor></technique_common></source><source id="mixamorig7_LeftShoulder-Matrix-animation-output-transform"><float_array id="mixamorig7_LeftShoulder-Matrix-animation-output-transform-array" count="352">

-0.019203 0.917790 -0.396602 6.681300 0.023710 -0.396146 -0.917882 12.887600 -0.999534 -0.027030 -0.014154 -0.157300 0.000000 0.000000 0.000000 1.000000
-0.033232 0.921771 -0.386308 6.681300 0.024324 -0.385661 -0.922320 12.887600 -0.999152 -0.040047 -0.009605 -0.157300 0.000000 0.000000 0.000000 1.000000
-0.049201 0.926497 -0.373072 6.681300 0.024673 -0.372283 -0.927791 12.887600 -0.998484 -0.054853 -0.004543 -0.157300 0.000000 0.000000 0.000000 1.000000
-0.064734 0.930847 -0.359630 6.681300 0.024529 -0.358793 -0.933095 12.887600 -0.997601 -0.069224 0.000393 -0.157300 0.000000 0.000000 0.000000 1.000000
-0.076122 0.933443 -0.350557 6.681300 0.024063 -0.349755 -0.936532 12.887600 -0.996808 -0.079726 0.004163 -0.157300 0.000000 0.000000 0.000000 1.000000
-0.078596 0.932798 -0.351725 6.681300 0.023861 -0.350955 -0.936088 12.887600 -0.996621 -0.081966 0.005326 -0.157300 0.000000 0.000000 0.000000 1.000000
-0.068488 0.928089 -0.366006 6.681300 0.024210 -0.365213 -0.930609 12.887600 -0.997358 -0.072597 0.002543 -0.157300 0.000000 0.000000 0.000000 1.000000
-0.045510 0.919929 -0.389436 6.681300 0.024380 -0.388701 -0.921042 12.887600 -0.998666 -0.051411 -0.004738 -0.157300 0.000000 0.000000 0.000000 1.000000
-0.013580 0.910885 -0.412437 6.681300 0.023457 -0.412071 -0.910850 12.887600 -0.999633 -0.022044 -0.015771 -0.157300 0.000000 0.000000 0.000000 1.000000
0.020437 0.904378 -0.426242 6.681300 0.021805 -0.426633 -0.904162 12.887600 -0.999553 0.009184 -0.028439 -0.157300 0.000000 0.000000 0.000000 1.000000
0.048859 0.902046 -0.428867 6.681300 0.020692 -0.430201 -0.902496 12.887600 -0.998591 0.035221 -0.039685 -0.157300 0.000000 0.000000 0.000000 1.000000
0.065529 0.902663 -0.425331 6.681300 0.020611 -0.427380 -0.903837 12.887600 -0.997638 0.050461 -0.046611 -0.157300 0.000000 0.000000 0.000000 1.000000
0.068907 0.903816 -0.422337 6.681300 0.020939 -0.424560 -0.905158 12.887600 -0.997403 0.053528 -0.048180 -0.157300 0.000000 0.000000 0.000000 1.000000
0.063721 0.903936 -0.422894 6.681300 0.021089 -0.424880 -0.905004 12.887600 -0.997745 0.048749 -0.046136 -0.157300 0.000000 0.000000 0.000000 1.000000
0.057859 0.902884 -0.425972 6.681300 0.020988 -0.427693 -0.903681 12.887600 -0.998104 0.043346 -0.043695 -0.157300 0.000000 0.000000 0.000000 1.000000
0.056348 0.901253 -0.429614 6.681300 0.020714 -0.431260 -0.901990 12.887600 -0.998196 0.041926 -0.042969 -0.157300 0.000000 0.000000 0.000000 1.000000
0.058239 0.899619 -0.432775 6.681300 0.020367 -0.434492 -0.900446 12.887600 -0.998095 0.043627 -0.043627 -0.157300 0.000000 0.000000 0.000000 1.000000
0.058520 0.898932 -0.434162 6.681300 0.020219 -0.435885 -0.899775 12.887600 -0.998081 0.043876 -0.043684 -0.157300 0.000000 0.000000 0.000000 1.000000
0.052154 0.900690 -0.431320 6.681300 0.020664 -0.432789 -0.901258 12.887600 -0.998425 0.038091 -0.041184 -0.157300 0.000000 0.000000 0.000000 1.000000
0.036591 0.905557 -0.422644 6.681300 0.021760 -0.423549 -0.905612 12.887600 -0.999093 0.023940 -0.035203 -0.157300 0.000000 0.000000 0.000000 1.000000
0.012138 0.912133 -0.409714 6.681300 0.022974 -0.409891 -0.911845 12.887600 -0.999662 0.001655 -0.025931 -0.157300 0.000000 0.000000 0.000000 1.000000
-0.019203 0.917790 -0.396602 6.681300 0.023710 -0.396146 -0.917882 12.887600 -0.999534 -0.027030 -0.014154 -0.157300 0.000000 0.000000 0.000000 1.000000</float_array><technique_common><accessor source="#mixamorig7_LeftShoulder-Matrix-animation-output-transform-array" count="22" stride="16"><param type="float4x4"/></accessor></technique_common></source><source id="mixamorig7_LeftShoulder-Interpolations"><Name_array id="mixamorig7_LeftShoulder-Interpolations-array" count="22">
 LINEAR LINEAR LINEAR LINEAR LINEAR LINEAR LINEAR LINEAR LINEAR LINEAR LINEAR
LINEAR LINEAR LINEAR LINEAR LINEAR LINEAR LINEAR LINEAR LINEAR LINEAR LINEAR</Name_array><technique_common><accessor source="#mixamorig7_LeftShoulder-Interpolations-array" count="22"><param type="name"/></accessor></technique_common></source><sampler id="mixamorig7_LeftShoulder-Matrix-animation-transform"><input semantic="INPUT" source="#mixamorig7_LeftShoulder-Matrix-animation-input"/><input semantic="OUTPUT" source="#mixamorig7_LeftShoulder-Matrix-animation-output-transform"/><input semantic="INTERPOLATION" source="#mixamorig7_LeftShoulder-Interpolations"/></sampler><channel source="#mixamorig7_LeftShoulder-Matrix-animation-transform" target="mixamorig7_LeftShoulder/matrix"/></animation>
    <animation id="mixamorig7_LeftArm-anim" name="mixamorig7_LeftArm"><source id="mixamorig7_LeftArm-Matrix-animation-input"><float_array id="mixamorig7_LeftArm-Matrix-animation-input-array" count="22">

0.000000 0.033333 0.066667 0.100000 0.133333 0.166667 0.200000 0.233333 0.266667 0.300000 0.333333 0.366667 0.400000 0.433333 0.466667 0.500000
0.533333 0.566667 0.600000 0.633333 0.666667 0.700000</float_array><technique_common><accessor source="#mixamorig7_LeftArm-Matrix-animation-input-array" count="22"><param name="TIME" type="float"/></accessor></technique_common></source><source id="mixamorig7_LeftArm-Matrix-animation-output-transform"><float_array id="mixamorig7_LeftArm-Matrix-animation-output-transform-array" count="352">

0.840889 0.524515 -0.133382 0.000000 -0.442672 0.524789 -0.727075 14.016100 -0.311364 0.670433 0.673477 -0.000000 0.000000 0.000000 0.000000 1.000000
0.818944 0.561686 -0.117641 0.000000 -0.475814 0.549985 -0.686380 14.016100 -0.320830 0.618082 0.717665 -0.000000 0.000000 0.000000 0.000000 1.000000
0.808479 0.584216 -0.071084 -0.000000 -0.485593 0.593953 -0.641420 14.016100 -0.332507 0.553092 0.763890 0.000000 0.000000 0.000000 0.000000 1.000000
0.804802 0.593418 -0.012201 0.000000 -0.482352 0.641918 -0.596052 14.016100 -0.345876 0.485590 0.802853 0.000000 0.000000 0.000000 0.000000 1.000000
0.804285 0.592916 0.039708 0.000000 -0.474048 0.680463 -0.558792 14.016100 -0.358337 0.430605 0.828356 0.000000 0.000000 0.000000 0.000000 1.000000
0.813053 0.578127 0.068658 0.000000 -0.458884 0.708955 -0.535545 14.016100 -0.358289 0.403920 0.841711 0.000000 0.000000 0.000000 0.000000 1.000000
0.844699 0.530974 0.067459 0.000000 -0.422607 0.738968 -0.524718 14.016100 -0.328461 0.414720 0.848599 0.000000 0.000000 0.000000 0.000000 1.000000
0.900037 0.434163 0.037898 -0.000000 -0.350824 0.773365 -0.528042 14.016100 -0.258565 0.461962 0.848372 0.000000 0.000000 0.000000 0.000000 1.000000
0.955627 0.294472 -0.007913 0.000000 -0.248787 0.792400 -0.556963 14.016100 -0.157740 0.534218 0.830500 -0.000000 0.000000 0.000000 0.000000 1.000000
0.987401 0.150293 -0.049501 0.000000 -0.148968 0.777425 -0.611081 14.016100 -0.053358 0.610756 0.790019 0.000000 0.000000 0.000000 0.000000 1.000000
0.995989 0.043313 -0.078294 0.000000 -0.084541 0.742123 -0.664911 14.016100 0.029305 0.668863 0.742808 -0.000000 0.000000 0.000000 0.000000 1.000000
0.994283 -0.013371 -0.105941 0.000000 -0.064177 0.718118 -0.692956 14.016100 0.085344 0.695793 0.713154 -0.000000 0.000000 0.000000 0.000000 1.000000
0.989234 -0.031032 -0.143016 0.000000 -0.077069 0.720293 -0.689375 14.016100 0.124406 0.692975 0.710147 0.000000 0.000000 0.000000 0.000000 1.000000
0.982383 -0.027558 -0.184837 0.000000 -0.104351 0.739622 -0.664883 14.016100 0.155033 0.672458 0.723717 0.000000 0.000000 0.000000 0.000000 1.000000
0.975721 -0.014276 -0.218552 0.000000 -0.131833 0.758568 -0.638118 14.016100 0.174897 0.651437 0.738269 0.000000 0.000000 0.000000 0.000000 1.000000
0.972249 0.014754 -0.233484 -0.000000 -0.161361 0.764919 -0.623588 14.016100 0.169396 0.643958 0.746072 0.000000 0.000000 0.000000 0.000000 1.000000
0.971453 0.074081 -0.225369 0.000000 -0.202464 0.754024 -0.624865 14.016100 0.123643 0.652656 0.747498 -0.000000 0.000000 0.000000 0.000000 1.000000
0.966664 0.162612 -0.197783 0.000000 -0.253037 0.724823 -0.640784 14.016100 0.039159 0.669469 0.741807 0.000000 0.000000 0.000000 0.000000 1.000000
0.951865 0.260892 -0.160901 0.000000 -0.299620 0.681194 -0.667984 14.016100 -0.064667 0.684040 0.726573 -0.000000 0.000000 0.000000 0.000000 1.000000
0.926694 0.353186 -0.128443 -0.000000 -0.337558 0.631994 -0.697595 14.016100 -0.165205 0.689814 0.704886 0.000000 0.000000 0.000000 0.000000 1.000000
0.890977 0.439227 -0.115067 0.000000 -0.379323 0.580758 -0.720301 14.016100 -0.249550 0.685419 0.684051 -0.000000 0.000000 0.000000 0.000000 1.000000
