<?xml version="1.0" encoding="utf-8"?>
<COLLADA xmlns="http://www.collada.org/2005/11/COLLADASchema" version="1.4.1">
  <asset><contributor><author>Mixamo</author><authoring_tool>COLLADA Mixamo exporter</authoring_tool><comments></comments></contributor><created>2020-08-28T19:37:57Z</created><modified>2020-08-28T19:37:57Z</modified><revision></revision><title></title><unit meter="1.000000"/><up_axis>Y_UP</up_axis></asset>
  <library_animations>
    <animation id="Root-anim" name="Root"><source id="Root-Matrix-animation-input"><float_array id="Root-Matrix-animation-input-array" count="60">

0.000000 0.033333 0.066667 0.100000 0.133333 0.166667 0.200000 0.233333 0.266667 0.300000 0.333333 0.366667 0.400000 0.433333 0.466667 0.500000
0.533333 0.566667 0.600000 0.633333 0.666667 0.700000 0.733333 0.766667 0.800000 0.833333 0.866667 0.900000 0.933333 0.966667 1.000000 1.033333
1.066667 1.100000 1.133333 1.166667 1.200000 1.233333 1.266667 1.300000 1.333333 1.366667 1.400000 1.433333 1.466667 1.500000 1.533333 1.566667
1.600000 1.633333 1.666667 1.700000 1.733333 1.766667 1.800000 1.833333 1.866667 1.900000 1.933333 1.966667</float_array><technique_common><accessor source="#Root-Matrix-animation-input-array" count="60"><param name="TIME" type="float"/></accessor></technique_common></source><source id="Root-Matrix-animation-output-transform"><float_array id="Root-Matrix-animation-output-transform-array" count="960">

0.007299 0.000513 -0.006816 -0.055073 0.000023 0.009970 0.000776 -0.060115 0.006835 -0.000582 0.007276 0.056078 0.000000 0.000000 0.000000 1.000000
0.007296 0.000516 -0.006819 -0.055189 0.000024 0.009970 0.000779 -0.060003 0.006838 -0.000584 0.007273 0.056173 0.000000 0.000000 0.000000 1.000000
0.007294 0.000518 -0.006821 -0.055262 0.000024 0.009969 0.000782 -0.059891 0.006841 -0.000586 0.007271 0.056285 0.000000 0.000000 0.000000 1.000000
0.007294 0.000521 -0.006821 -0.055453 0.000022 0.009969 0.000785 -0.059763 0.006841 -0.000588 0.007271 0.056418 0.000000 0.000000 0.000000 1.000000
0.007297 0.000525 -0.006817 -0.055688 0.000020 0.009969 0.000789 -0.059621 0.006838 -0.000589 0.007273 0.056644 0.000000 0.000000 0.000000 1.000000
0.007302 0.000529 -0.006812 -0.055978 0.000018 0.009968 0.000793 -0.059461 0.006832 -0.000592 0.007278 0.057076 0.000000 0.000000 0.000000 1.000000
0.007308 0.000533 -0.006805 -0.056315 0.000018 0.009968 0.000800 -0.059275 0.006826 -0.000597 0.007283 0.057760 0.000000 0.000000 0.000000 1.000000
0.007312 0.000537 -0.006800 -0.056686 0.000018 0.009967 0.000807 -0.059048 0.006821 -0.000602 0.007288 0.058595 0.000000 0.000000 0.000000 1.000000
0.007315 0.000540 -0.006797 -0.056975 0.000019 0.009967 0.000812 -0.058778 0.006818 -0.000607 0.007290 0.059401 0.000000 0.000000 0.000000 1.000000
0.007316 0.000542 -0.006796 -0.057148 0.000019 0.009967 0.000816 -0.058485 0.006817 -0.000610 0.007290 0.060080 0.000000 0.000000 0.000000 1.000000
0.007315 0.000544 -0.006797 -0.057246 0.000019 0.009966 0.000818 -0.058206 0.006819 -0.000612 0.007289 0.060689 0.000000 0.000000 0.000000 1.000000
0.007312 0.000546 -0.006799 -0.057362 0.000020 0.009966 0.000821 -0.057970 0.006821 -0.000614 0.007287 0.061370 0.000000 0.000000 0.000000 1.000000
0.007311 0.000549 -0.006800 -0.057533 0.000021 0.009966 0.000827 -0.057792 0.006822 -0.000619 0.007285 0.062217 0.000000 0.000000 0.000000 1.000000
0.007313 0.000553 -0.006798 -0.057756 0.000022 0.009965 0.000835 -0.057640 0.006820 -0.000625 0.007286 0.063215 0.000000 0.000000 0.000000 1.000000
0.007318 0.000558 -0.006792 -0.058083 0.000022 0.009964 0.000843 -0.057455 0.006815 -0.000632 0.007291 0.064236 0.000000 0.000000 0.000000 1.000000
0.007324 0.000563 -0.006785 -0.058457 0.000022 0.009964 0.000850 -0.057197 0.006808 -0.000637 0.007297 0.065089 0.000000 0.000000 0.000000 1.000000
0.007327 0.000566 -0.006782 -0.058801 0.000020 0.009963 0.000854 -0.056878 0.006805 -0.000639 0.007299 0.065626 0.000000 0.000000 0.000000 1.000000
0.007325 0.000569 -0.006784 -0.059036 0.000018 0.009963 0.000855 -0.056551 0.006808 -0.000638 0.007297 0.065862 0.000000 0.000000 0.000000 1.000000
0.007320 0.000571 -0.006789 -0.059188 0.000016 0.009963 0.000854 -0.056264 0.006813 -0.000636 0.007292 0.065973 0.000000 0.000000 0.000000 1.000000
0.007316 0.000573 -0.006794 -0.059324 0.000014 0.009963 0.000855 -0.056040 0.006818 -0.000635 0.007288 0.066168 0.000000 0.000000 0.000000 1.000000
0.007315 0.000574 -0.006795 -0.059418 0.000013 0.009963 0.000856 -0.055876 0.006819 -0.000635 0.007287 0.066529 0.000000 0.000000 0.000000 1.000000
0.007316 0.000575 -0.006793 -0.059525 0.000013 0.009963 0.000858 -0.055740 0.006817 -0.000636 0.007288 0.067043 0.000000 0.000000 0.000000 1.000000
0.007319 0.000576 -0.006790 -0.059630 0.000014 0.009963 0.000860 -0.055606 0.006814 -0.000638 0.007291 0.067629 0.000000 0.000000 0.000000 1.000000
0.007322 0.000576 -0.006787 -0.059671 0.000015 0.009963 0.000861 -0.055470 0.006811 -0.000640 0.007293 0.068208 0.000000 0.000000 0.000000 1.000000
0.007323 0.000575 -0.006786 -0.059665 0.000016 0.009963 0.000861 -0.055346 0.006810 -0.000642 0.007295 0.068696 0.000000 0.000000 0.000000 1.000000
0.007322 0.000574 -0.006786 -0.059608 0.000017 0.009963 0.000861 -0.055258 0.006811 -0.000642 0.007294 0.069018 0.000000 0.000000 0.000000 1.000000
0.007320 0.000573 -0.006789 -0.059550 0.000017 0.009963 0.000859 -0.055207 0.006813 -0.000641 0.007292 0.069125 0.000000 0.000000 0.000000 1.000000
0.007318 0.000572 -0.006792 -0.059465 0.000017 0.009963 0.000857 -0.055184 0.006816 -0.000638 0.007290 0.069026 0.000000 0.000000 0.000000 1.000000
0.007316 0.000570 -0.006794 -0.059383 0.000016 0.009963 0.000853 -0.055183 0.006818 -0.000635 0.007288 0.068783 0.000000 0.000000 0.000000 1.000000
0.007314 0.000569 -0.006795 -0.059353 0.000015 0.009964 0.000851 -0.055218 0.006819 -0.000632 0.007287 0.068469 0.000000 0.000000 0.000000 1.000000
0.007313 0.000568 -0.006796 -0.059306 0.000014 0.009964 0.000848 -0.055331 0.006820 -0.000630 0.007286 0.068149 0.000000 0.000000 0.000000 1.000000
0.007313 0.000568 -0.006796 -0.059275 0.000014 0.009964 0.000847 -0.055529 0.006820 -0.000629 0.007286 0.067874 0.000000 0.000000 0.000000 1.000000
0.007315 0.000568 -0.006795 -0.059300 0.000014 0.009964 0.000848 -0.055774 0.006818 -0.000629 0.007288 0.067651 0.000000 0.000000 0.000000 1.000000
0.007318 0.000569 -0.006791 -0.059377 0.000013 0.009964 0.000848 -0.055995 0.006815 -0.000630 0.007291 0.067418 0.000000 0.000000 0.000000 1.000000
0.007321 0.000569 -0.006788 -0.059491 0.000012 0.009964 0.000849 -0.056128 0.006812 -0.000630 0.007294 0.067106 0.000000 0.000000 0.000000 1.000000
0.007322 0.000568 -0.006787 -0.059428 0.000012 0.009964 0.000846 -0.056187 0.006811 -0.000628 0.007295 0.066613 0.000000 0.000000 0.000000 1.000000
0.007320 0.000565 -0.006790 -0.059210 0.000012 0.009965 0.000841 -0.056230 0.006813 -0.000624 0.007293 0.065959 0.000000 0.000000 0.000000 1.000000
0.007316 0.000561 -0.006794 -0.058955 0.000012 0.009965 0.000837 -0.056342 0.006817 -0.000620 0.007290 0.065270 0.000000 0.000000 0.000000 1.000000
0.007313 0.000559 -0.006798 -0.058759 0.000013 0.009965 0.000833 -0.056563 0.006821 -0.000618 0.007287 0.064697 0.000000 0.000000 0.000000 1.000000
0.007313 0.000558 -0.006797 -0.058644 0.000013 0.009965 0.000832 -0.056870 0.006820 -0.000617 0.007287 0.064294 0.000000 0.000000 0.000000 1.000000
0.007316 0.000557 -0.006795 -0.058574 0.000014 0.009965 0.000831 -0.057187 0.006818 -0.000618 0.007290 0.064004 0.000000 0.000000 0.000000 1.000000
0.007318 0.000555 -0.006793 -0.058491 0.000015 0.009965 0.000830 -0.057440 0.006815 -0.000618 0.007292 0.063737 0.000000 0.000000 0.000000 1.000000
0.007317 0.000552 -0.006794 -0.058335 0.000016 0.009966 0.000828 -0.057613 0.006816 -0.000617 0.007291 0.063376 0.000000 0.000000 0.000000 1.000000
0.007313 0.000549 -0.006798 -0.058143 0.000018 0.009966 0.000824 -0.057741 0.006820 -0.000615 0.007288 0.062899 0.000000 0.000000 0.000000 1.000000
0.007308 0.000546 -0.006804 -0.057948 0.000019 0.009966 0.000820 -0.057882 0.006826 -0.000612 0.007283 0.062344 0.000000 0.000000 0.000000 1.000000
0.007304 0.000543 -0.006808 -0.057789 0.000020 0.009967 0.000817 -0.058071 0.006830 -0.000610 0.007279 0.061735 0.000000 0.000000 0.000000 1.000000
0.007302 0.000541 -0.006811 -0.057643 0.000020 0.009967 0.000814 -0.058310 0.006832 -0.000608 0.007277 0.061090 0.000000 0.000000 0.000000 1.000000
0.007302 0.000539 -0.006811 -0.057476 0.000020 0.009967 0.000810 -0.058564 0.006832 -0.000605 0.007277 0.060430 0.000000 0.000000 0.000000 1.000000
0.007304 0.000536 -0.006810 -0.057285 0.000020 0.009967 0.000807 -0.058793 0.006831 -0.000603 0.007279 0.059793 0.000000 0.000000 0.000000 1.000000
0.007306 0.000534 -0.006808 -0.057064 0.000021 0.009968 0.000803 -0.058980 0.006828 -0.000601 0.007281 0.059213 0.000000 0.000000 0.000000 1.000000
0.007307 0.000530 -0.006806 -0.056765 0.000022 0.009968 0.000800 -0.059140 0.006827 -0.000599 0.007282 0.058709 0.000000 0.000000 0.000000 1.000000
0.007307 0.000527 -0.006807 -0.056413 0.000023 0.009968 0.000796 -0.059300 0.006827 -0.000597 0.007282 0.058281 0.000000 0.000000 0.000000 1.000000
0.007305 0.000524 -0.006809 -0.056161 0.000024 0.009968 0.000793 -0.059463 0.006830 -0.000595 0.007280 0.057922 0.000000 0.000000 0.000000 1.000000
0.007301 0.000523 -0.006813 -0.055999 0.000024 0.009969 0.000791 -0.059621 0.006833 -0.000593 0.007277 0.057624 0.000000 0.000000 0.000000 1.000000
0.007299 0.000522 -0.006816 -0.055866 0.000024 0.009969 0.000789 -0.059760 0.006836 -0.000592 0.007275 0.057373 0.000000 0.000000 0.000000 1.000000
0.007297 0.000521 -0.006818 -0.055743 0.000024 0.009969 0.000787 -0.059870 0.006838 -0.000590 0.007273 0.057138 0.000000 0.000000 0.000000 1.000000
0.007297 0.000519 -0.006818 -0.055589 0.000024 0.009969 0.000784 -0.059956 0.006838 -0.000588 0.007273 0.056881 0.000000 0.000000 0.000000 1.000000
0.007298 0.000516 -0.006817 -0.055383 0.000024 0.009969 0.000781 -0.060027 0.006836 -0.000586 0.007275 0.056577 0.000000 0.000000 0.000000 1.000000
0.007299 0.000514 -0.006816 -0.055143 0.000024 0.009970 0.000777 -0.060089 0.006835 -0.000583 0.007276 0.056245 0.000000 0.000000 0.000000 1.000000
0.007299 0.000513 -0.006816 -0.055025 0.000024 0.009970 0.000775 -0.060119 0.006835 -0.000582 0.007276 0.056078 0.000000 0.000000 0.000000 1.000000</float_array><technique_common><accessor source="#Root-Matrix-animation-output-transform-array" count="60" stride="16"><param type="float4x4"/></accessor></technique_common></source><source id="Root-Interpolations"><Name_array id="Root-Interpolations-array" count="60">
 LINEAR LINEAR LINEAR LINEAR LINEAR LINEAR LINEAR LINEAR LINEAR LINEAR LINEAR
LINEAR LINEAR LINEAR LINEAR LINEAR LINEAR LINEAR LINEAR LINEAR LINEAR LINEAR LINEAR
LINEAR LINEAR LINEAR LINEAR LINEAR LINEAR LINEAR LINEAR LINEAR LINEAR LINEAR LINEAR
LINEAR LINEAR LINEAR LINEAR LINEAR LINEAR LINEAR LINEAR LINEAR LINEAR LINEAR LINEAR
LINEAR LINEAR LINEAR LINEAR LINEAR LINEAR LINEAR LINEAR LINEAR LINEAR LINEAR LINEAR
LINEAR</Name_array><technique_common><accessor source="#Root-Interpolations-array" count="60"><param type="name"/></accessor></technique_common></source><sampler id="Root-Matrix-animation-transform"><input semantic="INPUT" source="#Root-Matrix-animation-input"/><input semantic="OUTPUT" source="#Root-Matrix-animation-output-transform"/><input semantic="INTERPOLATION" source="#Root-Interpolations"/></sampler><channel source="#Root-Matrix-animation-transform" target="Root/matrix"/></animation>
    <animation id="Hips-anim" name="Hips"><source id="Hips-Matrix-animation-input"><float_array id="Hips-Matrix-animation-input-array" count="60">

0.000000 0.033333 0.066667 0.100000 0.133333 0.166667 0.200000 0.233333 0.266667 0.300000 0.333333 0.366667 0.400000 0.433333 0.466667 0.500000
0.533333 0.566667 0.600000 0.633333 0.666667 0.700000 0.733333 0.766667 0.800000 0.833333 0.866667 0.900000 0.933333 0.966667 1.000000 1.033333
1.066667 1.100000 1.133333 1.166667 1.200000 1.233333 1.266667 1.300000 1.333333 1.366667 1.400000 1.433333 1.466667 1.500000 1.533333 1.566667
1.600000 1.633333 1.666667 1.700000 1.733333 1.766667 1.800000 1.833333 1.866667 1.900000 1.933333 1.966667</float_array><technique_common><accessor source="#Hips-Matrix-animation-input-array" count="60"><param name="TIME" type="float"/></accessor></technique_common></source><source id="Hips-Matrix-animation-output-transform"><float_array id="Hips-Matrix-animation-output-transform-array" count="960">

-0.000001 0.000000 1.000000 -0.000000 0.988775 0.149411 0.000001 87.627602 -0.149411 0.988775 -0.000000 0.000000 0.000000 0.000000 0.000000 1.000000
-0.000001 0.000000 1.000000 0.000000 0.988775 0.149411 0.000001 87.627602 -0.149411 0.988775 -0.000000 -0.000000 0.000000 0.000000 0.000000 1.000000
-0.000001 0.000000 1.000000 0.000000 0.988775 0.149411 0.000001 87.627602 -0.149411 0.988775 -0.000000 0.000000 0.000000 0.000000 0.000000 1.000000
-0.000001 0.000000 1.000000 -0.000000 0.988775 0.149411 0.000001 87.627602 -0.149411 0.988775 -0.000000 -0.000000 0.000000 0.000000 0.000000 1.000000
-0.000001 0.000000 1.000000 -0.000000 0.988775 0.149411 0.000001 87.627602 -0.149411 0.988775 -0.000000 0.000000 0.000000 0.000000 0.000000 1.000000
-0.000001 0.000000 1.000000 0.000000 0.988775 0.149411 0.000001 87.627602 -0.149411 0.988775 -0.000000 -0.000000 0.000000 0.000000 0.000000 1.000000
-0.000001 0.000000 1.000000 0.000000 0.988775 0.149411 0.000001 87.627602 -0.149411 0.988775 -0.000000 -0.000000 0.000000 0.000000 0.000000 1.000000
-0.000001 0.000000 1.000000 0.000000 0.988775 0.149411 0.000001 87.627602 -0.149411 0.988775 -0.000000 0.000000 0.000000 0.000000 0.000000 1.000000
-0.000001 0.000000 1.000000 0.000000 0.988775 0.149411 0.000001 87.627602 -0.149411 0.988775 -0.000000 -0.000000 0.000000 0.000000 0.000000 1.000000
-0.000001 0.000000 1.000000 0.000000 0.988775 0.149411 0.000001 87.627602 -0.149411 0.988775 -0.000000 -0.000000 0.000000 0.000000 0.000000 1.000000
-0.000001 0.000000 1.000000 -0.000000 0.988775 0.149411 0.000001 87.627602 -0.149411 0.988775 -0.000000 0.000000 0.000000 0.000000 0.000000 1.000000
-0.000001 0.000000 1.000000 -0.000000 0.988775 0.149411 0.000001 87.627602 -0.149411 0.988775 -0.000000 -0.000000 0.000000 0.000000 0.000000 1.000000
-0.000001 0.000000 1.000000 0.000000 0.988775 0.149411 0.000001 87.627602 -0.149411 0.988775 -0.000000 0.000000 0.000000 0.000000 0.000000 1.000000
-0.000001 0.000000 1.000000 -0.000000 0.988775 0.149411 0.000001 87.627602 -0.149411 0.988775 -0.000000 0.000000 0.000000 0.000000 0.000000 1.000000
-0.000001 0.000000 1.000000 0.000000 0.988775 0.149411 0.000001 87.627602 -0.149411 0.988775 -0.000000 -0.000000 0.000000 0.000000 0.000000 1.000000
-0.000001 0.000000 1.000000 0.000000 0.988775 0.149411 0.000001 87.627602 -0.149411 0.988775 -0.000000 -0.000000 0.000000 0.000000 0.000000 1.000000
-0.000001 0.000000 1.000000 -0.000000 0.988775 0.149411 0.000001 87.627602 -0.149411 0.988775 -0.000000 0.000000 0.000000 0.000000 0.000000 1.000000
-0.000001 0.000000 1.000000 0.000000 0.988775 0.149411 0.000001 87.627602 -0.149411 0.988775 -0.000000 -0.000000 0.000000 0.000000 0.000000 1.000000
-0.000001 0.000000 1.000000 -0.000000 0.988775 0.149411 0.000001 87.627602 -0.149411 0.988775 -0.000000 0.000000 0.000000 0.000000 0.000000 1.000000
-0.000001 0.000000 1.000000 -0.000000 0.988775 0.149411 0.000001 87.627602 -0.149411 0.988775 -0.000000 -0.000000 0.000000 0.000000 0.000000 1.000000
-0.000001 0.000000 1.000000 0.000000 0.988775 0.149411 0.000001 87.627602 -0.149411 0.988775 -0.000000 -0.000000 0.000000 0.000000 0.000000 1.000000
-0.000001 0.000000 1.000000 -0.000000 0.988775 0.149411 0.000001 87.627602 -0.149411 0.988775 -0.000000 0.000000 0.000000 0.000000 0.000000 1.000000
-0.000001 0.000000 1.000000 -0.000000 0.988775 0.149411 0.000001 87.627602 -0.149411 0.988775 -0.000000 0.000000 0.000000 0.000000 0.000000 1.000000
-0.000001 0.000000 1.000000 0.000000 0.988775 0.149411 0.000001 87.627602 -0.149411 0.988775 -0.000000 0.000000 0.000000 0.000000 0.000000 1.000000
-0.000001 0.000000 1.000000 0.000000 0.988775 0.149411 0.000001 87.627602 -0.149411 0.988775 -0.000000 0.000000 0.000000 0.000000 0.000000 1.000000
-0.000001 0.000000 1.000000 -0.000000 0.988775 0.149411 0.000001 87.627602 -0.149411 0.988775 -0.000000 0.000000 0.000000 0.000000 0.000000 1.000000
-0.000001 0.000000 1.000000 0.000000 0.988775 0.149411 0.000001 87.627602 -0.149411 0.988775 -0.000000 -0.000000 0.000000 0.000000 0.000000 1.000000
-0.000001 0.000000 1.000000 0.000000 0.988775 0.149411 0.000001 87.627602 -0.149411 0.988775 -0.000000 0.000000 0.000000 0.000000 0.000000 1.000000
-0.000001 0.000000 1.000000 -0.000000 0.988775 0.149411 0.000001 87.627602 -0.149411 0.988775 -0.000000 0.000000 0.000000 0.000000 0.000000 1.000000
-0.000001 0.000000 1.000000 0.000000 0.988775 0.149411 0.000001 87.627602 -0.149411 0.988775 -0.000000 -0.000000 0.000000 0.000000 0.000000 1.000000
-0.000001 0.000000 1.000000 -0.000000 0.988775 0.149411 0.000001 87.627602 -0.149411 0.988775 -0.000000 0.000000 0.000000 0.000000 0.000000 1.000000
-0.000001 0.000000 1.000000 0.000000 0.988775 0.149411 0.000001 87.627602 -0.149411 0.988775 -0.000000 0.000000 0.000000 0.000000 0.000000 1.000000
-0.000001 0.000000 1.000000 0.000000 0.988775 0.149411 0.000001 87.627602 -0.149411 0.988775 -0.000000 0.000000 0.000000 0.000000 0.000000 1.000000
-0.000001 0.000000 1.000000 -0.000000 0.988775 0.149411 0.000001 87.627602 -0.149411 0.988775 -0.000000 0.000000 0.000000 0.000000 0.000000 1.000000
-0.000001 0.000000 1.000000 0.000000 0.988775 0.149411 0.000001 87.627602 -0.149411 0.988775 -0.000000 -0.000000 0.000000 0.000000 0.000000 1.000000
-0.000001 0.000000 1.000000 0.000000 0.988775 0.149411 0.000001 87.627602 -0.149411 0.988775 -0.000000 0.000000 0.000000 0.000000 0.000000 1.000000
-0.000001 0.000000 1.000000 0.000000 0.988775 0.149411 0.000001 87.627602 -0.149411 0.988775 -0.000000 0.000000 0.000000 0.000000 0.000000 1.000000
-0.000001 0.000000 1.000000 -0.000000 0.988775 0.149411 0.000001 87.627602 -0.149411 0.988775 -0.000000 0.000000 0.000000 0.000000 0.000000 1.000000
-0.000001 0.000000 1.000000 -0.000000 0.988775 0.149411 0.000001 87.627602 -0.149411 0.988775 -0.000000 -0.000000 0.000000 0.000000 0.000000 1.000000
-0.000001 0.000000 1.000000 -0.000000 0.988775 0.149411 0.000001 87.627602 -0.149411 0.988775 -0.000000 0.000000 0.000000 0.000000 0.000000 1.000000
-0.000001 0.000000 1.000000 -0.000000 0.988775 0.149411 0.000001 87.627602 -0.149411 0.988775 -0.000000 -0.000000 0.000000 0.000000 0.000000 1.000000
-0.000001 0.000000 1.000000 0.000000 0.988775 0.149411 0.000001 87.627602 -0.149411 0.988775 -0.000000 0.000000 0.000000 0.000000 0.000000 1.000000
-0.000001 0.000000 1.000000 0.000000 0.988775 0.149411 0.000001 87.627602 -0.149411 0.988775 -0.000000 -0.000000 0.000000 0.000000 0.000000 1.000000
-0.000001 0.000000 1.000000 -0.000000 0.988775 0.149411 0.000001 87.627602 -0.149411 0.988775 -0.000000 0.000000 0.000000 0.000000 0.000000 1.000000
-0.000001 0.000000 1.000000 -0.000000 0.988775 0.149411 0.000001 87.627602 -0.149411 0.988775 -0.000000 0.000000 0.000000 0.000000 0.000000 1.000000
-0.000001 0.000000 1.000000 -0.000000 0.988775 0.149411 0.000001 87.627602 -0.149411 0.988775 -0.000000 -0.000000 0.000000 0.000000 0.000000 1.000000
-0.000001 0.000000 1.000000 -0.000000 0.988775 0.149411 0.000001 87.627602 -0.149411 0.988775 -0.000000 0.000000 0.000000 0.000000 0.000000 1.000000
-0.000001 0.000000 1.000000 0.000000 0.988775 0.149411 0.000001 87.627602 -0.149411 0.988775 -0.000000 0.000000 0.000000 0.000000 0.000000 1.000000
-0.000001 0.000000 1.000000 -0.000000 0.988775 0.149411 0.000001 87.627602 -0.149411 0.988775 -0.000000 0.000000 0.000000 0.000000 0.000000 1.000000
-0.000001 0.000000 1.000000 -0.000000 0.988775 0.149411 0.000001 87.627602 -0.149411 0.988775 -0.000000 0.000000 0.000000 0.000000 0.000000 1.000000
-0.000001 0.000000 1.000000 0.000000 0.988775 0.149411 0.000001 87.627602 -0.149411 0.988775 -0.000000 -0.000000 0.000000 0.000000 0.000000 1.000000
-0.000001 0.000000 1.000000 -0.000000 0.988775 0.149411 0.000001 87.627602 -0.149411 0.988775 -0.000000 0.000000 0.000000 0.000000 0.000000 1.000000
-0.000001 0.000000 1.000000 0.000000 0.988775 0.149411 0.000001 87.627602 -0.149411 0.988775 -0.000000 0.000000 0.000000 0.000000 0.000000 1.000000
-0.000001 0.000000 1.000000 -0.000000 0.988775 0.149411 0.000001 87.627602 -0.149411 0.988775 -0.000000 0.000000 0.000000 0.000000 0.000000 1.000000
-0.000001 0.000000 1.000000 -0.000000 0.988775 0.149411 0.000001 87.627602 -0.149411 0.988775 -0.000000 0.000000 0.000000 0.000000 0.000000 1.000000
-0.000001 0.000000 1.000000 0.000000 0.988775 0.149411 0.000001 87.627602 -0.149411 0.988775 -0.000000 0.000000 0.000000 0.000000 0.000000 1.000000
-0.000001 0.000000 1.000000 0.000000 0.988775 0.149411 0.000001 87.627602 -0.149411 0.988775 -0.000000 0.000000 0.000000 0.000000 0.000000 1.000000
-0.000001 0.000000 1.000000 -0.000000 0.988775 0.149411 0.000001 87.627602 -0.149411 0.988775 -0.000000 0.000000 0.000000 0.000000 0.000000 1.000000
-0.000001 0.000000 1.000000 0.000000 0.988775 0.149411 0.000001 87.627602 -0.149411 0.988775 -0.000000 0.000000 0.000000 0.000000 0.000000 1.000000
-0.000001 0.000000 1.000000 -0.000000 0.988775 0.149411 0.000001 87.627602 -0.149411 0.988775 -0.000000 0.000000 0.000000 0.000000 0.000000 1.000000</float_array><technique_common><accessor source="#Hips-Matrix-animation-output-transform-array" count="60" stride="16"><param type="float4x4"/></accessor></technique_common></source><source id="Hips-Interpolations"><Name_array id="Hips-Interpolations-array" count="60">
 LINEAR LINEAR LINEAR LINEAR LINEAR LINEAR LINEAR LINEAR LINEAR LINEAR LINEAR
LINEAR LINEAR LINEAR LINEAR LINEAR LINEAR LINEAR LINEAR LINEAR LINEAR LINEAR LINEAR
LINEAR LINEAR LINEAR LINEAR LINEAR LINEAR LINEAR LINEAR LINEAR LINEAR LINEAR LINEAR
LINEAR LINEAR LINEAR LINEAR LINEAR LINEAR LINEAR LINEAR LINEAR LINEAR LINEAR LINEAR
LINEAR LINEAR LINEAR LINEAR LINEAR LINEAR LINEAR LINEAR LINEAR LINEAR LINEAR LINEAR
LINEAR</Name_array><technique_common><accessor source="#Hips-Interpolations-array" count="60"><param type="name"/></accessor></technique_common></source><sampler id="Hips-Matrix-animation-transform"><input semantic="INPUT" source="#Hips-Matrix-animation-input"/><input semantic="OUTPUT" source="#Hips-Matrix-animation-output-transform"/><input semantic="INTERPOLATION" source="#Hips-Interpolations"/></sampler><channel source="#Hips-Matrix-animation-transform" target="Hips/matrix"/></animation>
    <animation id="Spine_01-anim" name="Spine_01"><source id="Spine_01-Matrix-animation-input"><float_array id="Spine_01-Matrix-animation-input-array" count="60">

0.000000 0.033333 0.066667 0.100000 0.133333 0.166667 0.200000 0.233333 0.266667 0.300000 0.333333 0.366667 0.400000 0.433333 0.466667 0.500000
0.533333 0.566667 0.600000 0.633333 0.666667 0.700000 0.733333 0.766667 0.800000 0.833333 0.866667 0.900000 0.933333 0.966667 1.000000 1.033333
1.066667 1.100000 1.133333 1.166667 1.200000 1.233333 1.266667 1.300000 1.333333 1.366667 1.400000 1.433333 1.466667 1.500000 1.533333 1.566667
1.600000 1.633333 1.666667 1.700000 1.733333 1.766667 1.800000 1.833333 1.866667 1.900000 1.933333 1.966667</float_array><technique_common><accessor source="#Spine_01-Matrix-animation-input-array" count="60"><param name="TIME" type="float"/></accessor></technique_common></source><source id="Spine_01-Matrix-animation-output-transform"><float_array id="Spine_01-Matrix-animation-output-transform-array" count="960">

0.955138 0.296159 0.000998 10.393300 0.295069 -0.951901 0.082574 0.000000 0.025405 -0.078575 -0.996584 0.000000 0.000000 0.000000 0.000000 1.000000
0.955153 0.296110 0.000994 10.393300 0.295021 -0.951916 0.082574 0.000000 0.025398 -0.078578 -0.996584 0.000000 0.000000 0.000000 0.000000 1.000000
0.955186 0.296006 0.000977 10.393300 0.294918 -0.951948 0.082573 -0.000000 0.025372 -0.078584 -0.996585 0.000000 0.000000 0.000000 0.000000 1.000000
0.955235 0.295846 0.000939 10.393300 0.294763 -0.952001 0.082517 0.000000 0.025306 -0.078546 -0.996589 0.000000 0.000000 0.000000 0.000000 1.000000
0.955303 0.295627 0.000883 10.393300 0.294553 -0.952077 0.082383 0.000000 0.025195 -0.078441 -0.996600 -0.000000 0.000000 0.000000 0.000000 1.000000
0.955386 0.295358 0.000788 10.393300 0.294299 -0.952181 0.082098 0.000000 0.024998 -0.078203 -0.996624 0.000000 0.000000 0.000000 0.000000 1.000000
0.955481 0.295053 0.000695 10.393300 0.294009 -0.952295 0.081806 0.000000 0.024799 -0.077960 -0.996648 -0.000000 0.000000 0.000000 0.000000 1.000000
0.955590 0.294700 0.000606 10.393300 0.293669 -0.952415 0.081629 0.000000 0.024634 -0.077826 -0.996663 0.000000 0.000000 0.000000 0.000000 1.000000
0.955716 0.294291 0.000520 10.393300 0.293270 -0.952543 0.081576 -0.000000 0.024503 -0.077811 -0.996667 0.000000 0.000000 0.000000 0.000000 1.000000
0.955862 0.293816 0.000438 10.393300 0.292802 -0.952684 0.081614 0.000000 0.024397 -0.077883 -0.996664 -0.000000 0.000000 0.000000 0.000000 1.000000
0.956015 0.293317 0.000354 10.393300 0.292308 -0.952828 0.081697 0.000000 0.024300 -0.078000 -0.996657 0.000000 0.000000 0.000000 0.000000 1.000000
0.956159 0.292847 0.000257 10.393300 0.291846 -0.952962 0.081789 0.000000 0.024197 -0.078129 -0.996650 0.000000 0.000000 0.000000 0.000000 1.000000
0.956288 0.292428 0.000144 10.393300 0.291436 -0.953084 0.081834 0.000000 0.024068 -0.078215 -0.996646 0.000000 0.000000 0.000000 0.000000 1.000000
0.956407 0.292038 0.000020 10.393300 0.291058 -0.953205 0.081762 0.000000 0.023897 -0.078192 -0.996652 0.000000 0.000000 0.000000 0.000000 1.000000
0.956529 0.291639 -0.000108 10.393300 0.290675 -0.953339 0.081566 -0.000000 0.023684 -0.078052 -0.996668 0.000000 0.000000 0.000000 0.000000 1.000000
0.956661 0.291202 -0.000236 10.393300 0.290255 -0.953483 0.081373 -0.000000 0.023471 -0.077915 -0.996684 -0.000000 0.000000 0.000000 0.000000 1.000000
0.956804 0.290735 -0.000366 10.393300 0.289801 -0.953628 0.081295 -0.000000 0.023286 -0.077889 -0.996690 0.000000 0.000000 0.000000 0.000000 1.000000
0.956946 0.290267 -0.000479 10.393300 0.289342 -0.953763 0.081346 -0.000000 0.023155 -0.077982 -0.996686 -0.000000 0.000000 0.000000 0.000000 1.000000
0.957078 0.289830 -0.000572 10.393300 0.288911 -0.953885 0.081442 0.000000 0.023059 -0.078112 -0.996678 -0.000000 0.000000 0.000000 0.000000 1.000000
0.957192 0.289451 -0.000658 10.393300 0.288540 -0.953993 0.081495 0.000000 0.022961 -0.078196 -0.996674 0.000000 0.000000 0.000000 0.000000 1.000000
0.957295 0.289111 -0.000736 10.393300 0.288207 -0.954096 0.081467 0.000000 0.022851 -0.078200 -0.996676 0.000000 0.000000 0.000000 0.000000 1.000000
0.957393 0.288788 -0.000796 10.393300 0.287892 -0.954198 0.081390 0.000000 0.022745 -0.078152 -0.996682 0.000000 0.000000 0.000000 0.000000 1.000000
0.957488 0.288472 -0.000843 10.393300 0.287583 -0.954297 0.081321 0.000000 0.022655 -0.078107 -0.996688 -0.000000 0.000000 0.000000 0.000000 1.000000
0.957576 0.288180 -0.000882 10.393300 0.287295 -0.954386 0.081293 -0.000000 0.022585 -0.078098 -0.996690 0.000000 0.000000 0.000000 0.000000 1.000000
0.957648 0.287939 -0.000913 10.393300 0.287057 -0.954458 0.081297 0.000000 0.022537 -0.078116 -0.996690 0.000000 0.000000 0.000000 0.000000 1.000000
0.957697 0.287776 -0.000929 10.393300 0.286895 -0.954504 0.081329 -0.000000 0.022518 -0.078155 -0.996687 -0.000000 0.000000 0.000000 0.000000 1.000000
0.957712 0.287726 -0.000918 10.393300 0.286843 -0.954515 0.081377 0.000000 0.022538 -0.078199 -0.996683 0.000000 0.000000 0.000000 0.000000 1.000000
0.957687 0.287811 -0.000872 10.393300 0.286923 -0.954487 0.081428 0.000000 0.022603 -0.078233 -0.996679 -0.000000 0.000000 0.000000 0.000000 1.000000
0.957628 0.288006 -0.000809 10.393300 0.287112 -0.954425 0.081480 0.000000 0.022694 -0.078259 -0.996675 0.000000 0.000000 0.000000 0.000000 1.000000
0.957554 0.288252 -0.000739 10.393300 0.287350 -0.954349 0.081536 0.000000 0.022797 -0.078288 -0.996670 0.000000 0.000000 0.000000 0.000000 1.000000
0.957473 0.288521 -0.000674 10.393300 0.287612 -0.954265 0.081589 0.000000 0.022897 -0.078313 -0.996666 -0.000000 0.000000 0.000000 0.000000 1.000000
0.957375 0.288846 -0.000616 10.393300 0.287931 -0.954168 0.081609 0.000000 0.022985 -0.078308 -0.996664 0.000000 0.000000 0.000000 0.000000 1.000000
0.957254 0.289249 -0.000564 10.393300 0.288329 -0.954050 0.081583 0.000000 0.023060 -0.078259 -0.996666 -0.000000 0.000000 0.000000 0.000000 1.000000
0.957127 0.289668 -0.000514 10.393300 0.288744 -0.953928 0.081536 0.000000 0.023128 -0.078189 -0.996670 -0.000000 0.000000 0.000000 0.000000 1.000000
0.957012 0.290049 -0.000457 10.393300 0.289119 -0.953816 0.081515 0.000000 0.023207 -0.078143 -0.996672 0.000000 0.000000 0.000000 0.000000 1.000000
0.956913 0.290374 -0.000389 10.393300 0.289437 -0.953716 0.081558 0.000000 0.023312 -0.078157 -0.996668 0.000000 0.000000 0.000000 0.000000 1.000000
0.956821 0.290679 -0.000310 10.393300 0.289733 -0.953618 0.081651 0.000000 0.023438 -0.078216 -0.996661 0.000000 0.000000 0.000000 0.000000 1.000000
0.956724 0.290998 -0.000228 10.393300 0.290042 -0.953517 0.081738 -0.000000 0.023568 -0.078267 -0.996654 0.000000 0.000000 0.000000 0.000000 1.000000
0.956613 0.291362 -0.000164 10.393300 0.290399 -0.953406 0.081768 -0.000000 0.023668 -0.078268 -0.996651 -0.000000 0.000000 0.000000 0.000000 1.000000
0.956496 0.291745 -0.000133 10.393300 0.290779 -0.953292 0.081740 0.000000 0.023720 -0.078223 -0.996654 -0.000000 0.000000 0.000000 0.000000 1.000000
0.956389 0.292095 -0.000086 10.393300 0.291125 -0.953190 0.081700 0.000000 0.023782 -0.078162 -0.996657 0.000000 0.000000 0.000000 0.000000 1.000000
0.956300 0.292386 -0.000016 10.393300 0.291410 -0.953103 0.081700 -0.000000 0.023873 -0.078134 -0.996657 0.000000 0.000000 0.000000 0.000000 1.000000
0.956224 0.292636 0.000068 10.393300 0.291651 -0.953024 0.081766 0.000000 0.023992 -0.078167 -0.996652 0.000000 0.000000 0.000000 0.000000 1.000000
0.956147 0.292886 0.000157 10.393300 0.291891 -0.952940 0.081883 0.000000 0.024132 -0.078246 -0.996642 -0.000000 0.000000 0.000000 0.000000 1.000000
0.956061 0.293166 0.000252 10.393300 0.292159 -0.952845 0.082030 0.000000 0.024289 -0.078352 -0.996630 0.000000 0.000000 0.000000 0.000000 1.000000
0.955969 0.293467 0.000341 10.393300 0.292448 -0.952744 0.082171 0.000000 0.024439 -0.078454 -0.996618 0.000000 0.000000 0.000000 0.000000 1.000000
0.955873 0.293781 0.000421 10.393300 0.292752 -0.952643 0.082270 0.000000 0.024570 -0.078516 -0.996610 -0.000000 0.000000 0.000000 0.000000 1.000000
0.955778 0.294090 0.000498 10.393300 0.293053 -0.952545 0.082327 0.000000 0.024686 -0.078540 -0.996605 0.000000 0.000000 0.000000 0.000000 1.000000
0.955685 0.294389 0.000570 10.393300 0.293345 -0.952453 0.082353 0.000000 0.024786 -0.078537 -0.996603 -0.000000 0.000000 0.000000 0.000000 1.000000
0.955598 0.294672 0.000633 10.393300 0.293621 -0.952367 0.082371 0.000000 0.024875 -0.078527 -0.996602 -0.000000 0.000000 0.000000 0.000000 1.000000
0.955517 0.294934 0.000688 10.393300 0.293878 -0.952286 0.082386 -0.000000 0.024954 -0.078519 -0.996600 -0.000000 0.000000 0.000000 0.000000 1.000000
0.955443 0.295175 0.000733 10.393300 0.294114 -0.952211 0.082411 0.000000 0.025023 -0.078524 -0.996598 -0.000000 0.000000 0.000000 0.000000 1.000000
0.955378 0.295386 0.000754 10.393300 0.294321 -0.952142 0.082462 -0.000000 0.025076 -0.078560 -0.996594 0.000000 0.000000 0.000000 0.000000 1.000000
0.955322 0.295567 0.000756 10.393300 0.294500 -0.952082 0.082517 0.000000 0.025109 -0.078608 -0.996589 -0.000000 0.000000 0.000000 0.000000 1.000000
0.955272 0.295727 0.000759 10.393300 0.294658 -0.952030 0.082558 0.000000 0.025137 -0.078642 -0.996586 0.000000 0.000000 0.000000 0.000000 1.000000
0.955227 0.295873 0.000789 10.393300 0.294800 -0.951984 0.082574 0.000000 0.025183 -0.078644 -0.996585 0.000000 0.000000 0.000000 0.000000 1.000000
0.955189 0.295994 0.000828 10.393300 0.294918 -0.951948 0.082575 -0.000000 0.025230 -0.078631 -0.996584 -0.000000 0.000000 0.000000 0.000000 1.000000
0.955159 0.296091 0.000862 10.393300 0.295011 -0.951919 0.082577 0.000000 0.025271 -0.078620 -0.996584 0.000000 0.000000 0.000000 0.000000 1.000000
0.955132 0.296179 0.000881 10.393300 0.295098 -0.951892 0.082579 0.000000 0.025297 -0.078614 -0.996584 -0.000000 0.000000 0.000000 0.000000 1.000000
0.955121 0.296216 0.000889 10.393300 0.295134 -0.951880 0.082581 0.000000 0.025308 -0.078613 -0.996584 -0.000000 0.000000 0.000000 0.000000 1.000000</float_array><technique_common><accessor source="#Spine_01-Matrix-animation-output-transform-array" count="60" stride="16"><param type="float4x4"/></accessor></technique_common></source><source id="Spine_01-Interpolations"><Name_array id="Spine_01-Interpolations-array" count="60">
 LINEAR LINEAR LINEAR LINEAR LINEAR LINEAR LINEAR LINEAR LINEAR LINEAR LINEAR
LINEAR LINEAR LINEAR LINEAR LINEAR LINEAR LINEAR LINEAR LINEAR LINEAR LINEAR LINEAR
LINEAR LINEAR LINEAR LINEAR LINEAR LINEAR LINEAR LINEAR LINEAR LINEAR LINEAR LINEAR
LINEAR LINEAR LINEAR LINEAR LINEAR LINEAR LINEAR LINEAR LINEAR LINEAR LINEAR LINEAR
LINEAR LINEAR LINEAR LINEAR LINEAR LINEAR LINEAR LINEAR LINEAR LINEAR LINEAR LINEAR
LINEAR</Name_array><technique_common><accessor source="#Spine_01-Interpolations-array" count="60"><param type="name"/></accessor></technique_common></source><sampler id="Spine_01-Matrix-animation-transform"><input semantic="INPUT" source="#Spine_01-Matrix-animation-input"/><input semantic="OUTPUT" source="#Spine_01-Matrix-animation-output-transform"/><input semantic="INTERPOLATION" source="#Spine_01-Interpolations"/></sampler><channel source="#Spine_01-Matrix-animation-transform" target="Spine_01/matrix"/></animation>
    <animation id="Spine_02-anim" name="Spine_02"><source id="Spine_02-Matrix-animation-input"><float_array id="Spine_02-Matrix-animation-input-array" count="60">

0.000000 0.033333 0.066667 0.100000 0.133333 0.166667 0.200000 0.233333 0.266667 0.300000 0.333333 0.366667 0.400000 0.433333 0.466667 0.500000
0.533333 0.566667 0.600000 0.633333 0.666667 0.700000 0.733333 0.766667 0.800000 0.833333 0.866667 0.900000 0.933333 0.966667 1.000000 1.033333
1.066667 1.100000 1.133333 1.166667 1.200000 1.233333 1.266667 1.300000 1.333333 1.366667 1.400000 1.433333 1.466667 1.500000 1.533333 1.566667
1.600000 1.633333 1.666667 1.700000 1.733333 1.766667 1.800000 1.833333 1.866667 1.900000 1.933333 1.966667</float_array><technique_common><accessor source="#Spine_02-Matrix-animation-input-array" count="60"><param name="TIME" type="float"/></accessor></technique_common></source><source id="Spine_02-Matrix-animation-output-transform"><float_array id="Spine_02-Matrix-animation-output-transform-array" count="960">

0.999555 -0.008342 -0.028624 18.151199 -0.003561 -0.986593 0.163161 -0.000000 -0.029601 -0.162987 -0.986184 -0.000000 0.000000 0.000000 0.000000 1.000000
0.999557 -0.008238 -0.028611 18.151199 -0.003461 -0.986593 0.163162 0.000000 -0.029572 -0.162991 -0.986184 0.000000 0.000000 0.000000 0.000000 1.000000
0.999559 -0.008018 -0.028576 18.151199 -0.003250 -0.986594 0.163163 0.000000 -0.029501 -0.162998 -0.986185 0.000000 0.000000 0.000000 0.000000 1.000000
0.999564 -0.007678 -0.028501 18.151199 -0.002929 -0.986611 0.163063 0.000000 -0.029371 -0.162908 -0.986204 0.000000 0.000000 0.000000 0.000000 1.000000
0.999571 -0.007210 -0.028383 18.151199 -0.002494 -0.986653 0.162821 0.000000 -0.029178 -0.162680 -0.986247 0.000000 0.000000 0.000000 0.000000 1.000000
0.999582 -0.006625 -0.028154 18.151199 -0.001969 -0.986740 0.162295 0.000000 -0.028856 -0.162171 -0.986341 -0.000000 0.000000 0.000000 0.000000 1.000000
0.999592 -0.005965 -0.027935 18.151199 -0.001369 -0.986830 0.161755 0.000000 -0.028532 -0.161651 -0.986435 0.000000 0.000000 0.000000 0.000000 1.000000
0.999601 -0.005215 -0.027764 18.151199 -0.000665 -0.986882 0.161440 -0.000000 -0.028242 -0.161357 -0.986492 0.000000 0.000000 0.000000 0.000000 1.000000
0.999609 -0.004355 -0.027638 18.151199 0.000162 -0.986895 0.161365 0.000000 -0.027979 -0.161306 -0.986508 0.000000 0.000000 0.000000 0.000000 1.000000
0.999615 -0.003362 -0.027552 18.151199 0.001131 -0.986878 0.161464 0.000000 -0.027734 -0.161433 -0.986494 -0.000000 0.000000 0.000000 0.000000 1.000000
0.999620 -0.002321 -0.027477 18.151199 0.002152 -0.986845 0.161653 -0.000000 -0.027491 -0.161651 -0.986465 0.000000 0.000000 0.000000 0.000000 1.000000
0.999624 -0.001343 -0.027379 18.151199 0.003108 -0.986808 0.161864 0.000000 -0.027236 -0.161888 -0.986433 0.000000 0.000000 0.000000 0.000000 1.000000
0.999629 -0.000464 -0.027229 18.151199 0.003954 -0.986785 0.161984 0.000000 -0.026944 -0.162031 -0.986418 -0.000000 0.000000 0.000000 0.000000 1.000000
0.999635 0.000360 -0.027022 18.151199 0.004732 -0.986798 0.161885 -0.000000 -0.026607 -0.161954 -0.986440 -0.000000 0.000000 0.000000 0.000000 1.000000
0.999641 0.001211 -0.026775 18.151199 0.005522 -0.986850 0.161545 -0.000000 -0.026228 -0.161635 -0.986502 0.000000 0.000000 0.000000 0.000000 1.000000
0.999646 0.002139 -0.026533 18.151199 0.006391 -0.986899 0.161210 -0.000000 -0.025841 -0.161322 -0.986563 -0.000000 0.000000 0.000000 0.000000 1.000000
0.999649 0.003125 -0.026322 18.151199 0.007327 -0.986911 0.161100 0.000000 -0.025474 -0.161236 -0.986587 -0.000000 0.000000 0.000000 0.000000 1.000000
0.999649 0.004104 -0.026177 18.151199 0.008273 -0.986882 0.161233 0.000000 -0.025172 -0.161393 -0.986569 -0.000000 0.000000 0.000000 0.000000 1.000000
0.999647 0.005014 -0.026078 18.151199 0.009162 -0.986839 0.161448 -0.000000 -0.024925 -0.161630 -0.986537 -0.000000 0.000000 0.000000 0.000000 1.000000
0.999646 0.005804 -0.025975 18.151199 0.009928 -0.986810 0.161575 0.000000 -0.024694 -0.161776 -0.986519 -0.000000 0.000000 0.000000 0.000000 1.000000
0.999644 0.006520 -0.025863 18.151199 0.010615 -0.986808 0.161544 0.000000 -0.024468 -0.161761 -0.986527 -0.000000 0.000000 0.000000 0.000000 1.000000
0.999642 0.007197 -0.025773 18.151199 0.011267 -0.986822 0.161415 0.000000 -0.024272 -0.161648 -0.986550 0.000000 0.000000 0.000000 0.000000 1.000000
0.999638 0.007860 -0.025715 18.151199 0.011908 -0.986834 0.161300 0.000000 -0.024109 -0.161547 -0.986570 0.000000 0.000000 0.000000 0.000000 1.000000
0.999634 0.008471 -0.025682 18.151199 0.012505 -0.986833 0.161260 0.000000 -0.023978 -0.161522 -0.986578 -0.000000 0.000000 0.000000 0.000000 1.000000
0.999630 0.008973 -0.025665 18.151199 0.012999 -0.986823 0.161280 0.000000 -0.023880 -0.161554 -0.986575 0.000000 0.000000 0.000000 0.000000 1.000000
0.999627 0.009310 -0.025675 18.151199 0.013335 -0.986807 0.161350 -0.000000 -0.023834 -0.161632 -0.986563 -0.000000 0.000000 0.000000 0.000000 1.000000
0.999625 0.009409 -0.025729 18.151199 0.013443 -0.986791 0.161439 0.000000 -0.023870 -0.161724 -0.986547 0.000000 0.000000 0.000000 0.000000 1.000000
0.999624 0.009224 -0.025831 18.151199 0.013280 -0.986779 0.161525 -0.000000 -0.023999 -0.161807 -0.986530 0.000000 0.000000 0.000000 0.000000 1.000000
0.999624 0.008808 -0.025956 18.151199 0.012891 -0.986771 0.161608 0.000000 -0.024189 -0.161882 -0.986514 0.000000 0.000000 0.000000 0.000000 1.000000
0.999625 0.008287 -0.026090 18.151199 0.012401 -0.986762 0.161698 0.000000 -0.024405 -0.161961 -0.986495 -0.000000 0.000000 0.000000 0.000000 1.000000
0.999627 0.007719 -0.026208 18.151199 0.011861 -0.986755 0.161782 0.000000 -0.024612 -0.162033 -0.986478 0.000000 0.000000 0.000000 0.000000 1.000000
0.999630 0.007037 -0.026292 18.151199 0.011202 -0.986760 0.161803 -0.000000 -0.024805 -0.162037 -0.986473 -0.000000 0.000000 0.000000 0.000000 1.000000
0.999634 0.006197 -0.026339 18.151199 0.010379 -0.986779 0.161739 -0.000000 -0.024988 -0.161953 -0.986482 0.000000 0.000000 0.000000 0.000000 1.000000
0.999638 0.005323 -0.026376 18.151199 0.009520 -0.986805 0.161634 0.000000 -0.025167 -0.161826 -0.986498 -0.000000 0.000000 0.000000 0.000000 1.000000
