<?xml version="1.0" encoding="utf-8"?>
<COLLADA xmlns="http://www.collada.org/2005/11/COLLADASchema" version="1.4.1">
  <asset><contributor><author>Mixamo</author><authoring_tool>COLLADA Mixamo exporter</authoring_tool><comments></comments></contributor><created>2020-08-28T19:20:47Z</created><modified>2020-08-28T19:20:47Z</modified><revision></revision><title></title><unit meter="1.000000"/><up_axis>Y_UP</up_axis></asset>
  <library_animations>
    <animation id="Root-anim" name="Root"><source id="Root-Matrix-animation-input"><float_array id="Root-Matrix-animation-input-array" count="23">

0.000000 0.033333 0.066667 0.100000 0.133333 0.166667 0.200000 0.233333 0.266667 0.300000 0.333333 0.366667 0.400000 0.433333 0.466667 0.500000
0.533333 0.566667 0.600000 0.633333 0.666667 0.700000 0.733333</float_array><technique_common><accessor source="#Root-Matrix-animation-input-array" count="23"><param name="TIME" type="float"/></accessor></technique_common></source><source id="Root-Matrix-animation-output-transform"><float_array id="Root-Matrix-animation-output-transform-array" count="368">

0.009769 -0.000008 0.002135 0.010768 -0.000090 0.009990 0.000448 -0.067142 -0.002133 -0.000457 0.009759 0.062731 0.000000 0.000000 0.000000 1.000000
0.009653 0.000004 0.002610 0.005173 -0.000123 0.009990 0.000439 -0.068775 -0.002607 -0.000456 0.009643 0.065925 0.000000 0.000000 0.000000 1.000000
0.009556 0.000026 0.002948 -0.000326 -0.000140 0.009992 0.000367 -0.064287 -0.002945 -0.000392 0.009549 0.064788 0.000000 0.000000 0.000000 1.000000
0.009518 0.000033 0.003067 -0.001795 -0.000138 0.009994 0.000322 -0.054440 -0.003064 -0.000349 0.009512 0.068345 0.000000 0.000000 0.000000 1.000000
0.009547 0.000074 0.002975 -0.003466 -0.000176 0.009993 0.000316 -0.036336 -0.002971 -0.000354 0.009542 0.077064 0.000000 0.000000 0.000000 1.000000
0.009618 0.000265 0.002726 -0.013752 -0.000295 0.009995 0.000069 -0.016003 -0.002723 -0.000147 0.009621 0.061842 0.000000 0.000000 0.000000 1.000000
0.009688 0.000456 0.002435 -0.024999 -0.000414 0.009989 -0.000223 -0.003288 -0.002442 0.000115 0.009696 0.040982 0.000000 0.000000 0.000000 1.000000
0.009735 0.000560 0.002218 -0.029728 -0.000478 0.009980 -0.000422 0.001754 -0.002237 0.000305 0.009742 0.025185 0.000000 0.000000 0.000000 1.000000
0.009705 0.000728 0.002300 -0.038627 -0.000630 0.009968 -0.000497 -0.003471 -0.002329 0.000337 0.009719 0.019366 0.000000 0.000000 0.000000 1.000000
0.009659 0.000907 0.002426 -0.050887 -0.000791 0.009952 -0.000571 -0.023999 -0.002466 0.000359 0.009684 0.013664 0.000000 0.000000 0.000000 1.000000
0.009660 0.000984 0.002390 -0.054573 -0.000888 0.009948 -0.000506 -0.049953 -0.002427 0.000277 0.009697 0.015173 0.000000 0.000000 0.000000 1.000000
0.009680 0.000979 0.002311 -0.049555 -0.000924 0.009951 -0.000344 -0.070515 -0.002333 0.000120 0.009723 0.020967 0.000000 0.000000 0.000000 1.000000
0.009720 0.000969 0.002140 -0.046264 -0.000980 0.009952 -0.000055 -0.077774 -0.002135 -0.000157 0.009768 0.044018 0.000000 0.000000 0.000000 1.000000
0.009794 0.000936 0.001788 -0.044614 -0.000982 0.009950 0.000169 -0.070503 -0.001763 -0.000341 0.009837 0.066475 0.000000 0.000000 0.000000 1.000000
0.009864 0.000812 0.001432 -0.038057 -0.000859 0.009959 0.000267 -0.050899 -0.001404 -0.000386 0.009893 0.079128 0.000000 0.000000 0.000000 1.000000
0.009939 0.000641 0.000901 -0.028140 -0.000659 0.009977 0.000173 -0.021469 -0.000888 -0.000231 0.009958 0.072934 0.000000 0.000000 0.000000 1.000000
0.009991 0.000420 0.000030 -0.013755 -0.000421 0.009991 0.000023 0.006663 -0.000029 -0.000025 0.010000 0.061495 0.000000 0.000000 0.000000 1.000000
0.010000 0.000070 0.000003 0.011824 -0.000070 0.009998 -0.000163 0.018859 -0.000004 0.000163 0.009999 0.043037 0.000000 0.000000 0.000000 1.000000
0.009986 -0.000406 0.000347 0.049632 0.000416 0.009988 -0.000276 0.015938 -0.000335 0.000290 0.009990 0.026642 0.000000 0.000000 0.000000 1.000000
0.009940 -0.000705 0.000840 0.073036 0.000725 0.009971 -0.000213 0.008451 -0.000822 0.000273 0.009962 0.021639 0.000000 0.000000 0.000000 1.000000
0.009888 -0.000663 0.001336 0.068686 0.000675 0.009977 -0.000040 -0.008913 -0.001330 0.000130 0.009910 0.026483 0.000000 0.000000 0.000000 1.000000
0.009845 -0.000426 0.001704 0.046506 0.000402 0.009990 0.000176 -0.035030 -0.001710 -0.000104 0.009852 0.040481 0.000000 0.000000 0.000000 1.000000
0.009769 -0.000008 0.002135 0.010768 -0.000090 0.009990 0.000448 -0.067141 -0.002133 -0.000457 0.009759 0.062731 0.000000 0.000000 0.000000 1.000000</float_array><technique_common><accessor source="#Root-Matrix-animation-output-transform-array" count="23" stride="16"><param type="float4x4"/></accessor></technique_common></source><source id="Root-Interpolations"><Name_array id="Root-Interpolations-array" count="23">
 LINEAR LINEAR LINEAR LINEAR LINEAR LINEAR LINEAR LINEAR LINEAR LINEAR LINEAR
LINEAR LINEAR LINEAR LINEAR LINEAR LINEAR LINEAR LINEAR LINEAR LINEAR LINEAR LINEAR</Name_array><technique_common><accessor source="#Root-Interpolations-array" count="23"><param type="name"/></accessor></technique_common></source><sampler id="Root-Matrix-animation-transform"><input semantic="INPUT" source="#Root-Matrix-animation-input"/><input semantic="OUTPUT" source="#Root-Matrix-animation-output-transform"/><input semantic="INTERPOLATION" source="#Root-Interpolations"/></sampler><channel source="#Root-Matrix-animation-transform" target="Root/matrix"/></animation>
    <animation id="Hips-anim" name="Hips"><source id="Hips-Matrix-animation-input"><float_array id="Hips-Matrix-animation-input-array" count="23">

0.000000 0.033333 0.066667 0.100000 0.133333 0.166667 0.200000 0.233333 0.266667 0.300000 0.333333 0.366667 0.400000 0.433333 0.466667 0.500000
0.533333 0.566667 0.600000 0.633333 0.666667 0.700000 0.733333</float_array><technique_common><accessor source="#Hips-Matrix-animation-input-array" count="23"><param name="TIME" type="float"/></accessor></technique_common></source><source id="Hips-Matrix-animation-output-transform"><float_array id="Hips-Matrix-animation-output-transform-array" count="368">

-0.000001 0.000000 1.000000 -0.000000 0.988775 0.149411 0.000001 87.627602 -0.149411 0.988775 -0.000000 0.000000 0.000000 0.000000 0.000000 1.000000
-0.000001 0.000000 1.000000 0.000000 0.988775 0.149411 0.000001 87.627602 -0.149411 0.988775 -0.000000 0.000000 0.000000 0.000000 0.000000 1.000000
-0.000001 0.000000 1.000000 0.000000 0.988775 0.149411 0.000001 87.627602 -0.149411 0.988775 -0.000000 0.000000 0.000000 0.000000 0.000000 1.000000
-0.000001 0.000000 1.000000 0.000000 0.988775 0.149411 0.000001 87.627602 -0.149411 0.988775 -0.000000 0.000000 0.000000 0.000000 0.000000 1.000000
-0.000001 0.000000 1.000000 0.000000 0.988775 0.149411 0.000001 87.627602 -0.149411 0.988775 -0.000000 0.000000 0.000000 0.000000 0.000000 1.000000
-0.000001 0.000000 1.000000 0.000000 0.988775 0.149411 0.000001 87.627602 -0.149411 0.988775 -0.000000 0.000000 0.000000 0.000000 0.000000 1.000000
-0.000001 0.000000 1.000000 0.000000 0.988775 0.149411 0.000001 87.627602 -0.149411 0.988775 -0.000000 -0.000000 0.000000 0.000000 0.000000 1.000000
-0.000001 0.000000 1.000000 0.000000 0.988775 0.149411 0.000001 87.627602 -0.149411 0.988775 -0.000000 -0.000000 0.000000 0.000000 0.000000 1.000000
-0.000001 0.000000 1.000000 0.000000 0.988775 0.149411 0.000001 87.627602 -0.149411 0.988775 -0.000000 0.000000 0.000000 0.000000 0.000000 1.000000
-0.000001 0.000000 1.000000 -0.000000 0.988775 0.149411 0.000001 87.627602 -0.149411 0.988775 -0.000000 0.000000 0.000000 0.000000 0.000000 1.000000
-0.000001 0.000000 1.000000 0.000000 0.988775 0.149411 0.000001 87.627602 -0.149411 0.988775 -0.000000 0.000000 0.000000 0.000000 0.000000 1.000000
-0.000001 0.000000 1.000000 0.000000 0.988775 0.149411 0.000001 87.627602 -0.149411 0.988775 -0.000000 0.000000 0.000000 0.000000 0.000000 1.000000
-0.000001 0.000000 1.000000 -0.000000 0.988775 0.149411 0.000001 87.627602 -0.149411 0.988775 -0.000000 -0.000000 0.000000 0.000000 0.000000 1.000000
-0.000001 0.000000 1.000000 0.000000 0.988775 0.149411 0.000001 87.627602 -0.149411 0.988775 -0.000000 0.000000 0.000000 0.000000 0.000000 1.000000
-0.000001 0.000000 1.000000 0.000000 0.988775 0.149411 0.000001 87.627602 -0.149411 0.988775 -0.000000 -0.000000 0.000000 0.000000 0.000000 1.000000
-0.000001 0.000000 1.000000 -0.000000 0.988775 0.149411 0.000001 87.627602 -0.149411 0.988775 -0.000000 0.000000 0.000000 0.000000 0.000000 1.000000
-0.000001 0.000000 1.000000 -0.000000 0.988775 0.149411 0.000001 87.627602 -0.149411 0.988775 -0.000000 0.000000 0.000000 0.000000 0.000000 1.000000
-0.000001 0.000000 1.000000 0.000000 0.988775 0.149411 0.000001 87.627602 -0.149411 0.988775 -0.000000 -0.000000 0.000000 0.000000 0.000000 1.000000
-0.000001 0.000000 1.000000 0.000000 0.988775 0.149411 0.000001 87.627602 -0.149411 0.988775 -0.000000 0.000000 0.000000 0.000000 0.000000 1.000000
-0.000001 0.000000 1.000000 0.000000 0.988775 0.149411 0.000001 87.627602 -0.149411 0.988775 -0.000000 -0.000000 0.000000 0.000000 0.000000 1.000000
-0.000001 0.000000 1.000000 0.000000 0.988775 0.149411 0.000001 87.627602 -0.149411 0.988775 -0.000000 0.000000 0.000000 0.000000 0.000000 1.000000
-0.000001 0.000000 1.000000 0.000000 0.988775 0.149411 0.000001 87.627602 -0.149411 0.988775 -0.000000 0.000000 0.000000 0.000000 0.000000 1.000000
-0.000001 0.000000 1.000000 0.000000 0.988775 0.149411 0.000001 87.627602 -0.149411 0.988775 -0.000000 0.000000 0.000000 0.000000 0.000000 1.000000</float_array><technique_common><accessor source="#Hips-Matrix-animation-output-transform-array" count="23" stride="16"><param type="float4x4"/></accessor></technique_common></source><source id="Hips-Interpolations"><Name_array id="Hips-Interpolations-array" count="23">
 LINEAR LINEAR LINEAR LINEAR LINEAR LINEAR LINEAR LINEAR LINEAR LINEAR LINEAR
LINEAR LINEAR LINEAR LINEAR LINEAR LINEAR LINEAR LINEAR LINEAR LINEAR LINEAR LINEAR</Name_array><technique_common><accessor source="#Hips-Interpolations-array" count="23"><param type="name"/></accessor></technique_common></source><sampler id="Hips-Matrix-animation-transform"><input semantic="INPUT" source="#Hips-Matrix-animation-input"/><input semantic="OUTPUT" source="#Hips-Matrix-animation-output-transform"/><input semantic="INTERPOLATION" source="#Hips-Interpolations"/></sampler><channel source="#Hips-Matrix-animation-transform" target="Hips/matrix"/></animation>
    <animation id="Spine_01-anim" name="Spine_01"><source id="Spine_01-Matrix-animation-input"><float_array id="Spine_01-Matrix-animation-input-array" count="23">

0.000000 0.033333 0.066667 0.100000 0.133333 0.166667 0.200000 0.233333 0.266667 0.300000 0.333333 0.366667 0.400000 0.433333 0.466667 0.500000
0.533333 0.566667 0.600000 0.633333 0.666667 0.700000 0.733333</float_array><technique_common><accessor source="#Spine_01-Matrix-animation-input-array" count="23"><param name="TIME" type="float"/></accessor></technique_common></source><source id="Spine_01-Matrix-animation-output-transform"><float_array id="Spine_01-Matrix-animation-output-transform-array" count="368">

0.949237 0.314558 -0.001599 10.393300 0.311904 -0.940545 0.134501 0.000000 0.040804 -0.128172 -0.990912 0.000000 0.000000 0.000000 0.000000 1.000000
0.947938 0.318456 -0.000185 10.393300 0.317061 -0.943732 0.094029 0.000000 0.029769 -0.089193 -0.995569 0.000000 0.000000 0.000000 0.000000 1.000000
0.948901 0.315254 0.014192 10.393300 0.314014 -0.947723 0.056715 0.000000 0.031330 -0.049361 -0.998290 0.000000 0.000000 0.000000 0.000000 1.000000
0.952107 0.304369 0.029167 10.393300 0.303277 -0.952199 0.036613 0.000000 0.038917 -0.026013 -0.998904 0.000000 0.000000 0.000000 0.000000 1.000000
0.955966 0.291254 0.036053 10.393300 0.290617 -0.956588 0.021917 0.000000 0.040871 -0.010475 -0.999110 0.000000 0.000000 0.000000 0.000000 1.000000
0.962290 0.269373 0.037888 10.393300 0.269502 -0.962998 0.001747 0.000000 0.036957 0.008530 -0.999280 0.000000 0.000000 0.000000 0.000000 1.000000
0.968216 0.246627 0.041632 10.393300 0.247461 -0.968763 -0.016140 0.000000 0.036351 0.025929 -0.999003 -0.000000 0.000000 0.000000 0.000000 1.000000
0.970535 0.237314 0.041769 10.393300 0.238595 -0.970690 -0.028869 0.000000 0.033694 0.037984 -0.998710 -0.000000 0.000000 0.000000 0.000000 1.000000
0.970460 0.239192 0.031533 10.393300 0.240375 -0.969794 -0.041473 0.000000 0.020661 0.047827 -0.998642 0.000000 0.000000 0.000000 0.000000 1.000000
0.969314 0.244748 0.023012 10.393300 0.245630 -0.968030 -0.050824 0.000000 0.009837 0.054917 -0.998442 -0.000000 0.000000 0.000000 0.000000 1.000000
0.964537 0.263623 0.013104 10.393300 0.263943 -0.963632 -0.041806 0.000000 0.001606 0.043782 -0.999040 -0.000000 0.000000 0.000000 0.000000 1.000000
0.955017 0.296469 -0.006989 10.393300 0.296309 -0.954924 -0.017893 0.000000 -0.011979 0.015018 -0.999815 0.000000 0.000000 0.000000 0.000000 1.000000
0.943560 0.329506 -0.033472 10.393300 0.330174 -0.943771 0.016774 0.000000 -0.026062 -0.026879 -0.999299 -0.000000 0.000000 0.000000 0.000000 1.000000
0.940732 0.336116 -0.045271 10.393300 0.338322 -0.939361 0.056026 0.000000 -0.023695 -0.068022 -0.997402 0.000000 0.000000 0.000000 0.000000 1.000000
0.948050 0.316746 -0.029536 10.393300 0.318110 -0.944658 0.080171 0.000000 -0.002507 -0.085401 -0.996343 0.000000 0.000000 0.000000 0.000000 1.000000
0.958571 0.284480 -0.014605 10.393300 0.284126 -0.951200 0.120374 0.000000 0.020352 -0.119537 -0.992621 0.000000 0.000000 0.000000 0.000000 1.000000
0.966838 0.255388 -0.001409 10.393300 0.251488 -0.951084 0.179426 0.000000 0.044483 -0.173830 -0.983771 -0.000000 0.000000 0.000000 0.000000 1.000000
0.969383 0.243502 0.031663 10.393300 0.232968 -0.952775 0.194797 0.000000 0.077601 -0.181456 -0.980332 -0.000000 0.000000 0.000000 0.000000 1.000000
0.966973 0.244572 0.071754 10.393300 0.227240 -0.954746 0.191892 0.000000 0.115439 -0.169249 -0.978789 -0.000000 0.000000 0.000000 0.000000 1.000000
0.962386 0.258834 0.082573 10.393300 0.240866 -0.953453 0.181414 0.000000 0.125685 -0.154701 -0.979934 0.000000 0.000000 0.000000 0.000000 1.000000
0.959430 0.273490 0.068543 10.393300 0.258765 -0.950661 0.171129 -0.000000 0.111963 -0.146449 -0.982862 -0.000000 0.000000 0.000000 0.000000 1.000000
0.956080 0.290149 0.041524 10.393300 0.280349 -0.946585 0.159313 -0.000000 0.085530 -0.140675 -0.986354 0.000000 0.000000 0.000000 0.000000 1.000000
0.949237 0.314558 -0.001599 10.393300 0.311904 -0.940545 0.134501 0.000000 0.040804 -0.128172 -0.990912 0.000000 0.000000 0.000000 0.000000 1.000000</float_array><technique_common><accessor source="#Spine_01-Matrix-animation-output-transform-array" count="23" stride="16"><param type="float4x4"/></accessor></technique_common></source><source id="Spine_01-Interpolations"><Name_array id="Spine_01-Interpolations-array" count="23">
 LINEAR LINEAR LINEAR LINEAR LINEAR LINEAR LINEAR LINEAR LINEAR LINEAR LINEAR
LINEAR LINEAR LINEAR LINEAR LINEAR LINEAR LINEAR LINEAR LINEAR LINEAR LINEAR LINEAR</Name_array><technique_common><accessor source="#Spine_01-Interpolations-array" count="23"><param type="name"/></accessor></technique_common></source><sampler id="Spine_01-Matrix-animation-transform"><input semantic="INPUT" source="#Spine_01-Matrix-animation-input"/><input semantic="OUTPUT" source="#Spine_01-Matrix-animation-output-transform"/><input semantic="INTERPOLATION" source="#Spine_01-Interpolations"/></sampler><channel source="#Spine_01-Matrix-animation-transform" target="Spine_01/matrix"/></animation>
    <animation id="Spine_02-anim" name="Spine_02"><source id="Spine_02-Matrix-animation-input"><float_array id="Spine_02-Matrix-animation-input-array" count="23">

0.000000 0.033333 0.066667 0.100000 0.133333 0.166667 0.200000 0.233333 0.266667 0.300000 0.333333 0.366667 0.400000 0.433333 0.466667 0.500000
0.533333 0.566667 0.600000 0.633333 0.666667 0.700000 0.733333</float_array><technique_common><accessor source="#Spine_02-Matrix-animation-input-array" count="23"><param name="TIME" type="float"/></accessor></technique_common></source><source id="Spine_02-Matrix-animation-output-transform"><float_array id="Spine_02-Matrix-animation-output-transform-array" count="368">

0.983818 0.178497 -0.015487 18.151199 0.179110 -0.982020 0.059637 0.000000 -0.004564 -0.061446 -0.998100 0.000000 0.000000 0.000000 0.000000 1.000000
0.984154 0.176994 -0.010685 18.151199 0.177289 -0.983271 0.041795 0.000000 -0.003109 -0.043027 -0.999069 0.000000 0.000000 0.000000 0.000000 1.000000
0.983837 0.178781 -0.010144 18.151199 0.178980 -0.983551 0.024366 0.000000 -0.005621 -0.025788 -0.999652 -0.000000 0.000000 0.000000 0.000000 1.000000
0.983252 0.181915 -0.011090 18.151199 0.182066 -0.983178 0.014629 -0.000000 -0.008242 -0.016403 -0.999831 0.000000 0.000000 0.000000 0.000000 1.000000
0.982496 0.185889 -0.012143 18.151199 0.185989 -0.982521 0.007743 -0.000000 -0.010491 -0.009866 -0.999896 0.000000 0.000000 0.000000 0.000000 1.000000
0.981296 0.192220 -0.010472 18.151199 0.192219 -0.981351 -0.001091 -0.000000 -0.010487 -0.000942 -0.999945 0.000000 0.000000 0.000000 0.000000 1.000000
0.980307 0.197388 -0.005918 18.151199 0.197334 -0.980298 -0.008651 -0.000000 -0.007509 0.007313 -0.999945 0.000000 0.000000 0.000000 0.000000 1.000000
0.979745 0.200220 -0.003476 18.151199 0.200154 -0.979664 -0.014061 -0.000000 -0.006220 0.013080 -0.999895 0.000000 0.000000 0.000000 0.000000 1.000000
0.979242 0.202692 0.000513 18.151199 0.202665 -0.979061 -0.019132 0.000000 -0.003376 0.018839 -0.999817 0.000000 0.000000 0.000000 0.000000 1.000000
0.978715 0.205155 0.005300 18.151199 0.205223 -0.978455 -0.022581 0.000000 0.000553 0.023188 -0.999731 0.000000 0.000000 0.000000 0.000000 1.000000
0.978235 0.207461 0.004096 18.151199 0.207502 -0.978059 -0.018558 0.000000 0.000156 0.019004 -0.999819 -0.000000 0.000000 0.000000 0.000000 1.000000
0.977809 0.209333 -0.008375 18.151199 0.209259 -0.977820 -0.008870 -0.000000 -0.010046 0.006920 -0.999926 -0.000000 0.000000 0.000000 0.000000 1.000000
0.978124 0.206520 -0.024970 18.151199 0.206729 -0.978379 0.006075 -0.000000 -0.023175 -0.011105 -0.999670 -0.000000 0.000000 0.000000 0.000000 1.000000
0.977951 0.205237 -0.038595 18.151199 0.206205 -0.978238 0.023006 0.000000 -0.033033 -0.030458 -0.998990 0.000000 0.000000 0.000000 0.000000 1.000000
0.976879 0.208757 -0.046141 18.151199 0.210313 -0.977114 0.031881 0.000000 -0.038430 -0.040848 -0.998426 0.000000 0.000000 0.000000 0.000000 1.000000
0.975297 0.214474 -0.052881 18.151199 0.217020 -0.974972 0.048284 0.000000 -0.041202 -0.058568 -0.997433 0.000000 0.000000 0.000000 0.000000 1.000000
0.974647 0.216461 -0.056638 18.151199 0.220333 -0.972570 0.074571 -0.000000 -0.038942 -0.085160 -0.995606 0.000000 0.000000 0.000000 0.000000 1.000000
0.976833 0.207912 -0.050684 18.151199 0.211538 -0.973948 0.081711 0.000000 -0.032375 -0.090539 -0.995367 0.000000 0.000000 0.000000 0.000000 1.000000
0.979750 0.195192 -0.044609 18.151199 0.198266 -0.976868 0.080122 0.000000 -0.027938 -0.087344 -0.995786 0.000000 0.000000 0.000000 0.000000 1.000000
0.981795 0.185841 -0.039271 18.151199 0.188371 -0.979182 0.075623 0.000000 -0.024400 -0.081644 -0.996363 -0.000000 0.000000 0.000000 0.000000 1.000000
0.982782 0.181962 -0.032075 18.151199 0.183856 -0.980306 0.072090 0.000000 -0.018326 -0.076746 -0.996882 0.000000 0.000000 0.000000 0.000000 1.000000
0.983354 0.180124 -0.023895 18.151199 0.181360 -0.981041 0.068319 0.000000 -0.011136 -0.071515 -0.997377 0.000000 0.000000 0.000000 0.000000 1.000000
0.983818 0.178497 -0.015488 18.151199 0.179110 -0.982020 0.059637 -0.000000 -0.004564 -0.061446 -0.998100 -0.000000 0.000000 0.000000 0.000000 1.000000</float_array><technique_common><accessor source="#Spine_02-Matrix-animation-output-transform-array" count="23" stride="16"><param type="float4x4"/></accessor></technique_common></source><source id="Spine_02-Interpolations"><Name_array id="Spine_02-Interpolations-array" count="23">
 LINEAR LINEAR LINEAR LINEAR LINEAR LINEAR LINEAR LINEAR LINEAR LINEAR LINEAR
LINEAR LINEAR LINEAR LINEAR LINEAR LINEAR LINEAR LINEAR LINEAR LINEAR LINEAR LINEAR</Name_array><technique_common><accessor source="#Spine_02-Interpolations-array" count="23"><param type="name"/></accessor></technique_common></source><sampler id="Spine_02-Matrix-animation-transform"><input semantic="INPUT" source="#Spine_02-Matrix-animation-input"/><input semantic="OUTPUT" source="#Spine_02-Matrix-animation-output-transform"/><input semantic="INTERPOLATION" source="#Spine_02-Interpolations"/></sampler><channel source="#Spine_02-Matrix-animation-transform" target="Spine_02/matrix"/></animation>
    <animation id="Spine_03-anim" name="Spine_03"><source id="Spine_03-Matrix-animation-input"><float_array id="Spine_03-Matrix-animation-input-array" count="23">

0.000000 0.033333 0.066667 0.100000 0.133333 0.166667 0.200000 0.233333 0.266667 0.300000 0.333333 0.366667 0.400000 0.433333 0.466667 0.500000
0.533333 0.566667 0.600000 0.633333 0.666667 0.700000 0.733333</float_array><technique_common><accessor source="#Spine_03-Matrix-animation-input-array" count="23"><param name="TIME" type="float"/></accessor></technique_common></source><source id="Spine_03-Matrix-animation-output-transform"><float_array id="Spine_03-Matrix-animation-output-transform-array" count="368">

0.971561 0.236754 0.004112 17.903700 0.236060 -0.969785 0.061581 0.000000 0.018567 -0.058859 -0.998094 0.000000 0.000000 0.000000 0.000000 1.000000
0.971143 0.238483 0.002785 17.903700 0.238145 -0.970271 0.043139 0.000000 0.012990 -0.041231 -0.999065 0.000000 0.000000 0.000000 0.000000 1.000000
0.971523 0.236880 0.005513 17.903700 0.236665 -0.971246 0.025916 0.000000 0.011494 -0.023873 -0.999649 0.000000 0.000000 0.000000 0.000000 1.000000
0.972234 0.233864 0.008244 17.903700 0.233707 -0.972166 0.016532 0.000000 0.011881 -0.014146 -0.999829 0.000000 0.000000 0.000000 0.000000 1.000000
0.973132 0.230005 0.010564 17.903700 0.229904 -0.973162 0.009958 0.000000 0.012571 -0.007262 -0.999895 0.000000 0.000000 0.000000 0.000000 1.000000
0.974577 0.223800 0.010599 17.903700 0.223803 -0.974634 0.000945 0.000000 0.010542 0.001451 -0.999943 0.000000 0.000000 0.000000 0.000000 1.000000
0.975749 0.218760 0.007610 17.903700 0.218815 -0.975738 -0.007381 0.000000 0.005811 0.008867 -0.999944 0.000000 0.000000 0.000000 0.000000 1.000000
0.976357 0.216072 0.006344 17.903700 0.216140 -0.976273 -0.013216 0.000000 0.003338 0.014275 -0.999893 -0.000000 0.000000 0.000000 0.000000 1.000000
0.976868 0.213814 0.003553 17.903700 0.213842 -0.976682 -0.019082 0.000000 -0.000609 0.019400 -0.999812 -0.000000 0.000000 0.000000 0.000000 1.000000
0.977344 0.211655 -0.000297 17.903700 0.211590 -0.977074 -0.023571 -0.000000 -0.005279 0.022975 -0.999722 0.000000 0.000000 0.000000 0.000000 1.000000
0.977805 0.209516 0.000189 17.903700 0.209479 -0.977618 -0.019511 0.000000 -0.003903 0.019118 -0.999810 0.000000 0.000000 0.000000 0.000000 1.000000
0.978161 0.207581 0.010584 17.903700 0.207665 -0.978171 -0.007576 0.000000 0.008780 0.009608 -0.999915 0.000000 0.000000 0.000000 0.000000 1.000000
0.977328 0.210348 0.024155 17.903700 0.210153 -0.977614 0.010350 -0.000000 0.025791 -0.005039 -0.999655 0.000000 0.000000 0.000000 0.000000 1.000000
0.976751 0.211597 0.034424 17.903700 0.210632 -0.977116 0.029634 0.000000 0.039907 -0.021694 -0.998968 0.000000 0.000000 0.000000 0.000000 1.000000
0.977339 0.207859 0.040030 17.903700 0.206298 -0.977677 0.039872 0.000000 0.047424 -0.030711 -0.998403 0.000000 0.000000 0.000000 0.000000 1.000000
0.978487 0.201730 0.043232 17.903700 0.199155 -0.978288 0.057354 0.000000 0.053864 -0.047511 -0.997417 0.000000 0.000000 0.000000 0.000000 1.000000
0.979102 0.199066 0.041623 17.903700 0.195107 -0.977183 0.083945 0.000000 0.057384 -0.074070 -0.995601 -0.000000 0.000000 0.000000 0.000000 1.000000
0.977750 0.206987 0.034080 17.903700 0.203268 -0.974986 0.089911 0.000000 0.051838 -0.080983 -0.995367 -0.000000 0.000000 0.000000 0.000000 1.000000
0.975276 0.219187 0.028190 17.903700 0.216033 -0.972473 0.087330 0.000000 0.046556 -0.079081 -0.995781 0.000000 0.000000 0.000000 0.000000 1.000000
0.973283 0.228368 0.023824 17.903700 0.225761 -0.970727 0.081980 0.000000 0.041848 -0.074411 -0.996349 0.000000 0.000000 0.000000 0.000000 1.000000
0.972494 0.232271 0.017502 17.903700 0.230301 -0.970057 0.077147 -0.000000 0.034897 -0.070994 -0.996866 0.000000 0.000000 0.000000 0.000000 1.000000
0.972077 0.234434 0.010375 17.903700 0.233116 -0.969793 0.071826 0.000000 0.026901 -0.067402 -0.997363 0.000000 0.000000 0.000000 0.000000 1.000000
0.971561 0.236753 0.004112 17.903700 0.236060 -0.969785 0.061581 0.000000 0.018567 -0.058859 -0.998094 0.000000 0.000000 0.000000 0.000000 1.000000</float_array><technique_common><accessor source="#Spine_03-Matrix-animation-output-transform-array" count="23" stride="16"><param type="float4x4"/></accessor></technique_common></source><source id="Spine_03-Interpolations"><Name_array id="Spine_03-Interpolations-array" count="23">
 LINEAR LINEAR LINEAR LINEAR LINEAR LINEAR LINEAR LINEAR LINEAR LINEAR LINEAR
LINEAR LINEAR LINEAR LINEAR LINEAR LINEAR LINEAR LINEAR LINEAR LINEAR LINEAR LINEAR</Name_array><technique_common><accessor source="#Spine_03-Interpolations-array" count="23"><param type="name"/></accessor></technique_common></source><sampler id="Spine_03-Matrix-animation-transform"><input semantic="INPUT" source="#Spine_03-Matrix-animation-input"/><input semantic="OUTPUT" source="#Spine_03-Matrix-animation-output-transform"/><input semantic="INTERPOLATION" source="#Spine_03-Interpolations"/></sampler><channel source="#Spine_03-Matrix-animation-transform" target="Spine_03/matrix"/></animation>
    <animation id="Neck-anim" name="Neck"><source id="Neck-Matrix-animation-input"><float_array id="Neck-Matrix-animation-input-array" count="23">

0.000000 0.033333 0.066667 0.100000 0.133333 0.166667 0.200000 0.233333 0.266667 0.300000 0.333333 0.366667 0.400000 0.433333 0.466667 0.500000
0.533333 0.566667 0.600000 0.633333 0.666667 0.700000 0.733333</float_array><technique_common><accessor source="#Neck-Matrix-animation-input-array" count="23"><param name="TIME" type="float"/></accessor></technique_common></source><source id="Neck-Matrix-animation-output-transform"><float_array id="Neck-Matrix-animation-output-transform-array" count="368">

0.996563 0.082807 0.002238 11.189000 -0.082828 0.995695 0.041594 0.000000 0.001216 -0.041637 0.999132 0.000000 0.000000 0.000000 0.000000 1.000000
0.995679 0.092797 -0.003404 11.189000 -0.092559 0.994736 0.043963 -0.000000 0.007466 -0.043458 0.999027 0.000000 0.000000 0.000000 0.000000 1.000000
0.994800 0.101341 -0.010189 11.189000 -0.100763 0.993814 0.046697 -0.000000 0.014858 -0.045428 0.998857 0.000000 0.000000 0.000000 0.000000 1.000000
0.993579 0.112024 -0.015860 11.189000 -0.111113 0.992557 0.049852 0.000000 0.021326 -0.047770 0.998631 0.000000 0.000000 0.000000 0.000000 1.000000
0.992470 0.120604 -0.021389 11.189000 -0.119357 0.991474 0.052274 0.000000 0.027512 -0.049328 0.998404 0.000000 0.000000 0.000000 0.000000 1.000000
0.992448 0.119330 -0.028404 11.189000 -0.117684 0.991587 0.053901 0.000000 0.034597 -0.050151 0.998142 0.000000 0.000000 0.000000 0.000000 1.000000
0.993040 0.112430 -0.035075 11.189000 -0.110396 0.992345 0.055361 0.000000 0.041031 -0.051104 0.997850 0.000000 0.000000 0.000000 0.000000 1.000000
0.993724 0.104526 -0.039843 11.189000 -0.102161 0.993112 0.057378 0.000000 0.045566 -0.052947 0.997557 0.000000 0.000000 0.000000 0.000000 1.000000
0.994198 0.099742 -0.040284 11.189000 -0.097219 0.993430 0.060370 -0.000000 0.046040 -0.056103 0.997363 0.000000 0.000000 0.000000 0.000000 1.000000
0.994487 0.095671 -0.042919 11.189000 -0.092867 0.993673 0.063170 -0.000000 0.048691 -0.058837 0.997079 -0.000000 0.000000 0.000000 0.000000 1.000000
0.994746 0.091200 -0.046504 11.189000 -0.088030 0.993917 0.066185 0.000000 0.052257 -0.061744 0.996723 0.000000 0.000000 0.000000 0.000000 1.000000
0.994969 0.087106 -0.049495 11.189000 -0.083531 0.994029 0.070203 0.000000 0.055314 -0.065715 0.996304 0.000000 0.000000 0.000000 0.000000 1.000000
0.995114 0.084182 -0.051597 11.189000 -0.080179 0.993934 0.075276 -0.000000 0.057620 -0.070771 0.995827 0.000000 0.000000 0.000000 0.000000 1.000000
0.995006 0.085841 -0.050925 11.189000 -0.081582 0.993408 0.080526 0.000000 0.057502 -0.075969 0.995451 0.000000 0.000000 0.000000 0.000000 1.000000
0.994479 0.092951 -0.048691 11.189000 -0.088590 0.992422 0.085145 0.000000 0.056236 -0.080362 0.995178 0.000000 0.000000 0.000000 0.000000 1.000000
0.993598 0.103785 -0.044634 11.189000 -0.099563 0.991113 0.088220 -0.000000 0.053393 -0.083211 0.995101 0.000000 0.000000 0.000000 0.000000 1.000000
0.992771 0.113412 -0.039290 11.189000 -0.109609 0.990051 0.088234 0.000000 0.048905 -0.083289 0.995325 0.000000 0.000000 0.000000 0.000000 1.000000
0.992696 0.116077 -0.032876 11.189000 -0.112978 0.990028 0.084146 -0.000000 0.042316 -0.079817 0.995911 0.000000 0.000000 0.000000 0.000000 1.000000
0.992821 0.116741 -0.026044 11.189000 -0.114454 0.990470 0.076617 0.000000 0.034740 -0.073086 0.996720 -0.000000 0.000000 0.000000 0.000000 1.000000
0.992849 0.117649 -0.020259 11.189000 -0.116047 0.990951 0.067446 0.000000 0.028010 -0.064613 0.997517 -0.000000 0.000000 0.000000 0.000000 1.000000
0.993640 0.111796 -0.013471 11.189000 -0.110837 0.992133 0.058197 -0.000000 0.019871 -0.056334 0.998214 0.000000 0.000000 0.000000 0.000000 1.000000
0.995298 0.096709 -0.005420 11.189000 -0.096328 0.994133 0.049204 0.000000 0.010147 -0.048451 0.998774 0.000000 0.000000 0.000000 0.000000 1.000000
0.996563 0.082807 0.002238 11.189000 -0.082828 0.995695 0.041594 -0.000000 0.001216 -0.041637 0.999132 0.000000 0.000000 0.000000 0.000000 1.000000</float_array><technique_common><accessor source="#Neck-Matrix-animation-output-transform-array" count="23" stride="16"><param type="float4x4"/></accessor></technique_common></source><source id="Neck-Interpolations"><Name_array id="Neck-Interpolations-array" count="23">
 LINEAR LINEAR LINEAR LINEAR LINEAR LINEAR LINEAR LINEAR LINEAR LINEAR LINEAR
LINEAR LINEAR LINEAR LINEAR LINEAR LINEAR LINEAR LINEAR LINEAR LINEAR LINEAR LINEAR</Name_array><technique_common><accessor source="#Neck-Interpolations-array" count="23"><param type="name"/></accessor></technique_common></source><sampler id="Neck-Matrix-animation-transform"><input semantic="INPUT" source="#Neck-Matrix-animation-input"/><input semantic="OUTPUT" source="#Neck-Matrix-animation-output-transform"/><input semantic="INTERPOLATION" source="#Neck-Interpolations"/></sampler><channel source="#Neck-Matrix-animation-transform" target="Neck/matrix"/></animation>
    <animation id="Head-anim" name="Head"><source id="Head-Matrix-animation-input"><float_array id="Head-Matrix-animation-input-array" count="23">

0.000000 0.033333 0.066667 0.100000 0.133333 0.166667 0.200000 0.233333 0.266667 0.300000 0.333333 0.366667 0.400000 0.433333 0.466667 0.500000
0.533333 0.566667 0.600000 0.633333 0.666667 0.700000 0.733333</float_array><technique_common><accessor source="#Head-Matrix-animation-input-array" count="23"><param name="TIME" type="float"/></accessor></technique_common></source><source id="Head-Matrix-animation-output-transform"><float_array id="Head-Matrix-animation-output-transform-array" count="368">

-0.008624 0.987142 0.159610 12.164400 -0.041140 0.159131 -0.986400 0.000000 -0.999116 -0.015073 0.039239 -0.000000 0.000000 0.000000 0.000000 1.000000
-0.002849 0.988722 0.149733 12.164400 -0.043810 0.149466 -0.987796 0.000000 -0.999036 -0.009374 0.042890 0.000000 0.000000 0.000000 0.000000 1.000000
0.004096 0.989964 0.141259 12.164400 -0.046549 0.141296 -0.988872 -0.000000 -0.998908 -0.002525 0.046661 0.000000 0.000000 0.000000 0.000000 1.000000
0.009973 0.991381 0.130629 12.164400 -0.049567 0.130965 -0.990147 0.000000 -0.998721 0.003399 0.050446 0.000000 0.000000 0.000000 0.000000 1.000000
0.015659 0.992398 0.122069 12.164400 -0.051680 0.122724 -0.991094 0.000000 -0.998541 0.009211 0.053209 -0.000000 0.000000 0.000000 0.000000 1.000000
0.022795 0.992101 0.123354 12.164400 -0.052757 0.124408 -0.990828 0.000000 -0.998347 0.016078 0.055176 -0.000000 0.000000 0.000000 0.000000 1.000000
0.029574 0.991041 0.130245 12.164400 -0.053634 0.131688 -0.989839 0.000000 -0.998123 0.022288 0.057048 0.000000 0.000000 0.000000 0.000000 1.000000
0.034560 0.989809 0.138142 12.164400 -0.055104 0.139902 -0.988631 -0.000000 -0.997882 0.026555 0.059378 0.000000 0.000000 0.000000 0.000000 1.000000
0.034945 0.989126 0.142858 12.164400 -0.057969 0.144711 -0.987774 0.000000 -0.997707 0.026236 0.062395 -0.000000 0.000000 0.000000 0.000000 1.000000
0.035618 0.988578 0.146440 12.164400 -0.061263 0.148417 -0.987026 -0.000000 -0.997486 0.026185 0.065849 0.000000 0.000000 0.000000 0.000000 1.000000
0.035864 0.988013 0.150144 12.164400 -0.065103 0.152232 -0.986198 -0.000000 -0.997234 0.025594 0.069783 0.000000 0.000000 0.000000 0.000000 1.000000
0.035980 0.987470 0.153648 12.164400 -0.069321 0.155844 -0.985346 -0.000000 -0.996945 0.024802 0.074060 0.000000 0.000000 0.000000 0.000000 1.000000
0.037192 0.986960 0.156610 12.164400 -0.072848 0.158979 -0.984591 -0.000000 -0.996649 0.025210 0.077811 -0.000000 0.000000 0.000000 0.000000 1.000000
0.037666 0.987064 0.155837 12.164400 -0.074198 0.158280 -0.984602 0.000000 -0.996532 0.025523 0.079200 0.000000 0.000000 0.000000 0.000000 1.000000
0.037690 0.987949 0.150120 12.164400 -0.073512 0.152561 -0.985556 0.000000 -0.996582 0.026110 0.078376 0.000000 0.000000 0.000000 0.000000 1.000000
0.036295 0.989391 0.140669 12.164400 -0.071603 0.142975 -0.987133 -0.000000 -0.996773 0.025755 0.076033 0.000000 0.000000 0.000000 0.000000 1.000000
0.033067 0.990707 0.131934 12.164400 -0.068631 0.133946 -0.988609 -0.000000 -0.997094 0.023636 0.072423 0.000000 0.000000 0.000000 0.000000 1.000000
0.027534 0.991207 0.129421 12.164400 -0.064649 0.130965 -0.989277 -0.000000 -0.997528 0.018872 0.067687 -0.000000 0.000000 0.000000 0.000000 1.000000
0.020813 0.991502 0.128415 12.164400 -0.059498 0.129444 -0.989800 0.000000 -0.998011 0.012960 0.061686 0.000000 0.000000 0.000000 0.000000 1.000000
0.014787 0.991803 0.126916 12.164400 -0.053950 0.127536 -0.990366 0.000000 -0.998434 0.007797 0.055394 0.000000 0.000000 0.000000 0.000000 1.000000
0.007571 0.991217 0.132031 12.164400 -0.049135 0.132244 -0.989999 0.000000 -0.998763 0.001008 0.049704 -0.000000 0.000000 0.000000 0.000000 1.000000
-0.000877 0.989232 0.146355 12.164400 -0.044752 0.146170 -0.988247 -0.000000 -0.998998 -0.007416 0.044142 0.000000 0.000000 0.000000 0.000000 1.000000
-0.008624 0.987142 0.159610 12.164400 -0.041141 0.159131 -0.986400 -0.000000 -0.999116 -0.015073 0.039239 0.000000 0.000000 0.000000 0.000000 1.000000</float_array><technique_common><accessor source="#Head-Matrix-animation-output-transform-array" count="23" stride="16"><param type="float4x4"/></accessor></technique_common></source><source id="Head-Interpolations"><Name_array id="Head-Interpolations-array" count="23">
 LINEAR LINEAR LINEAR LINEAR LINEAR LINEAR LINEAR LINEAR LINEAR LINEAR LINEAR
LINEAR LINEAR LINEAR LINEAR LINEAR LINEAR LINEAR LINEAR LINEAR LINEAR LINEAR LINEAR</Name_array><technique_common><accessor source="#Head-Interpolations-array" count="23"><param type="name"/></accessor></technique_common></source><sampler id="Head-Matrix-animation-transform"><input semantic="INPUT" source="#Head-Matrix-animation-input"/><input semantic="OUTPUT" source="#Head-Matrix-animation-output-transform"/><input semantic="INTERPOLATION" source="#Head-Interpolations"/></sampler><channel source="#Head-Matrix-animation-transform" target="Head/matrix"/></animation>
    <animation id="Clavicle_L-anim" name="Clavicle_L"><source id="Clavicle_L-Matrix-animation-input"><float_array id="Clavicle_L-Matrix-animation-input-array" count="23">

0.000000 0.033333 0.066667 0.100000 0.133333 0.166667 0.200000 0.233333 0.266667 0.300000 0.333333 0.366667 0.400000 0.433333 0.466667 0.500000
0.533333 0.566667 0.600000 0.633333 0.666667 0.700000 0.733333</float_array><technique_common><accessor source="#Clavicle_L-Matrix-animation-input-array" count="23"><param name="TIME" type="float"/></accessor></technique_common></source><source id="Clavicle_L-Matrix-animation-output-transform"><float_array id="Clavicle_L-Matrix-animation-output-transform-array" count="368">

-0.064908 0.996691 -0.048919 5.801200 0.617321 0.001590 -0.786710 -4.191400 -0.784030 -0.081262 -0.615381 -7.447200 0.000000 0.000000 0.000000 1.000000
-0.085057 0.994543 -0.060416 5.801200 0.589944 0.001405 -0.807443 -4.191400 -0.802952 -0.104321 -0.586844 -7.447200 0.000000 0.000000 0.000000 1.000000
-0.096647 0.993123 -0.066084 5.801200 0.572842 0.001205 -0.819665 -4.191400 -0.813948 -0.117074 -0.569019 -7.447200 0.000000 0.000000 0.000000 1.000000
-0.099671 0.992885 -0.065160 5.801200 0.554407 0.001037 -0.832245 -4.191400 -0.826256 -0.119076 -0.550565 -7.447200 0.000000 0.000000 0.000000 1.000000
-0.098112 0.993292 -0.061193 5.801200 0.537910 0.001198 -0.843002 -4.191400 -0.837274 -0.115624 -0.534419 -7.447200 0.000000 0.000000 0.000000 1.000000
-0.090547 0.994439 -0.053774 5.801200 0.527425 0.002082 -0.849599 -4.191400 -0.844763 -0.105290 -0.524681 -7.447200 0.000000 0.000000 0.000000 1.000000
-0.074686 0.996300 -0.042522 5.801200 0.521543 0.002681 -0.853221 -4.191400 -0.849950 -0.085901 -0.519814 -7.447200 0.000000 0.000000 0.000000 1.000000
-0.046403 0.998542 -0.027569 5.801200 0.521258 0.000661 -0.853399 -4.191400 -0.852137 -0.053971 -0.520528 -7.447200 0.000000 0.000000 0.000000 1.000000
-0.011286 0.999875 -0.011032 5.801200 0.521920 -0.003520 -0.852987 -4.191400 -0.852920 -0.015385 -0.521816 -7.447200 0.000000 0.000000 0.000000 1.000000
0.028181 0.999585 0.005955 5.801200 0.525738 -0.009755 -0.850590 -4.191400 -0.850179 0.027102 -0.525795 -7.447200 0.000000 0.000000 0.000000 1.000000
0.058064 0.998165 0.017190 5.801200 0.533063 -0.016440 -0.845916 -4.191400 -0.844081 0.058281 -0.533040 -7.447200 0.000000 0.000000 0.000000 1.000000
0.066517 0.997627 0.017757 5.801200 0.538654 -0.020923 -0.842267 -4.191400 -0.839897 0.065590 -0.538767 -7.447200 0.000000 0.000000 0.000000 1.000000
0.054299 0.998493 0.007961 5.801200 0.544769 -0.022941 -0.838272 -4.191400 -0.836826 0.049855 -0.545194 -7.447200 0.000000 0.000000 0.000000 1.000000
0.042570 0.999092 -0.001529 5.801200 0.569200 -0.025511 -0.821803 -4.191400 -0.821097 0.034114 -0.569769 -7.447200 0.000000 0.000000 0.000000 1.000000
0.041094 0.999144 -0.004724 5.801200 0.610653 -0.028857 -0.791373 -4.191400 -0.790832 0.029636 -0.611316 -7.447200 0.000000 0.000000 0.000000 1.000000
0.049450 0.998776 0.001318 5.801200 0.651257 -0.031243 -0.758214 -4.191400 -0.757245 0.038352 -0.652004 -7.447200 0.000000 0.000000 0.000000 1.000000
0.054001 0.998506 0.008403 5.801200 0.681798 -0.030722 -0.730895 -4.191400 -0.729545 0.045198 -0.682438 -7.447200 0.000000 0.000000 0.000000 1.000000
0.043818 0.999016 0.006917 5.801200 0.692421 -0.025379 -0.721048 -4.191400 -0.720162 0.036384 -0.692851 -7.447200 0.000000 0.000000 0.000000 1.000000
0.032471 0.999456 0.005770 5.801200 0.685504 -0.018069 -0.727845 -4.191400 -0.727345 0.027589 -0.685718 -7.447200 0.000000 0.000000 0.000000 1.000000
0.019842 0.999801 0.002200 5.801200 0.669306 -0.011649 -0.742896 -4.191400 -0.742722 0.016213 -0.669404 -7.447200 0.000000 0.000000 0.000000 1.000000
-0.002262 0.999943 -0.010420 5.801200 0.651130 -0.006436 -0.758939 -4.191400 -0.758963 -0.008501 -0.651079 -7.447200 0.000000 0.000000 0.000000 1.000000
-0.029857 0.999173 -0.027600 5.801200 0.635303 -0.002348 -0.772259 -4.191400 -0.771685 -0.040592 -0.634708 -7.447200 0.000000 0.000000 0.000000 1.000000
