<?xml version="1.0" encoding="utf-8"?>
<COLLADA xmlns="http://www.collada.org/2005/11/COLLADASchema" version="1.4.1">
  <asset><contributor><author>Mixamo</author><authoring_tool>COLLADA Mixamo exporter</authoring_tool><comments></comments></contributor><created>2020-08-28T19:22:01Z</created><modified>2020-08-28T19:22:01Z</modified><revision></revision><title></title><unit meter="1.000000"/><up_axis>Y_UP</up_axis></asset>
  <library_animations>
    <animation id="Root-anim" name="Root"><source id="Root-Matrix-animation-input"><float_array id="Root-Matrix-animation-input-array" count="25">

0.000000 0.033333 0.066667 0.100000 0.133333 0.166667 0.200000 0.233333 0.266667 0.300000 0.333333 0.366667 0.400000 0.433333 0.466667 0.500000
0.533333 0.566667 0.600000 0.633333 0.666667 0.700000 0.733333 0.766667 0.800000</float_array><technique_common><accessor source="#Root-Matrix-animation-input-array" count="25"><param name="TIME" type="float"/></accessor></technique_common></source><source id="Root-Matrix-animation-output-transform"><float_array id="Root-Matrix-animation-output-transform-array" count="400">

0.009875 -0.001043 -0.001180 0.091361 0.000993 0.009939 -0.000475 -0.041571 0.001222 0.000352 0.009919 -0.016408 0.000000 0.000000 0.000000 1.000000
0.009860 -0.000977 -0.001353 0.087406 0.000958 0.009952 -0.000203 -0.069426 0.001367 0.000070 0.009906 0.004762 0.000000 0.000000 0.000000 1.000000
0.009859 -0.000776 -0.001484 0.069519 0.000801 0.009967 0.000106 -0.081744 0.001471 -0.000223 0.009889 0.034091 0.000000 0.000000 0.000000 1.000000
0.009847 -0.000589 -0.001637 0.050411 0.000654 0.009973 0.000348 -0.072414 0.001612 -0.000450 0.009859 0.065997 0.000000 0.000000 0.000000 1.000000
0.009835 -0.000485 -0.001741 0.036585 0.000561 0.009977 0.000389 -0.045728 0.001718 -0.000480 0.009840 0.083605 0.000000 0.000000 0.000000 1.000000
0.009828 -0.000447 -0.001793 0.029531 0.000501 0.009984 0.000254 -0.017251 0.001779 -0.000340 0.009835 0.099292 0.000000 0.000000 0.000000 1.000000
0.009808 -0.000388 -0.001913 0.021362 0.000397 0.009992 0.000012 0.004416 0.001911 -0.000088 0.009815 0.106360 0.000000 0.000000 0.000000 1.000000
0.009752 -0.000338 -0.002189 0.016469 0.000303 0.009994 -0.000194 0.029601 0.002194 0.000122 0.009756 0.093876 0.000000 0.000000 0.000000 1.000000
0.009665 -0.000262 -0.002553 0.012552 0.000197 0.009994 -0.000282 0.037300 0.002559 0.000222 0.009664 0.069340 0.000000 0.000000 0.000000 1.000000
0.009645 -0.000127 -0.002636 0.004660 0.000057 0.009996 -0.000274 0.021492 0.002638 0.000250 0.009642 0.051118 0.000000 0.000000 0.000000 1.000000
0.009706 0.000030 -0.002408 -0.008540 -0.000085 0.009997 -0.000218 0.002858 0.002407 0.000232 0.009703 0.034422 0.000000 0.000000 0.000000 1.000000
0.009785 0.000156 -0.002058 -0.019495 -0.000187 0.009997 -0.000133 -0.012972 0.002055 0.000169 0.009785 0.035433 0.000000 0.000000 0.000000 1.000000
0.009851 0.000210 -0.001706 -0.025307 -0.000204 0.009998 0.000051 -0.028654 0.001707 -0.000016 0.009853 0.051703 0.000000 0.000000 0.000000 1.000000
0.009891 0.000185 -0.001463 -0.026477 -0.000146 0.009995 0.000275 -0.042439 0.001467 -0.000250 0.009889 0.078950 0.000000 0.000000 0.000000 1.000000
0.009898 0.000064 -0.001421 -0.018914 0.000006 0.009988 0.000492 -0.050830 0.001422 -0.000488 0.009886 0.111194 0.000000 0.000000 0.000000 1.000000
0.009899 -0.000052 -0.001418 -0.010082 0.000142 0.009979 0.000627 -0.051892 0.001412 -0.000641 0.009879 0.139742 0.000000 0.000000 0.000000 1.000000
0.009911 -0.000132 -0.001326 0.000222 0.000200 0.009986 0.000500 -0.035899 0.001317 -0.000522 0.009899 0.128596 0.000000 0.000000 0.000000 1.000000
0.009911 -0.000054 -0.001328 -0.004423 0.000085 0.009997 0.000230 -0.013430 0.001326 -0.000239 0.009909 0.107465 0.000000 0.000000 0.000000 1.000000
0.009891 -0.000043 -0.001469 -0.003994 0.000026 0.009999 -0.000121 -0.000226 0.001469 0.000116 0.009891 0.081547 0.000000 0.000000 0.000000 1.000000
0.009893 -0.000292 -0.001432 0.020066 0.000229 0.009987 -0.000454 0.016007 0.001443 0.000416 0.009887 0.039253 0.000000 0.000000 0.000000 1.000000
0.009888 -0.000546 -0.001387 0.043228 0.000458 0.009968 -0.000658 0.011609 0.001419 0.000588 0.009881 0.004871 0.000000 0.000000 0.000000 1.000000
0.009868 -0.000798 -0.001408 0.064907 0.000704 0.009950 -0.000707 -0.001670 0.001457 0.000598 0.009875 -0.003914 0.000000 0.000000 0.000000 1.000000
0.009849 -0.001013 -0.001407 0.083180 0.000923 0.009933 -0.000692 -0.010106 0.001468 0.000552 0.009876 -0.003610 0.000000 0.000000 0.000000 1.000000
0.009867 -0.001031 -0.001255 0.086378 0.000958 0.009934 -0.000622 -0.026903 0.001311 0.000494 0.009901 -0.012361 0.000000 0.000000 0.000000 1.000000
0.009875 -0.001043 -0.001180 0.091361 0.000993 0.009939 -0.000475 -0.041572 0.001222 0.000352 0.009919 -0.016408 0.000000 0.000000 0.000000 1.000000</float_array><technique_common><accessor source="#Root-Matrix-animation-output-transform-array" count="25" stride="16"><param type="float4x4"/></accessor></technique_common></source><source id="Root-Interpolations"><Name_array id="Root-Interpolations-array" count="25">
 LINEAR LINEAR LINEAR LINEAR LINEAR LINEAR LINEAR LINEAR LINEAR LINEAR LINEAR
LINEAR LINEAR LINEAR LINEAR LINEAR LINEAR LINEAR LINEAR LINEAR LINEAR LINEAR LINEAR
LINEAR LINEAR</Name_array><technique_common><accessor source="#Root-Interpolations-array" count="25"><param type="name"/></accessor></technique_common></source><sampler id="Root-Matrix-animation-transform"><input semantic="INPUT" source="#Root-Matrix-animation-input"/><input semantic="OUTPUT" source="#Root-Matrix-animation-output-transform"/><input semantic="INTERPOLATION" source="#Root-Interpolations"/></sampler><channel source="#Root-Matrix-animation-transform" target="Root/matrix"/></animation>
    <animation id="Hips-anim" name="Hips"><source id="Hips-Matrix-animation-input"><float_array id="Hips-Matrix-animation-input-array" count="25">

0.000000 0.033333 0.066667 0.100000 0.133333 0.166667 0.200000 0.233333 0.266667 0.300000 0.333333 0.366667 0.400000 0.433333 0.466667 0.500000
0.533333 0.566667 0.600000 0.633333 0.666667 0.700000 0.733333 0.766667 0.800000</float_array><technique_common><accessor source="#Hips-Matrix-animation-input-array" count="25"><param name="TIME" type="float"/></accessor></technique_common></source><source id="Hips-Matrix-animation-output-transform"><float_array id="Hips-Matrix-animation-output-transform-array" count="400">

-0.000001 0.000000 1.000000 0.000000 0.988775 0.149411 0.000001 87.627602 -0.149411 0.988775 -0.000000 -0.000000 0.000000 0.000000 0.000000 1.000000
-0.000001 0.000000 1.000000 -0.000000 0.988775 0.149411 0.000001 87.627602 -0.149411 0.988775 -0.000000 0.000000 0.000000 0.000000 0.000000 1.000000
-0.000001 0.000000 1.000000 0.000000 0.988775 0.149411 0.000001 87.627602 -0.149411 0.988775 -0.000000 0.000000 0.000000 0.000000 0.000000 1.000000
-0.000001 0.000000 1.000000 0.000000 0.988775 0.149411 0.000001 87.627602 -0.149411 0.988775 -0.000000 -0.000000 0.000000 0.000000 0.000000 1.000000
-0.000001 0.000000 1.000000 0.000000 0.988775 0.149411 0.000001 87.627602 -0.149411 0.988775 -0.000000 0.000000 0.000000 0.000000 0.000000 1.000000
-0.000001 0.000000 1.000000 0.000000 0.988775 0.149411 0.000001 87.627602 -0.149411 0.988775 -0.000000 0.000000 0.000000 0.000000 0.000000 1.000000
-0.000001 0.000000 1.000000 0.000000 0.988775 0.149411 0.000001 87.627602 -0.149411 0.988775 -0.000000 0.000000 0.000000 0.000000 0.000000 1.000000
-0.000001 0.000000 1.000000 -0.000000 0.988775 0.149411 0.000001 87.627602 -0.149411 0.988775 -0.000000 -0.000000 0.000000 0.000000 0.000000 1.000000
-0.000001 0.000000 1.000000 0.000000 0.988775 0.149411 0.000001 87.627602 -0.149411 0.988775 -0.000000 0.000000 0.000000 0.000000 0.000000 1.000000
-0.000001 0.000000 1.000000 0.000000 0.988775 0.149411 0.000001 87.627602 -0.149411 0.988775 -0.000000 0.000000 0.000000 0.000000 0.000000 1.000000
-0.000001 0.000000 1.000000 -0.000000 0.988775 0.149411 0.000001 87.627602 -0.149411 0.988775 -0.000000 0.000000 0.000000 0.000000 0.000000 1.000000
-0.000001 0.000000 1.000000 0.000000 0.988775 0.149411 0.000001 87.627602 -0.149411 0.988775 -0.000000 0.000000 0.000000 0.000000 0.000000 1.000000
-0.000001 0.000000 1.000000 -0.000000 0.988775 0.149411 0.000001 87.627602 -0.149411 0.988775 -0.000000 0.000000 0.000000 0.000000 0.000000 1.000000
-0.000001 0.000000 1.000000 0.000000 0.988775 0.149411 0.000001 87.627602 -0.149411 0.988775 -0.000000 0.000000 0.000000 0.000000 0.000000 1.000000
-0.000001 0.000000 1.000000 0.000000 0.988775 0.149411 0.000001 87.627602 -0.149411 0.988775 -0.000000 -0.000000 0.000000 0.000000 0.000000 1.000000
-0.000001 0.000000 1.000000 -0.000000 0.988775 0.149411 0.000001 87.627602 -0.149411 0.988775 -0.000000 0.000000 0.000000 0.000000 0.000000 1.000000
-0.000001 0.000000 1.000000 0.000000 0.988775 0.149411 0.000001 87.627602 -0.149411 0.988775 -0.000000 0.000000 0.000000 0.000000 0.000000 1.000000
-0.000001 0.000000 1.000000 -0.000000 0.988775 0.149411 0.000001 87.627602 -0.149411 0.988775 -0.000000 -0.000000 0.000000 0.000000 0.000000 1.000000
-0.000001 0.000000 1.000000 -0.000000 0.988775 0.149411 0.000001 87.627602 -0.149411 0.988775 -0.000000 -0.000000 0.000000 0.000000 0.000000 1.000000
-0.000001 0.000000 1.000000 0.000000 0.988775 0.149411 0.000001 87.627602 -0.149411 0.988775 -0.000000 -0.000000 0.000000 0.000000 0.000000 1.000000
-0.000001 0.000000 1.000000 -0.000000 0.988775 0.149411 0.000001 87.627602 -0.149411 0.988775 -0.000000 0.000000 0.000000 0.000000 0.000000 1.000000
-0.000001 0.000000 1.000000 -0.000000 0.988775 0.149411 0.000001 87.627602 -0.149411 0.988775 -0.000000 -0.000000 0.000000 0.000000 0.000000 1.000000
-0.000001 0.000000 1.000000 -0.000000 0.988775 0.149411 0.000001 87.627602 -0.149411 0.988775 -0.000000 0.000000 0.000000 0.000000 0.000000 1.000000
-0.000001 0.000000 1.000000 0.000000 0.988775 0.149411 0.000001 87.627602 -0.149411 0.988775 -0.000000 0.000000 0.000000 0.000000 0.000000 1.000000
-0.000001 0.000000 1.000000 0.000000 0.988775 0.149411 0.000001 87.627602 -0.149411 0.988775 -0.000000 0.000000 0.000000 0.000000 0.000000 1.000000</float_array><technique_common><accessor source="#Hips-Matrix-animation-output-transform-array" count="25" stride="16"><param type="float4x4"/></accessor></technique_common></source><source id="Hips-Interpolations"><Name_array id="Hips-Interpolations-array" count="25">
 LINEAR LINEAR LINEAR LINEAR LINEAR LINEAR LINEAR LINEAR LINEAR LINEAR LINEAR
LINEAR LINEAR LINEAR LINEAR LINEAR LINEAR LINEAR LINEAR LINEAR LINEAR LINEAR LINEAR
LINEAR LINEAR</Name_array><technique_common><accessor source="#Hips-Interpolations-array" count="25"><param type="name"/></accessor></technique_common></source><sampler id="Hips-Matrix-animation-transform"><input semantic="INPUT" source="#Hips-Matrix-animation-input"/><input semantic="OUTPUT" source="#Hips-Matrix-animation-output-transform"/><input semantic="INTERPOLATION" source="#Hips-Interpolations"/></sampler><channel source="#Hips-Matrix-animation-transform" target="Hips/matrix"/></animation>
    <animation id="Spine_01-anim" name="Spine_01"><source id="Spine_01-Matrix-animation-input"><float_array id="Spine_01-Matrix-animation-input-array" count="25">

0.000000 0.033333 0.066667 0.100000 0.133333 0.166667 0.200000 0.233333 0.266667 0.300000 0.333333 0.366667 0.400000 0.433333 0.466667 0.500000
0.533333 0.566667 0.600000 0.633333 0.666667 0.700000 0.733333 0.766667 0.800000</float_array><technique_common><accessor source="#Spine_01-Matrix-animation-input-array" count="25"><param name="TIME" type="float"/></accessor></technique_common></source><source id="Spine_01-Matrix-animation-output-transform"><float_array id="Spine_01-Matrix-animation-output-transform-array" count="400">

0.928096 0.365246 0.072338 10.393300 0.367101 -0.930079 -0.013784 -0.000000 0.062245 0.039348 -0.997285 0.000000 0.000000 0.000000 0.000000 1.000000
0.897349 0.434080 0.079619 10.393300 0.437529 -0.898641 -0.031820 0.000000 0.057737 0.063390 -0.996317 0.000000 0.000000 0.000000 0.000000 1.000000
0.873820 0.480196 0.076482 10.393300 0.484166 -0.873790 -0.045547 0.000000 0.044958 0.076830 -0.996030 0.000000 0.000000 0.000000 0.000000 1.000000
0.865626 0.495752 0.070161 10.393300 0.499495 -0.864718 -0.052596 0.000000 0.034594 0.080573 -0.996148 0.000000 0.000000 0.000000 0.000000 1.000000
0.870224 0.487395 0.071810 10.393300 0.491671 -0.868423 -0.064043 0.000000 0.031148 0.091038 -0.995360 0.000000 0.000000 0.000000 0.000000 1.000000
0.923934 0.379579 0.047592 10.393300 0.382369 -0.920156 -0.084304 -0.000000 0.011792 0.096090 -0.995303 -0.000000 0.000000 0.000000 0.000000 1.000000
0.971948 0.235077 0.007490 10.393300 0.234835 -0.968201 -0.086256 0.000000 -0.013025 0.085595 -0.996245 0.000000 0.000000 0.000000 0.000000 1.000000
0.979839 0.199632 -0.007942 10.393300 0.198541 -0.977384 -0.072810 0.000000 -0.022298 0.069765 -0.997314 0.000000 0.000000 0.000000 0.000000 1.000000
0.969118 0.246517 -0.006347 10.393300 0.245689 -0.967432 -0.060921 0.000000 -0.021158 0.057480 -0.998122 -0.000000 0.000000 0.000000 0.000000 1.000000
0.954900 0.296911 -0.003171 10.393300 0.296163 -0.953150 -0.061582 0.000000 -0.021306 0.057866 -0.998097 0.000000 0.000000 0.000000 0.000000 1.000000
0.939190 0.343359 0.005121 10.393300 0.343059 -0.937499 -0.058370 0.000000 -0.015241 0.056578 -0.998282 -0.000000 0.000000 0.000000 0.000000 1.000000
0.936051 0.351859 -0.001882 10.393300 0.351356 -0.934973 -0.048724 -0.000000 -0.018904 0.044947 -0.998810 0.000000 0.000000 0.000000 0.000000 1.000000
0.936183 0.351387 -0.009380 10.393300 0.351019 -0.935949 -0.028016 0.000000 -0.018624 0.022936 -0.999563 0.000000 0.000000 0.000000 0.000000 1.000000
0.938389 0.345580 -0.000491 10.393300 0.345578 -0.938388 -0.001720 0.000000 -0.001056 0.001444 -0.999998 -0.000000 0.000000 0.000000 0.000000 1.000000
0.945247 0.326059 0.013940 10.393300 0.325612 -0.945113 0.027156 0.000000 0.022029 -0.021130 -0.999534 0.000000 0.000000 0.000000 0.000000 1.000000
0.954408 0.297668 0.022359 10.393300 0.296328 -0.953815 0.049265 0.000000 0.035991 -0.040393 -0.998535 0.000000 0.000000 0.000000 0.000000 1.000000
0.954029 0.299441 0.012771 10.393300 0.298193 -0.952615 0.060050 0.000000 0.030148 -0.053481 -0.998114 -0.000000 0.000000 0.000000 0.000000 1.000000
0.962814 0.270123 -0.004766 10.393300 0.269747 -0.960195 0.072541 0.000000 0.015019 -0.071129 -0.997354 0.000000 0.000000 0.000000 0.000000 1.000000
0.975332 0.219924 -0.019022 10.393300 0.220745 -0.971605 0.085182 0.000000 0.000252 -0.087280 -0.996184 0.000000 0.000000 0.000000 0.000000 1.000000
0.969203 0.246189 -0.006060 10.393300 0.245844 -0.965824 0.082126 0.000000 0.014365 -0.081086 -0.996604 -0.000000 0.000000 0.000000 0.000000 1.000000
0.959893 0.280104 0.012129 10.393300 0.278389 -0.957360 0.077212 0.000000 0.033239 -0.070739 -0.996941 -0.000000 0.000000 0.000000 0.000000 1.000000
0.962462 0.269454 0.032597 10.393300 0.266717 -0.961202 0.070375 0.000000 0.050295 -0.059040 -0.996988 0.000000 0.000000 0.000000 0.000000 1.000000
0.967501 0.247344 0.052554 10.393300 0.244553 -0.968116 0.054268 0.000000 0.064301 -0.039652 -0.997142 -0.000000 0.000000 0.000000 0.000000 1.000000
0.955702 0.287745 0.061941 10.393300 0.287310 -0.957704 0.016006 0.000000 0.063927 0.002500 -0.997951 -0.000000 0.000000 0.000000 0.000000 1.000000
0.928096 0.365246 0.072338 10.393300 0.367101 -0.930079 -0.013784 0.000000 0.062245 0.039348 -0.997285 0.000000 0.000000 0.000000 0.000000 1.000000</float_array><technique_common><accessor source="#Spine_01-Matrix-animation-output-transform-array" count="25" stride="16"><param type="float4x4"/></accessor></technique_common></source><source id="Spine_01-Interpolations"><Name_array id="Spine_01-Interpolations-array" count="25">
 LINEAR LINEAR LINEAR LINEAR LINEAR LINEAR LINEAR LINEAR LINEAR LINEAR LINEAR
LINEAR LINEAR LINEAR LINEAR LINEAR LINEAR LINEAR LINEAR LINEAR LINEAR LINEAR LINEAR
LINEAR LINEAR</Name_array><technique_common><accessor source="#Spine_01-Interpolations-array" count="25"><param type="name"/></accessor></technique_common></source><sampler id="Spine_01-Matrix-animation-transform"><input semantic="INPUT" source="#Spine_01-Matrix-animation-input"/><input semantic="OUTPUT" source="#Spine_01-Matrix-animation-output-transform"/><input semantic="INTERPOLATION" source="#Spine_01-Interpolations"/></sampler><channel source="#Spine_01-Matrix-animation-transform" target="Spine_01/matrix"/></animation>
    <animation id="Spine_02-anim" name="Spine_02"><source id="Spine_02-Matrix-animation-input"><float_array id="Spine_02-Matrix-animation-input-array" count="25">

0.000000 0.033333 0.066667 0.100000 0.133333 0.166667 0.200000 0.233333 0.266667 0.300000 0.333333 0.366667 0.400000 0.433333 0.466667 0.500000
0.533333 0.566667 0.600000 0.633333 0.666667 0.700000 0.733333 0.766667 0.800000</float_array><technique_common><accessor source="#Spine_02-Matrix-animation-input-array" count="25"><param name="TIME" type="float"/></accessor></technique_common></source><source id="Spine_02-Matrix-animation-output-transform"><float_array id="Spine_02-Matrix-animation-output-transform-array" count="400">

0.983228 0.181670 -0.016091 18.151199 0.182357 -0.980709 0.070405 0.000000 -0.002990 -0.072158 -0.997389 0.000000 0.000000 0.000000 0.000000 1.000000
0.979697 0.200313 -0.008262 18.151199 0.200438 -0.977777 0.061457 0.000000 0.004232 -0.061865 -0.998076 0.000000 0.000000 0.000000 0.000000 1.000000
0.975305 0.220852 0.002322 18.151199 0.220386 -0.973832 0.055500 -0.000000 0.014519 -0.053617 -0.998456 0.000000 0.000000 0.000000 0.000000 1.000000
0.971393 0.237302 0.009091 18.151199 0.236500 -0.970160 0.053448 0.000000 0.021503 -0.049769 -0.998529 0.000000 0.000000 0.000000 0.000000 1.000000
0.968038 0.250663 0.008346 18.151199 0.249972 -0.967005 0.049141 0.000000 0.020388 -0.045484 -0.998757 0.000000 0.000000 0.000000 0.000000 1.000000
0.975476 0.220006 -0.006683 18.151199 0.220092 -0.974594 0.041544 0.000000 0.002626 -0.041996 -0.999114 0.000000 0.000000 0.000000 0.000000 1.000000
0.985276 0.169569 -0.021856 18.151199 0.170344 -0.984551 0.040523 0.000000 -0.014647 -0.043650 -0.998940 0.000000 0.000000 0.000000 0.000000 1.000000
0.987030 0.159051 -0.021761 18.151199 0.159918 -0.986026 0.046668 0.000000 -0.014035 -0.049543 -0.998673 0.000000 0.000000 0.000000 0.000000 1.000000
0.984610 0.174238 -0.013588 18.151199 0.174720 -0.983167 0.053437 0.000000 -0.004048 -0.054988 -0.998479 0.000000 0.000000 0.000000 0.000000 1.000000
0.981772 0.190031 -0.003408 18.151199 0.189931 -0.980273 0.054689 0.000000 0.007052 -0.054339 -0.998498 0.000000 0.000000 0.000000 0.000000 1.000000
0.978664 0.205363 0.006565 18.151199 0.204672 -0.977185 0.056743 0.000000 0.018068 -0.054188 -0.998367 -0.000000 0.000000 0.000000 0.000000 1.000000
0.979575 0.200985 0.006204 18.151199 0.200243 -0.977842 0.061061 -0.000000 0.018338 -0.058572 -0.998115 0.000000 0.000000 0.000000 0.000000 1.000000
0.982635 0.185547 0.000437 18.151199 0.185058 -0.980211 0.070288 0.000000 0.013470 -0.068987 -0.997527 0.000000 0.000000 0.000000 0.000000 1.000000
0.986006 0.166686 -0.002763 18.151199 0.166351 -0.982668 0.081799 -0.000000 0.010920 -0.081114 -0.996645 -0.000000 0.000000 0.000000 0.000000 1.000000
0.988883 0.148490 -0.007776 18.151199 0.148561 -0.984445 0.093797 0.000000 0.006273 -0.093910 -0.995561 0.000000 0.000000 0.000000 0.000000 1.000000
0.990449 0.137218 -0.013467 18.151199 0.137874 -0.985088 0.102916 0.000000 0.000856 -0.103790 -0.994599 0.000000 0.000000 0.000000 0.000000 1.000000
0.987564 0.155828 -0.020851 18.151199 0.157172 -0.981733 0.107224 0.000000 -0.003762 -0.109168 -0.994016 0.000000 0.000000 0.000000 0.000000 1.000000
0.986753 0.161523 -0.015157 18.151199 0.162195 -0.980185 0.113708 -0.000000 0.003510 -0.114660 -0.993399 0.000000 0.000000 0.000000 0.000000 1.000000
0.988527 0.150793 -0.008736 18.151199 0.150747 -0.981289 0.119778 0.000000 0.009489 -0.119720 -0.992762 -0.000000 0.000000 0.000000 0.000000 1.000000
0.986059 0.165710 -0.015098 18.151199 0.166324 -0.978896 0.118737 0.000000 0.004897 -0.119592 -0.992811 -0.000000 0.000000 0.000000 0.000000 1.000000
0.983602 0.178932 -0.022580 18.151199 0.180345 -0.976911 0.114546 0.000000 -0.001563 -0.116740 -0.993161 -0.000000 0.000000 0.000000 0.000000 1.000000
0.985400 0.168389 -0.025136 18.151199 0.170150 -0.979185 0.110663 -0.000000 -0.005978 -0.113324 -0.993540 0.000000 0.000000 0.000000 0.000000 1.000000
0.988047 0.152126 -0.024900 18.151199 0.153898 -0.982717 0.102876 -0.000000 -0.008820 -0.105479 -0.994382 0.000000 0.000000 0.000000 0.000000 1.000000
0.986556 0.161898 -0.022258 18.151199 0.163218 -0.982937 0.084825 0.000000 -0.008145 -0.087318 -0.996147 0.000000 0.000000 0.000000 0.000000 1.000000
0.983228 0.181670 -0.016091 18.151199 0.182356 -0.980709 0.070405 0.000000 -0.002990 -0.072158 -0.997389 -0.000000 0.000000 0.000000 0.000000 1.000000</float_array><technique_common><accessor source="#Spine_02-Matrix-animation-output-transform-array" count="25" stride="16"><param type="float4x4"/></accessor></technique_common></source><source id="Spine_02-Interpolations"><Name_array id="Spine_02-Interpolations-array" count="25">
 LINEAR LINEAR LINEAR LINEAR LINEAR LINEAR LINEAR LINEAR LINEAR LINEAR LINEAR
LINEAR LINEAR LINEAR LINEAR LINEAR LINEAR LINEAR LINEAR LINEAR LINEAR LINEAR LINEAR
LINEAR LINEAR</Name_array><technique_common><accessor source="#Spine_02-Interpolations-array" count="25"><param type="name"/></accessor></technique_common></source><sampler id="Spine_02-Matrix-animation-transform"><input semantic="INPUT" source="#Spine_02-Matrix-animation-input"/><input semantic="OUTPUT" source="#Spine_02-Matrix-animation-output-transform"/><input semantic="INTERPOLATION" source="#Spine_02-Interpolations"/></sampler><channel source="#Spine_02-Matrix-animation-transform" target="Spine_02/matrix"/></animation>
    <animation id="Spine_03-anim" name="Spine_03"><source id="Spine_03-Matrix-animation-input"><float_array id="Spine_03-Matrix-animation-input-array" count="25">

0.000000 0.033333 0.066667 0.100000 0.133333 0.166667 0.200000 0.233333 0.266667 0.300000 0.333333 0.366667 0.400000 0.433333 0.466667 0.500000
0.533333 0.566667 0.600000 0.633333 0.666667 0.700000 0.733333 0.766667 0.800000</float_array><technique_common><accessor source="#Spine_03-Matrix-animation-input-array" count="25"><param name="TIME" type="float"/></accessor></technique_common></source><source id="Spine_03-Matrix-animation-output-transform"><float_array id="Spine_03-Matrix-animation-output-transform-array" count="400">

0.973487 0.228736 -0.001644 17.903700 0.228707 -0.973439 -0.010456 0.000000 -0.003992 0.009803 -0.999944 0.000000 0.000000 0.000000 0.000000 1.000000
0.977522 0.210686 -0.007877 17.903700 0.210487 -0.977376 -0.020791 0.000000 -0.012079 0.018666 -0.999753 -0.000000 0.000000 0.000000 0.000000 1.000000
0.981459 0.190812 -0.018140 17.903700 0.190260 -0.981321 -0.028449 0.000000 -0.023229 0.024470 -0.999431 0.000000 0.000000 0.000000 0.000000 1.000000
0.984285 0.174718 -0.025611 17.903700 0.173852 -0.984223 -0.032874 0.000000 -0.030951 0.027905 -0.999131 0.000000 0.000000 0.000000 0.000000 1.000000
0.986606 0.161193 -0.025002 17.903700 0.160214 -0.986383 -0.037158 -0.000000 -0.030651 0.032655 -0.998997 0.000000 0.000000 0.000000 0.000000 1.000000
0.981474 0.191451 -0.007365 17.903700 0.191001 -0.980738 -0.040873 0.000000 -0.015049 0.038709 -0.999137 0.000000 0.000000 0.000000 0.000000 1.000000
0.968754 0.247790 0.010731 17.903700 0.248021 -0.967976 -0.038841 0.000000 0.000763 0.040289 -0.999188 -0.000000 0.000000 0.000000 0.000000 1.000000
0.966487 0.256518 0.010028 17.903700 0.256711 -0.965928 -0.032899 0.000000 0.001247 0.034371 -0.999408 -0.000000 0.000000 0.000000 0.000000 1.000000
0.971396 0.237463 -0.000328 17.903700 0.237362 -0.971019 -0.027968 0.000000 -0.006960 0.027090 -0.999609 0.000000 0.000000 0.000000 0.000000 1.000000
0.974999 0.221898 -0.011760 17.903700 0.221495 -0.974744 -0.028544 -0.000000 -0.017797 0.025226 -0.999523 -0.000000 0.000000 0.000000 0.000000 1.000000
0.978052 0.207115 -0.022743 17.903700 0.206461 -0.978051 -0.028115 0.000000 -0.028067 0.022803 -0.999346 0.000000 0.000000 0.000000 0.000000 1.000000
0.977601 0.208990 -0.024884 17.903700 0.208426 -0.977757 -0.023465 0.000000 -0.029234 0.017753 -0.999415 0.000000 0.000000 0.000000 0.000000 1.000000
0.974102 0.225073 -0.021638 17.903700 0.224826 -0.974308 -0.013273 0.000000 -0.024069 0.008064 -0.999678 0.000000 0.000000 0.000000 0.000000 1.000000
0.969470 0.244581 -0.017574 17.903700 0.244589 -0.969625 -0.001730 0.000000 -0.017464 -0.002621 -0.999844 0.000000 0.000000 0.000000 0.000000 1.000000
0.965016 0.261854 -0.013302 17.903700 0.262002 -0.965006 0.010926 0.000000 -0.009976 -0.014029 -0.999852 0.000000 0.000000 0.000000 0.000000 1.000000
0.962161 0.272385 -0.007227 17.903700 0.272477 -0.961936 0.020863 0.000000 -0.001269 -0.022043 -0.999756 -0.000000 0.000000 0.000000 0.000000 1.000000
0.967157 0.254169 -0.002393 17.903700 0.254141 -0.966799 0.026677 0.000000 0.004467 -0.026409 -0.999641 0.000000 0.000000 0.000000 0.000000 1.000000
0.968474 0.248849 -0.011506 17.903700 0.249096 -0.967933 0.032503 0.000000 -0.003048 -0.034344 -0.999405 0.000000 0.000000 0.000000 0.000000 1.000000
0.965589 0.259311 -0.019879 17.903700 0.259891 -0.964946 0.036558 0.000000 -0.009702 -0.040467 -0.999134 -0.000000 0.000000 0.000000 0.000000 1.000000
0.969528 0.244641 -0.012892 17.903700 0.244956 -0.968832 0.036891 0.000000 -0.003465 -0.038925 -0.999236 0.000000 0.000000 0.000000 0.000000 1.000000
0.972869 0.231311 -0.004615 17.903700 0.231330 -0.972257 0.034675 0.000000 0.003534 -0.034802 -0.999388 0.000000 0.000000 0.000000 0.000000 1.000000
0.970470 0.241217 -0.001858 17.903700 0.241156 -0.969987 0.031122 0.000000 0.005705 -0.030651 -0.999514 0.000000 0.000000 0.000000 0.000000 1.000000
0.966428 0.256935 -0.000849 17.903700 0.256883 -0.966154 0.023600 0.000000 0.005243 -0.023025 -0.999721 0.000000 0.000000 0.000000 0.000000 1.000000
0.968816 0.247782 0.000009 17.903700 0.247778 -0.968802 0.005306 -0.000000 0.001323 -0.005138 -0.999986 0.000000 0.000000 0.000000 0.000000 1.000000
0.973487 0.228736 -0.001644 17.903700 0.228707 -0.973439 -0.010456 0.000000 -0.003992 0.009803 -0.999944 -0.000000 0.000000 0.000000 0.000000 1.000000</float_array><technique_common><accessor source="#Spine_03-Matrix-animation-output-transform-array" count="25" stride="16"><param type="float4x4"/></accessor></technique_common></source><source id="Spine_03-Interpolations"><Name_array id="Spine_03-Interpolations-array" count="25">
 LINEAR LINEAR LINEAR LINEAR LINEAR LINEAR LINEAR LINEAR LINEAR LINEAR LINEAR
LINEAR LINEAR LINEAR LINEAR LINEAR LINEAR LINEAR LINEAR LINEAR LINEAR LINEAR LINEAR
LINEAR LINEAR</Name_array><technique_common><accessor source="#Spine_03-Interpolations-array" count="25"><param type="name"/></accessor></technique_common></source><sampler id="Spine_03-Matrix-animation-transform"><input semantic="INPUT" source="#Spine_03-Matrix-animation-input"/><input semantic="OUTPUT" source="#Spine_03-Matrix-animation-output-transform"/><input semantic="INTERPOLATION" source="#Spine_03-Interpolations"/></sampler><channel source="#Spine_03-Matrix-animation-transform" target="Spine_03/matrix"/></animation>
    <animation id="Neck-anim" name="Neck"><source id="Neck-Matrix-animation-input"><float_array id="Neck-Matrix-animation-input-array" count="25">

0.000000 0.033333 0.066667 0.100000 0.133333 0.166667 0.200000 0.233333 0.266667 0.300000 0.333333 0.366667 0.400000 0.433333 0.466667 0.500000
0.533333 0.566667 0.600000 0.633333 0.666667 0.700000 0.733333 0.766667 0.800000</float_array><technique_common><accessor source="#Neck-Matrix-animation-input-array" count="25"><param name="TIME" type="float"/></accessor></technique_common></source><source id="Neck-Matrix-animation-output-transform"><float_array id="Neck-Matrix-animation-output-transform-array" count="400">

0.998649 0.051886 0.002961 11.189000 -0.051824 0.998491 -0.018175 0.000000 -0.003900 0.017997 0.999830 -0.000000 0.000000 0.000000 0.000000 1.000000
0.998569 0.053371 0.003256 11.189000 -0.053279 0.998296 -0.023814 0.000000 -0.004522 0.023607 0.999711 0.000000 0.000000 0.000000 0.000000 1.000000
0.998182 0.059911 0.006509 11.189000 -0.059690 0.997763 -0.030116 0.000000 -0.008298 0.029673 0.999525 0.000000 0.000000 0.000000 0.000000 1.000000
0.997842 0.064744 0.010904 11.189000 -0.064319 0.997293 -0.035632 -0.000000 -0.013181 0.034853 0.999306 0.000000 0.000000 0.000000 0.000000 1.000000
0.997606 0.068214 0.011339 11.189000 -0.067716 0.996917 -0.039645 -0.000000 -0.014008 0.038783 0.999149 0.000000 0.000000 0.000000 0.000000 1.000000
0.997567 0.068751 0.011535 11.189000 -0.068202 0.996760 -0.042630 -0.000000 -0.014429 0.041739 0.999024 -0.000000 0.000000 0.000000 0.000000 1.000000
0.997834 0.064482 0.013005 11.189000 -0.063859 0.997001 -0.043710 -0.000000 -0.015785 0.042784 0.998960 0.000000 0.000000 0.000000 0.000000 1.000000
0.998086 0.059848 0.015594 11.189000 -0.059116 0.997290 -0.043793 -0.000000 -0.018173 0.042787 0.998919 0.000000 0.000000 0.000000 0.000000 1.000000
0.998111 0.059377 0.015801 11.189000 -0.058644 0.997335 -0.043411 0.000000 -0.018337 0.042402 0.998932 -0.000000 0.000000 0.000000 0.000000 1.000000
0.997992 0.062073 0.012623 11.189000 -0.061515 0.997281 -0.040586 0.000000 -0.015108 0.039728 0.999096 -0.000000 0.000000 0.000000 0.000000 1.000000
0.997812 0.065783 0.006693 11.189000 -0.065516 0.997260 -0.034350 0.000000 -0.008934 0.033836 0.999387 0.000000 0.000000 0.000000 0.000000 1.000000
0.997668 0.068241 0.001292 11.189000 -0.068184 0.997332 -0.026087 -0.000000 -0.003069 0.025938 0.999659 0.000000 0.000000 0.000000 0.000000 1.000000
0.997655 0.068404 -0.002142 11.189000 -0.068430 0.997517 -0.016669 0.000000 0.000997 0.016777 0.999859 0.000000 0.000000 0.000000 0.000000 1.000000
0.997840 0.065519 -0.004800 11.189000 -0.065552 0.997823 -0.007213 -0.000000 0.004317 0.007512 0.999962 0.000000 0.000000 0.000000 0.000000 1.000000
0.997754 0.066598 -0.007246 11.189000 -0.066598 0.997780 0.000290 -0.000000 0.007249 0.000193 0.999974 -0.000000 0.000000 0.000000 0.000000 1.000000
0.997596 0.068733 -0.008786 11.189000 -0.068696 0.997628 0.004458 0.000000 0.009072 -0.003844 0.999951 0.000000 0.000000 0.000000 0.000000 1.000000
0.997435 0.071064 -0.008582 11.189000 -0.071012 0.997456 0.006217 -0.000000 0.009002 -0.005591 0.999944 0.000000 0.000000 0.000000 0.000000 1.000000
0.997526 0.070013 -0.006335 11.189000 -0.069969 0.997525 0.006869 0.000000 0.006800 -0.006409 0.999956 -0.000000 0.000000 0.000000 0.000000 1.000000
0.997719 0.067415 -0.003603 11.189000 -0.067380 0.997688 0.008905 0.000000 0.004195 -0.008642 0.999954 -0.000000 0.000000 0.000000 0.000000 1.000000
0.997955 0.063758 -0.004636 11.189000 -0.063652 0.997766 0.020278 0.000000 0.005918 -0.019941 0.999784 -0.000000 0.000000 0.000000 0.000000 1.000000
0.998182 0.059613 -0.008860 11.189000 -0.059229 0.997495 0.038674 0.000000 0.011143 -0.038079 0.999213 -0.000000 0.000000 0.000000 0.000000 1.000000
0.998375 0.055971 -0.010750 11.189000 -0.055436 0.997453 0.044883 0.000000 0.013235 -0.044214 0.998934 -0.000000 0.000000 0.000000 0.000000 1.000000
0.998552 0.053252 -0.007598 11.189000 -0.053000 0.998139 0.030149 0.000000 0.009190 -0.029703 0.999517 -0.000000 0.000000 0.000000 0.000000 1.000000
0.998654 0.051816 -0.002101 11.189000 -0.051803 0.998642 0.005575 0.000000 0.002387 -0.005459 0.999982 0.000000 0.000000 0.000000 0.000000 1.000000
0.998649 0.051886 0.002961 11.189000 -0.051824 0.998491 -0.018175 0.000000 -0.003900 0.017997 0.999830 -0.000000 0.000000 0.000000 0.000000 1.000000</float_array><technique_common><accessor source="#Neck-Matrix-animation-output-transform-array" count="25" stride="16"><param type="float4x4"/></accessor></technique_common></source><source id="Neck-Interpolations"><Name_array id="Neck-Interpolations-array" count="25">
 LINEAR LINEAR LINEAR LINEAR LINEAR LINEAR LINEAR LINEAR LINEAR LINEAR LINEAR
LINEAR LINEAR LINEAR LINEAR LINEAR LINEAR LINEAR LINEAR LINEAR LINEAR LINEAR LINEAR
LINEAR LINEAR</Name_array><technique_common><accessor source="#Neck-Interpolations-array" count="25"><param type="name"/></accessor></technique_common></source><sampler id="Neck-Matrix-animation-transform"><input semantic="INPUT" source="#Neck-Matrix-animation-input"/><input semantic="OUTPUT" source="#Neck-Matrix-animation-output-transform"/><input semantic="INTERPOLATION" source="#Neck-Interpolations"/></sampler><channel source="#Neck-Matrix-animation-transform" target="Neck/matrix"/></animation>
    <animation id="Head-anim" name="Head"><source id="Head-Matrix-animation-input"><float_array id="Head-Matrix-animation-input-array" count="25">

0.000000 0.033333 0.066667 0.100000 0.133333 0.166667 0.200000 0.233333 0.266667 0.300000 0.333333 0.366667 0.400000 0.433333 0.466667 0.500000
0.533333 0.566667 0.600000 0.633333 0.666667 0.700000 0.733333 0.766667 0.800000</float_array><technique_common><accessor source="#Head-Matrix-animation-input-array" count="25"><param name="TIME" type="float"/></accessor></technique_common></source><source id="Head-Matrix-animation-output-transform"><float_array id="Head-Matrix-animation-output-transform-array" count="400">

-0.004469 0.981786 0.189935 12.164400 0.017865 0.189985 -0.981624 0.000000 -0.999830 -0.000994 -0.018389 0.000000 0.000000 0.000000 0.000000 1.000000
-0.005738 0.982056 0.188502 12.164400 0.026214 0.188588 -0.981706 0.000000 -0.999640 -0.000692 -0.026826 0.000000 0.000000 0.000000 0.000000 1.000000
-0.010037 0.983236 0.182058 12.164400 0.035340 0.182303 -0.982607 0.000000 -0.999325 -0.003428 -0.036577 -0.000000 0.000000 0.000000 0.000000 1.000000
-0.015394 0.984048 0.177238 12.164400 0.043649 0.177752 -0.983107 0.000000 -0.998928 -0.007398 -0.045689 -0.000000 0.000000 0.000000 0.000000 1.000000
-0.016624 0.984645 0.173776 12.164400 0.050541 0.174405 -0.983376 0.000000 -0.998584 -0.007565 -0.052665 -0.000000 0.000000 0.000000 0.000000 1.000000
-0.017470 0.984730 0.173209 12.164400 0.055919 0.173926 -0.983170 0.000000 -0.998282 -0.007490 -0.058103 0.000000 0.000000 0.000000 0.000000 1.000000
-0.019358 0.983954 0.177368 12.164400 0.058434 0.178212 -0.982256 -0.000000 -0.998104 -0.008650 -0.060946 0.000000 0.000000 0.000000 0.000000 1.000000
-0.022095 0.983073 0.181877 12.164400 0.058718 0.182884 -0.981380 0.000000 -0.998030 -0.011004 -0.061765 0.000000 0.000000 0.000000 0.000000 1.000000
-0.022134 0.982984 0.182354 12.164400 0.057514 0.183349 -0.981364 -0.000000 -0.998099 -0.011233 -0.060594 0.000000 0.000000 0.000000 0.000000 1.000000
-0.018374 0.983533 0.179793 12.164400 0.053175 0.180530 -0.982131 -0.000000 -0.998416 -0.008485 -0.055617 -0.000000 0.000000 0.000000 0.000000 1.000000
-0.011468 0.984276 0.176263 12.164400 0.044984 0.176604 -0.983254 0.000000 -0.998922 -0.003347 -0.046302 0.000000 0.000000 0.000000 0.000000 1.000000
-0.004891 0.984748 0.173917 12.164400 0.034370 0.173982 -0.984149 0.000000 -0.999397 0.001164 -0.034697 0.000000 0.000000 0.000000 0.000000 1.000000
-0.000222 0.984787 0.173768 12.164400 0.022412 0.173730 -0.984538 0.000000 -0.999749 0.003676 -0.022110 0.000000 0.000000 0.000000 0.000000 1.000000
0.003726 0.984277 0.176590 12.164400 0.010636 0.176542 -0.984236 0.000000 -0.999936 0.005546 -0.009811 0.000000 0.000000 0.000000 0.000000 1.000000
0.007096 0.984460 0.175467 12.164400 0.001419 0.175461 -0.984485 0.000000 -0.999974 0.007235 -0.000152 -0.000000 0.000000 0.000000 0.000000 1.000000
0.009109 0.984822 0.173325 12.164400 -0.003602 0.173364 -0.984851 -0.000000 -0.999952 0.008347 0.005127 0.000000 0.000000 0.000000 0.000000 1.000000
0.009070 0.985225 0.171025 12.164400 -0.005479 0.171079 -0.985242 0.000000 -0.999944 0.008000 0.006950 0.000000 0.000000 0.000000 0.000000 1.000000
0.007298 0.985060 0.172058 12.164400 -0.006553 0.172106 -0.985057 0.000000 -0.999952 0.006062 0.007711 0.000000 0.000000 0.000000 0.000000 1.000000
0.004574 0.984642 0.174526 12.164400 -0.006735 0.174554 -0.984625 0.000000 -0.999967 0.003328 0.007430 0.000000 0.000000 0.000000 0.000000 1.000000
0.002374 0.984096 0.177621 12.164400 -0.005282 0.177631 -0.984083 -0.000000 -0.999983 0.001398 0.005620 -0.000000 0.000000 0.000000 0.000000 1.000000
0.000318 0.983489 0.180967 12.164400 -0.001813 0.180967 -0.983487 0.000000 -0.999998 -0.000016 0.001840 0.000000 0.000000 0.000000 0.000000 1.000000
-0.001553 0.982863 0.184331 12.164400 0.002819 0.184335 -0.982859 0.000000 -0.999995 -0.001007 -0.003057 -0.000000 0.000000 0.000000 0.000000 1.000000
-0.003079 0.982325 0.187157 12.164400 0.008081 0.187176 -0.982293 0.000000 -0.999963 -0.001512 -0.008515 -0.000000 0.000000 0.000000 0.000000 1.000000
-0.004108 0.981942 0.189140 12.164400 0.013307 0.189178 -0.981853 0.000000 -0.999903 -0.001517 -0.013844 -0.000000 0.000000 0.000000 0.000000 1.000000
-0.004469 0.981786 0.189937 12.164400 0.017865 0.189987 -0.981624 0.000000 -0.999830 -0.000994 -0.018389 0.000000 0.000000 0.000000 0.000000 1.000000</float_array><technique_common><accessor source="#Head-Matrix-animation-output-transform-array" count="25" stride="16"><param type="float4x4"/></accessor></technique_common></source><source id="Head-Interpolations"><Name_array id="Head-Interpolations-array" count="25">
 LINEAR LINEAR LINEAR LINEAR LINEAR LINEAR LINEAR LINEAR LINEAR LINEAR LINEAR
LINEAR LINEAR LINEAR LINEAR LINEAR LINEAR LINEAR LINEAR LINEAR LINEAR LINEAR LINEAR
LINEAR LINEAR</Name_array><technique_common><accessor source="#Head-Interpolations-array" count="25"><param type="name"/></accessor></technique_common></source><sampler id="Head-Matrix-animation-transform"><input semantic="INPUT" source="#Head-Matrix-animation-input"/><input semantic="OUTPUT" source="#Head-Matrix-animation-output-transform"/><input semantic="INTERPOLATION" source="#Head-Interpolations"/></sampler><channel source="#Head-Matrix-animation-transform" target="Head/matrix"/></animation>
    <animation id="Clavicle_L-anim" name="Clavicle_L"><source id="Clavicle_L-Matrix-animation-input"><float_array id="Clavicle_L-Matrix-animation-input-array" count="25">

0.000000 0.033333 0.066667 0.100000 0.133333 0.166667 0.200000 0.233333 0.266667 0.300000 0.333333 0.366667 0.400000 0.433333 0.466667 0.500000
0.533333 0.566667 0.600000 0.633333 0.666667 0.700000 0.733333 0.766667 0.800000</float_array><technique_common><accessor source="#Clavicle_L-Matrix-animation-input-array" count="25"><param name="TIME" type="float"/></accessor></technique_common></source><source id="Clavicle_L-Matrix-animation-output-transform"><float_array id="Clavicle_L-Matrix-animation-output-transform-array" count="400">

-0.182436 0.982448 -0.038898 5.801200 0.470606 0.052517 -0.880779 -4.191400 -0.863277 -0.178992 -0.471927 -7.447200 0.000000 0.000000 0.000000 1.000000
-0.132738 0.990880 -0.023199 5.801200 0.478060 0.043502 -0.877249 -4.191400 -0.868239 -0.127535 -0.479475 -7.447200 0.000000 0.000000 0.000000 1.000000
-0.093231 0.995589 -0.010513 5.801200 0.484146 0.036106 -0.874242 -4.191400 -0.870006 -0.086597 -0.485376 -7.447200 0.000000 0.000000 0.000000 1.000000
-0.092592 0.995597 -0.014593 5.801200 0.491373 0.032942 -0.870326 -4.191400 -0.866014 -0.087756 -0.492259 -7.447200 0.000000 0.000000 0.000000 1.000000
-0.096680 0.995145 -0.018400 5.801200 0.502223 0.032814 -0.864115 -4.191400 -0.859317 -0.092784 -0.502957 -7.447200 0.000000 0.000000 0.000000 1.000000
-0.102059 0.994558 -0.020928 5.801200 0.505641 0.033747 -0.862084 -4.191400 -0.856686 -0.098566 -0.506333 -7.447200 0.000000 0.000000 0.000000 1.000000
-0.109195 0.993750 -0.023182 5.801200 0.505418 0.035424 -0.862147 -4.191400 -0.855938 -0.105859 -0.506127 -7.447200 0.000000 0.000000 0.000000 1.000000
-0.117449 0.992727 -0.026437 5.801200 0.512154 0.037742 -0.858064 -4.191400 -0.850825 -0.114319 -0.512862 -7.447200 0.000000 0.000000 0.000000 1.000000
