<?xml version="1.0" encoding="utf-8"?>
<COLLADA xmlns="http://www.collada.org/2005/11/COLLADASchema" version="1.4.1">
  <asset><contributor><author>Mixamo</author><authoring_tool>COLLADA Mixamo exporter</authoring_tool><comments></comments></contributor><created>2020-08-28T19:18:47Z</created><modified>2020-08-28T19:18:47Z</modified><revision></revision><title></title><unit meter="1.000000"/><up_axis>Y_UP</up_axis></asset>
  <library_animations>
    <animation id="Root-anim" name="Root"><source id="Root-Matrix-animation-input"><float_array id="Root-Matrix-animation-input-array" count="26">

0.000000 0.033333 0.066667 0.100000 0.133333 0.166667 0.200000 0.233333 0.266667 0.300000 0.333333 0.366667 0.400000 0.433333 0.466667 0.500000
0.533333 0.566667 0.600000 0.633333 0.666667 0.700000 0.733333 0.766667 0.800000 0.833333</float_array><technique_common><accessor source="#Root-Matrix-animation-input-array" count="26"><param name="TIME" type="float"/></accessor></technique_common></source><source id="Root-Matrix-animation-output-transform"><float_array id="Root-Matrix-animation-output-transform-array" count="416">

0.009981 -0.000607 -0.000114 0.054681 0.000578 0.009834 -0.001719 -0.016052 0.000217 0.001709 0.009851 -0.151160 0.000000 0.000000 0.000000 1.000000
0.009954 -0.000882 -0.000386 0.080598 0.000798 0.009802 -0.001810 0.003392 0.000538 0.001771 0.009827 -0.168850 0.000000 0.000000 0.000000 1.000000
0.009932 -0.001025 -0.000559 0.094788 0.000896 0.009761 -0.001980 0.019600 0.000749 0.001916 0.009786 -0.190504 0.000000 0.000000 0.000000 1.000000
0.009921 -0.001076 -0.000647 0.100718 0.000918 0.009732 -0.002109 0.032464 0.000856 0.002033 0.009754 -0.204533 0.000000 0.000000 0.000000 1.000000
0.009939 -0.000954 -0.000557 0.089211 0.000807 0.009715 -0.002228 0.044670 0.000754 0.002169 0.009733 -0.213867 0.000000 0.000000 0.000000 1.000000
0.009969 -0.000731 -0.000285 0.067802 0.000651 0.009733 -0.002202 0.042297 0.000438 0.002177 0.009750 -0.208321 0.000000 0.000000 0.000000 1.000000
0.009982 -0.000589 0.000090 0.053726 0.000595 0.009734 -0.002211 0.033578 0.000043 0.002213 0.009752 -0.209431 0.000000 0.000000 0.000000 1.000000
0.009975 -0.000523 0.000467 0.045721 0.000614 0.009731 -0.002218 0.021756 -0.000338 0.002242 0.009740 -0.217938 0.000000 0.000000 0.000000 1.000000
0.009971 -0.000503 0.000577 0.042704 0.000618 0.009739 -0.002183 0.003032 -0.000452 0.002212 0.009742 -0.217070 0.000000 0.000000 0.000000 1.000000
0.009970 -0.000587 0.000506 0.050121 0.000687 0.009715 -0.002268 -0.008596 -0.000359 0.002296 0.009726 -0.231403 0.000000 0.000000 0.000000 1.000000
0.009969 -0.000512 0.000601 0.042962 0.000636 0.009715 -0.002282 -0.013878 -0.000467 0.002313 0.009718 -0.244615 0.000000 0.000000 0.000000 1.000000
0.009958 -0.000273 0.000874 0.023066 0.000473 0.009707 -0.002356 -0.006076 -0.000785 0.002387 0.009679 -0.259402 0.000000 0.000000 0.000000 1.000000
0.009937 0.000055 0.001115 -0.003316 0.000231 0.009670 -0.002537 0.010009 -0.001092 0.002547 0.009608 -0.281238 0.000000 0.000000 0.000000 1.000000
0.009908 0.000374 0.001299 -0.029577 -0.000019 0.009648 -0.002631 0.027354 -0.001351 0.002604 0.009560 -0.290646 0.000000 0.000000 0.000000 1.000000
0.009883 0.000640 0.001381 -0.053390 -0.000238 0.009611 -0.002752 0.040908 -0.001504 0.002687 0.009514 -0.298395 0.000000 0.000000 0.000000 1.000000
0.009874 0.000778 0.001376 -0.064161 -0.000347 0.009558 -0.002919 0.057049 -0.001542 0.002835 0.009465 -0.306886 0.000000 0.000000 0.000000 1.000000
0.009894 0.000697 0.001271 -0.054996 -0.000294 0.009551 -0.002947 0.064807 -0.001419 0.002878 0.009471 -0.298627 0.000000 0.000000 0.000000 1.000000
0.009920 0.000592 0.001115 -0.045193 -0.000263 0.009607 -0.002764 0.055517 -0.001235 0.002713 0.009546 -0.274862 0.000000 0.000000 0.000000 1.000000
0.009928 0.000527 0.001077 -0.039425 -0.000238 0.009670 -0.002537 0.036819 -0.001175 0.002493 0.009613 -0.249712 0.000000 0.000000 0.000000 1.000000
0.009931 0.000475 0.001074 -0.034574 -0.000217 0.009731 -0.002292 0.016226 -0.001154 0.002253 0.009674 -0.222271 0.000000 0.000000 0.000000 1.000000
0.009935 0.000411 0.001061 -0.028305 -0.000186 0.009786 -0.002049 -0.005530 -0.001123 0.002016 0.009730 -0.193500 0.000000 0.000000 0.000000 1.000000
0.009944 0.000331 0.001008 -0.022041 -0.000142 0.009831 -0.001826 -0.024339 -0.001051 0.001801 0.009780 -0.170992 0.000000 0.000000 0.000000 1.000000
0.009960 0.000252 0.000854 -0.016083 -0.000106 0.009860 -0.001665 -0.036726 -0.000884 0.001649 0.009823 -0.158428 0.000000 0.000000 0.000000 1.000000
0.009988 0.000009 0.000498 0.004029 0.000075 0.009858 -0.001680 -0.039459 -0.000493 0.001682 0.009845 -0.160214 0.000000 0.000000 0.000000 1.000000
0.009994 -0.000310 0.000144 0.030512 0.000330 0.009850 -0.001695 -0.031151 -0.000089 0.001699 0.009854 -0.159208 0.000000 0.000000 0.000000 1.000000
0.009981 -0.000607 -0.000114 0.054683 0.000578 0.009834 -0.001719 -0.016050 0.000217 0.001709 0.009851 -0.151159 0.000000 0.000000 0.000000 1.000000</float_array><technique_common><accessor source="#Root-Matrix-animation-output-transform-array" count="26" stride="16"><param type="float4x4"/></accessor></technique_common></source><source id="Root-Interpolations"><Name_array id="Root-Interpolations-array" count="26">
 LINEAR LINEAR LINEAR LINEAR LINEAR LINEAR LINEAR LINEAR LINEAR LINEAR LINEAR
LINEAR LINEAR LINEAR LINEAR LINEAR LINEAR LINEAR LINEAR LINEAR LINEAR LINEAR LINEAR
LINEAR LINEAR LINEAR</Name_array><technique_common><accessor source="#Root-Interpolations-array" count="26"><param type="name"/></accessor></technique_common></source><sampler id="Root-Matrix-animation-transform"><input semantic="INPUT" source="#Root-Matrix-animation-input"/><input semantic="OUTPUT" source="#Root-Matrix-animation-output-transform"/><input semantic="INTERPOLATION" source="#Root-Interpolations"/></sampler><channel source="#Root-Matrix-animation-transform" target="Root/matrix"/></animation>
    <animation id="Hips-anim" name="Hips"><source id="Hips-Matrix-animation-input"><float_array id="Hips-Matrix-animation-input-array" count="26">

0.000000 0.033333 0.066667 0.100000 0.133333 0.166667 0.200000 0.233333 0.266667 0.300000 0.333333 0.366667 0.400000 0.433333 0.466667 0.500000
0.533333 0.566667 0.600000 0.633333 0.666667 0.700000 0.733333 0.766667 0.800000 0.833333</float_array><technique_common><accessor source="#Hips-Matrix-animation-input-array" count="26"><param name="TIME" type="float"/></accessor></technique_common></source><source id="Hips-Matrix-animation-output-transform"><float_array id="Hips-Matrix-animation-output-transform-array" count="416">

-0.000001 0.000000 1.000000 0.000000 0.988775 0.149411 0.000001 87.627602 -0.149411 0.988775 -0.000000 0.000000 0.000000 0.000000 0.000000 1.000000
-0.000001 0.000000 1.000000 -0.000000 0.988775 0.149411 0.000001 87.627602 -0.149411 0.988775 -0.000000 0.000000 0.000000 0.000000 0.000000 1.000000
-0.000001 0.000000 1.000000 0.000000 0.988775 0.149411 0.000001 87.627602 -0.149411 0.988775 -0.000000 -0.000000 0.000000 0.000000 0.000000 1.000000
-0.000001 0.000000 1.000000 0.000000 0.988775 0.149411 0.000001 87.627602 -0.149411 0.988775 -0.000000 0.000000 0.000000 0.000000 0.000000 1.000000
-0.000001 0.000000 1.000000 0.000000 0.988775 0.149411 0.000001 87.627602 -0.149411 0.988775 -0.000000 0.000000 0.000000 0.000000 0.000000 1.000000
-0.000001 0.000000 1.000000 0.000000 0.988775 0.149411 0.000001 87.627602 -0.149411 0.988775 -0.000000 0.000000 0.000000 0.000000 0.000000 1.000000
-0.000001 0.000000 1.000000 0.000000 0.988775 0.149411 0.000001 87.627602 -0.149411 0.988775 -0.000000 -0.000000 0.000000 0.000000 0.000000 1.000000
-0.000001 0.000000 1.000000 0.000000 0.988775 0.149411 0.000001 87.627602 -0.149411 0.988775 -0.000000 0.000000 0.000000 0.000000 0.000000 1.000000
-0.000001 0.000000 1.000000 -0.000000 0.988775 0.149411 0.000001 87.627602 -0.149411 0.988775 -0.000000 0.000000 0.000000 0.000000 0.000000 1.000000
-0.000001 0.000000 1.000000 0.000000 0.988775 0.149411 0.000001 87.627602 -0.149411 0.988775 -0.000000 0.000000 0.000000 0.000000 0.000000 1.000000
-0.000001 0.000000 1.000000 -0.000000 0.988775 0.149411 0.000001 87.627602 -0.149411 0.988775 -0.000000 0.000000 0.000000 0.000000 0.000000 1.000000
-0.000001 0.000000 1.000000 0.000000 0.988775 0.149411 0.000001 87.627602 -0.149411 0.988775 -0.000000 0.000000 0.000000 0.000000 0.000000 1.000000
-0.000001 0.000000 1.000000 0.000000 0.988775 0.149411 0.000001 87.627602 -0.149411 0.988775 -0.000000 0.000000 0.000000 0.000000 0.000000 1.000000
-0.000001 0.000000 1.000000 -0.000000 0.988775 0.149411 0.000001 87.627602 -0.149411 0.988775 -0.000000 0.000000 0.000000 0.000000 0.000000 1.000000
-0.000001 0.000000 1.000000 0.000000 0.988775 0.149411 0.000001 87.627602 -0.149411 0.988775 -0.000000 -0.000000 0.000000 0.000000 0.000000 1.000000
-0.000001 0.000000 1.000000 -0.000000 0.988775 0.149411 0.000001 87.627602 -0.149411 0.988775 -0.000000 0.000000 0.000000 0.000000 0.000000 1.000000
-0.000001 0.000000 1.000000 -0.000000 0.988775 0.149411 0.000001 87.627602 -0.149411 0.988775 -0.000000 0.000000 0.000000 0.000000 0.000000 1.000000
-0.000001 0.000000 1.000000 0.000000 0.988775 0.149411 0.000001 87.627602 -0.149411 0.988775 -0.000000 0.000000 0.000000 0.000000 0.000000 1.000000
-0.000001 0.000000 1.000000 0.000000 0.988775 0.149411 0.000001 87.627602 -0.149411 0.988775 -0.000000 -0.000000 0.000000 0.000000 0.000000 1.000000
-0.000001 0.000000 1.000000 0.000000 0.988775 0.149411 0.000001 87.627602 -0.149411 0.988775 -0.000000 0.000000 0.000000 0.000000 0.000000 1.000000
-0.000001 0.000000 1.000000 -0.000000 0.988775 0.149411 0.000001 87.627602 -0.149411 0.988775 -0.000000 0.000000 0.000000 0.000000 0.000000 1.000000
-0.000001 0.000000 1.000000 0.000000 0.988775 0.149411 0.000001 87.627602 -0.149411 0.988775 -0.000000 0.000000 0.000000 0.000000 0.000000 1.000000
-0.000001 0.000000 1.000000 -0.000000 0.988775 0.149411 0.000001 87.627602 -0.149411 0.988775 -0.000000 0.000000 0.000000 0.000000 0.000000 1.000000
-0.000001 0.000000 1.000000 0.000000 0.988775 0.149411 0.000001 87.627602 -0.149411 0.988775 -0.000000 -0.000000 0.000000 0.000000 0.000000 1.000000
-0.000001 0.000000 1.000000 0.000000 0.988775 0.149411 0.000001 87.627602 -0.149411 0.988775 -0.000000 0.000000 0.000000 0.000000 0.000000 1.000000
-0.000001 0.000000 1.000000 0.000000 0.988775 0.149411 0.000001 87.627602 -0.149411 0.988775 -0.000000 0.000000 0.000000 0.000000 0.000000 1.000000</float_array><technique_common><accessor source="#Hips-Matrix-animation-output-transform-array" count="26" stride="16"><param type="float4x4"/></accessor></technique_common></source><source id="Hips-Interpolations"><Name_array id="Hips-Interpolations-array" count="26">
 LINEAR LINEAR LINEAR LINEAR LINEAR LINEAR LINEAR LINEAR LINEAR LINEAR LINEAR
LINEAR LINEAR LINEAR LINEAR LINEAR LINEAR LINEAR LINEAR LINEAR LINEAR LINEAR LINEAR
LINEAR LINEAR LINEAR</Name_array><technique_common><accessor source="#Hips-Interpolations-array" count="26"><param type="name"/></accessor></technique_common></source><sampler id="Hips-Matrix-animation-transform"><input semantic="INPUT" source="#Hips-Matrix-animation-input"/><input semantic="OUTPUT" source="#Hips-Matrix-animation-output-transform"/><input semantic="INTERPOLATION" source="#Hips-Interpolations"/></sampler><channel source="#Hips-Matrix-animation-transform" target="Hips/matrix"/></animation>
    <animation id="Spine_01-anim" name="Spine_01"><source id="Spine_01-Matrix-animation-input"><float_array id="Spine_01-Matrix-animation-input-array" count="26">

0.000000 0.033333 0.066667 0.100000 0.133333 0.166667 0.200000 0.233333 0.266667 0.300000 0.333333 0.366667 0.400000 0.433333 0.466667 0.500000
0.533333 0.566667 0.600000 0.633333 0.666667 0.700000 0.733333 0.766667 0.800000 0.833333</float_array><technique_common><accessor source="#Spine_01-Matrix-animation-input-array" count="26"><param name="TIME" type="float"/></accessor></technique_common></source><source id="Spine_01-Matrix-animation-output-transform"><float_array id="Spine_01-Matrix-animation-output-transform-array" count="416">

0.938285 0.345583 0.013897 10.393300 0.344157 -0.936891 0.061574 0.000000 0.034299 -0.052992 -0.998006 0.000000 0.000000 0.000000 0.000000 1.000000
0.940309 0.338238 0.037600 10.393300 0.333893 -0.938272 0.090334 0.000000 0.065833 -0.072388 -0.995201 0.000000 0.000000 0.000000 0.000000 1.000000
0.941958 0.331695 0.051888 10.393300 0.324898 -0.939557 0.108040 0.000000 0.084588 -0.084911 -0.992791 0.000000 0.000000 0.000000 0.000000 1.000000
0.943947 0.324088 0.062696 10.393300 0.315813 -0.941930 0.114150 0.000000 0.096050 -0.087951 -0.991483 0.000000 0.000000 0.000000 0.000000 1.000000
0.950435 0.305180 0.059492 10.393300 0.297753 -0.948457 0.108504 -0.000000 0.089539 -0.085411 -0.992314 -0.000000 0.000000 0.000000 0.000000 1.000000
0.958251 0.281729 0.048821 10.393300 0.276277 -0.956298 0.095737 0.000000 0.073660 -0.078252 -0.994209 -0.000000 0.000000 0.000000 0.000000 1.000000
0.961624 0.270134 0.048031 10.393300 0.265933 -0.960739 0.079128 0.000000 0.067520 -0.063318 -0.995707 -0.000000 0.000000 0.000000 0.000000 1.000000
0.957116 0.284463 0.054860 10.393300 0.281037 -0.957655 0.062566 0.000000 0.070335 -0.044465 -0.996532 0.000000 0.000000 0.000000 0.000000 1.000000
0.951720 0.299146 0.068854 10.393300 0.296546 -0.953932 0.045549 0.000000 0.079308 -0.022931 -0.996586 -0.000000 0.000000 0.000000 0.000000 1.000000
0.948317 0.303743 0.091840 10.393300 0.302549 -0.952751 0.026995 -0.000000 0.095700 0.002186 -0.995408 0.000000 0.000000 0.000000 0.000000 1.000000
0.946798 0.305881 0.100056 10.393300 0.307077 -0.951678 0.003599 0.000000 0.096321 0.027317 -0.994975 0.000000 0.000000 0.000000 0.000000 1.000000
0.947880 0.306593 0.086743 10.393300 0.309773 -0.950466 -0.025608 0.000000 0.074595 0.051144 -0.995902 0.000000 0.000000 0.000000 0.000000 1.000000
0.949696 0.307954 0.056927 10.393300 0.311056 -0.948660 -0.057339 0.000000 0.036347 0.072162 -0.996730 0.000000 0.000000 0.000000 0.000000 1.000000
0.950061 0.311188 0.023378 10.393300 0.312039 -0.946349 -0.083997 -0.000000 -0.004016 0.087097 -0.996192 0.000000 0.000000 0.000000 0.000000 1.000000
0.949876 0.312586 -0.005098 10.393300 0.310137 -0.944237 -0.110594 0.000000 -0.039384 0.103469 -0.993853 0.000000 0.000000 0.000000 0.000000 1.000000
0.951789 0.305767 -0.024577 10.393300 0.300078 -0.944708 -0.132212 0.000000 -0.063644 0.118463 -0.990917 0.000000 0.000000 0.000000 0.000000 1.000000
0.957986 0.284370 -0.037376 10.393300 0.277076 -0.951233 -0.135587 0.000000 -0.074110 0.119535 -0.990060 0.000000 0.000000 0.000000 0.000000 1.000000
0.960703 0.272375 -0.053499 10.393300 0.264189 -0.956354 -0.124863 0.000000 -0.085173 0.105822 -0.990731 -0.000000 0.000000 0.000000 0.000000 1.000000
0.959199 0.275383 -0.064049 10.393300 0.267165 -0.956953 -0.113418 0.000000 -0.092525 0.091679 -0.991481 0.000000 0.000000 0.000000 0.000000 1.000000
0.957298 0.280130 -0.071466 10.393300 0.272485 -0.956872 -0.100738 0.000000 -0.096604 0.076962 -0.992343 0.000000 0.000000 0.000000 0.000000 1.000000
0.956097 0.283122 -0.075636 10.393300 0.276729 -0.957190 -0.084900 0.000000 -0.096435 0.060242 -0.993515 0.000000 0.000000 0.000000 0.000000 1.000000
0.950643 0.300369 -0.077823 10.393300 0.295735 -0.953006 -0.065730 0.000000 -0.093909 0.039470 -0.994798 0.000000 0.000000 0.000000 0.000000 1.000000
0.941867 0.326799 -0.078029 10.393300 0.324314 -0.944972 -0.042994 0.000000 -0.087785 0.015189 -0.996024 -0.000000 0.000000 0.000000 0.000000 1.000000
0.938505 0.339782 -0.061296 10.393300 0.340108 -0.940371 -0.005356 0.000000 -0.059461 -0.015821 -0.998105 0.000000 0.000000 0.000000 0.000000 1.000000
0.938908 0.343168 -0.026226 10.393300 0.343925 -0.938381 0.034004 -0.000000 -0.012941 -0.040946 -0.999078 0.000000 0.000000 0.000000 0.000000 1.000000
0.938285 0.345583 0.013897 10.393300 0.344157 -0.936891 0.061574 -0.000000 0.034299 -0.052992 -0.998006 0.000000 0.000000 0.000000 0.000000 1.000000</float_array><technique_common><accessor source="#Spine_01-Matrix-animation-output-transform-array" count="26" stride="16"><param type="float4x4"/></accessor></technique_common></source><source id="Spine_01-Interpolations"><Name_array id="Spine_01-Interpolations-array" count="26">
 LINEAR LINEAR LINEAR LINEAR LINEAR LINEAR LINEAR LINEAR LINEAR LINEAR LINEAR
LINEAR LINEAR LINEAR LINEAR LINEAR LINEAR LINEAR LINEAR LINEAR LINEAR LINEAR LINEAR
LINEAR LINEAR LINEAR</Name_array><technique_common><accessor source="#Spine_01-Interpolations-array" count="26"><param type="name"/></accessor></technique_common></source><sampler id="Spine_01-Matrix-animation-transform"><input semantic="INPUT" source="#Spine_01-Matrix-animation-input"/><input semantic="OUTPUT" source="#Spine_01-Matrix-animation-output-transform"/><input semantic="INTERPOLATION" source="#Spine_01-Interpolations"/></sampler><channel source="#Spine_01-Matrix-animation-transform" target="Spine_01/matrix"/></animation>
    <animation id="Spine_02-anim" name="Spine_02"><source id="Spine_02-Matrix-animation-input"><float_array id="Spine_02-Matrix-animation-input-array" count="26">

0.000000 0.033333 0.066667 0.100000 0.133333 0.166667 0.200000 0.233333 0.266667 0.300000 0.333333 0.366667 0.400000 0.433333 0.466667 0.500000
0.533333 0.566667 0.600000 0.633333 0.666667 0.700000 0.733333 0.766667 0.800000 0.833333</float_array><technique_common><accessor source="#Spine_02-Matrix-animation-input-array" count="26"><param name="TIME" type="float"/></accessor></technique_common></source><source id="Spine_02-Matrix-animation-output-transform"><float_array id="Spine_02-Matrix-animation-output-transform-array" count="416">

0.985771 0.167536 0.013665 18.151199 0.167217 -0.985678 0.021833 -0.000000 0.017127 -0.019238 -0.999668 0.000000 0.000000 0.000000 0.000000 1.000000
0.984695 0.174284 0.000263 18.151199 0.174174 -0.984123 0.034125 0.000000 0.006206 -0.033557 -0.999418 -0.000000 0.000000 0.000000 0.000000 1.000000
0.983121 0.182791 -0.007780 18.151199 0.182956 -0.982222 0.042042 0.000000 0.000044 -0.042755 -0.999086 -0.000000 0.000000 0.000000 0.000000 1.000000
0.981949 0.188461 -0.016095 18.151199 0.189004 -0.980958 0.044717 -0.000000 -0.007361 -0.046952 -0.998870 0.000000 0.000000 0.000000 0.000000 1.000000
0.982704 0.184223 -0.018824 18.151199 0.184883 -0.981810 0.043208 0.000000 -0.010522 -0.045941 -0.998889 -0.000000 0.000000 0.000000 0.000000 1.000000
0.985430 0.169548 -0.013483 18.151199 0.169953 -0.984681 0.038979 0.000000 -0.006668 -0.040703 -0.999149 0.000000 0.000000 0.000000 0.000000 1.000000
0.987223 0.159033 -0.009967 18.151199 0.159275 -0.986717 0.031951 0.000000 -0.004753 -0.033130 -0.999440 -0.000000 0.000000 0.000000 0.000000 1.000000
0.986759 0.161855 -0.010444 18.151199 0.162070 -0.986467 0.024839 0.000000 -0.006282 -0.026203 -0.999637 0.000000 0.000000 0.000000 0.000000 1.000000
0.985757 0.167711 -0.012464 18.151199 0.167955 -0.985547 0.022106 0.000000 -0.008576 -0.023885 -0.999678 0.000000 0.000000 0.000000 0.000000 1.000000
0.985772 0.167548 -0.013451 18.151199 0.167766 -0.985678 0.017128 -0.000000 -0.010388 -0.019141 -0.999763 0.000000 0.000000 0.000000 0.000000 1.000000
0.985869 0.167208 -0.010173 18.151199 0.167254 -0.985906 0.003911 0.000000 -0.009376 -0.005557 -0.999941 -0.000000 0.000000 0.000000 0.000000 1.000000
0.985385 0.170318 -0.003007 18.151199 0.170269 -0.985320 -0.012331 0.000000 -0.005063 0.011638 -0.999919 0.000000 0.000000 0.000000 0.000000 1.000000
0.983578 0.180394 0.005615 18.151199 0.180479 -0.983253 -0.025325 0.000000 0.000952 0.025922 -0.999664 0.000000 0.000000 0.000000 0.000000 1.000000
0.980977 0.193574 0.014596 18.151199 0.193982 -0.980362 -0.035526 -0.000000 0.007432 0.037681 -0.999262 0.000000 0.000000 0.000000 0.000000 1.000000
0.977935 0.207615 0.023226 18.151199 0.208508 -0.976898 -0.046858 0.000000 0.012961 0.050667 -0.998631 -0.000000 0.000000 0.000000 0.000000 1.000000
0.976153 0.215066 0.029526 18.151199 0.216438 -0.974686 -0.056058 0.000000 0.016722 0.061112 -0.997991 0.000000 0.000000 0.000000 0.000000 1.000000
0.977676 0.207816 0.031003 18.151199 0.209304 -0.976196 -0.056855 0.000000 0.018449 0.062075 -0.997901 0.000000 0.000000 0.000000 0.000000 1.000000
0.979818 0.197491 0.030894 18.151199 0.198897 -0.978631 -0.052159 0.000000 0.019933 0.057251 -0.998161 0.000000 0.000000 0.000000 0.000000 1.000000
0.980709 0.192761 0.032456 18.151199 0.194195 -0.979730 -0.049161 0.000000 0.022322 0.054516 -0.998263 -0.000000 0.000000 0.000000 0.000000 1.000000
0.981516 0.188231 0.034567 18.151199 0.189720 -0.980735 -0.046524 -0.000000 0.025144 0.052222 -0.998319 0.000000 0.000000 0.000000 0.000000 1.000000
0.982789 0.181068 0.036603 18.151199 0.182554 -0.982280 -0.042418 0.000000 0.028274 0.048370 -0.998429 0.000000 0.000000 0.000000 0.000000 1.000000
0.983346 0.177512 0.038984 18.151199 0.178883 -0.983246 -0.035037 -0.000000 0.032112 0.041427 -0.998625 0.000000 0.000000 0.000000 0.000000 1.000000
0.984189 0.172400 0.040633 18.151199 0.173302 -0.984670 -0.019791 -0.000000 0.036598 0.026520 -0.998978 -0.000000 0.000000 0.000000 0.000000 1.000000
0.985130 0.167719 0.037276 18.151199 0.167883 -0.985806 -0.001282 0.000000 0.036532 0.007521 -0.999304 0.000000 0.000000 0.000000 0.000000 1.000000
0.985780 0.165853 0.027038 18.151199 0.165566 -0.986119 0.012538 0.000000 0.028742 -0.007883 -0.999556 0.000000 0.000000 0.000000 0.000000 1.000000
0.985771 0.167536 0.013665 18.151199 0.167217 -0.985678 0.021833 0.000000 0.017127 -0.019238 -0.999668 -0.000000 0.000000 0.000000 0.000000 1.000000</float_array><technique_common><accessor source="#Spine_02-Matrix-animation-output-transform-array" count="26" stride="16"><param type="float4x4"/></accessor></technique_common></source><source id="Spine_02-Interpolations"><Name_array id="Spine_02-Interpolations-array" count="26">
 LINEAR LINEAR LINEAR LINEAR LINEAR LINEAR LINEAR LINEAR LINEAR LINEAR LINEAR
LINEAR LINEAR LINEAR LINEAR LINEAR LINEAR LINEAR LINEAR LINEAR LINEAR LINEAR LINEAR
LINEAR LINEAR LINEAR</Name_array><technique_common><accessor source="#Spine_02-Interpolations-array" count="26"><param type="name"/></accessor></technique_common></source><sampler id="Spine_02-Matrix-animation-transform"><input semantic="INPUT" source="#Spine_02-Matrix-animation-input"/><input semantic="OUTPUT" source="#Spine_02-Matrix-animation-output-transform"/><input semantic="INTERPOLATION" source="#Spine_02-Interpolations"/></sampler><channel source="#Spine_02-Matrix-animation-transform" target="Spine_02/matrix"/></animation>
    <animation id="Spine_03-anim" name="Spine_03"><source id="Spine_03-Matrix-animation-input"><float_array id="Spine_03-Matrix-animation-input-array" count="26">

0.000000 0.033333 0.066667 0.100000 0.133333 0.166667 0.200000 0.233333 0.266667 0.300000 0.333333 0.366667 0.400000 0.433333 0.466667 0.500000
0.533333 0.566667 0.600000 0.633333 0.666667 0.700000 0.733333 0.766667 0.800000 0.833333</float_array><technique_common><accessor source="#Spine_03-Matrix-animation-input-array" count="26"><param name="TIME" type="float"/></accessor></technique_common></source><source id="Spine_03-Matrix-animation-output-transform"><float_array id="Spine_03-Matrix-animation-output-transform-array" count="416">

0.968576 0.248106 -0.017417 17.903700 0.248415 -0.968474 0.018653 0.000000 -0.012240 -0.022394 -0.999674 0.000000 0.000000 0.000000 0.000000 1.000000
0.970399 0.241419 -0.006455 17.903700 0.241499 -0.969827 0.033371 -0.000000 0.001796 -0.033942 -0.999422 0.000000 0.000000 0.000000 0.000000 1.000000
0.972502 0.232893 0.000133 17.903700 0.232675 -0.971616 0.042722 0.000000 0.010079 -0.041516 -0.999087 0.000000 0.000000 0.000000 0.000000 1.000000
0.973838 0.227105 0.007861 17.903700 0.226503 -0.972879 0.046932 0.000000 0.018306 -0.043924 -0.998867 0.000000 0.000000 0.000000 0.000000 1.000000
0.972846 0.231213 0.010554 17.903700 0.230509 -0.971982 0.046014 0.000000 0.020898 -0.042331 -0.998885 0.000000 0.000000 0.000000 0.000000 1.000000
0.969336 0.245675 0.005558 17.903700 0.245252 -0.968593 0.040977 0.000000 0.015451 -0.038357 -0.999145 0.000000 0.000000 0.000000 0.000000 1.000000
0.966632 0.256124 0.004883 17.903700 0.255828 -0.966150 0.033256 0.000000 0.013235 -0.030897 -0.999435 0.000000 0.000000 0.000000 0.000000 1.000000
0.967214 0.253710 0.011330 17.903700 0.253363 -0.967032 0.025603 0.000000 0.017453 -0.021893 -0.999608 -0.000000 0.000000 0.000000 0.000000 1.000000
0.968488 0.248296 0.019500 17.903700 0.247862 -0.968540 0.022230 0.000000 0.024406 -0.016696 -0.999563 0.000000 0.000000 0.000000 0.000000 1.000000
0.968209 0.248756 0.026316 17.903700 0.248379 -0.968518 0.016775 0.000000 0.029660 -0.009705 -0.999513 0.000000 0.000000 0.000000 0.000000 1.000000
0.967983 0.249422 0.028223 17.903700 0.249445 -0.968385 0.002787 -0.000000 0.028026 0.004342 -0.999598 -0.000000 0.000000 0.000000 0.000000 1.000000
0.968853 0.246544 0.023223 17.903700 0.246910 -0.968931 -0.014462 -0.000000 0.018936 0.019745 -0.999626 -0.000000 0.000000 0.000000 0.000000 1.000000
0.971556 0.236455 0.012973 17.903700 0.236738 -0.971156 -0.028473 0.000000 0.005867 0.030734 -0.999510 0.000000 0.000000 0.000000 0.000000 1.000000
0.974821 0.222990 0.000306 17.903700 0.222829 -0.974062 -0.039382 -0.000000 -0.008484 0.038458 -0.999224 0.000000 0.000000 0.000000 0.000000 1.000000
0.977957 0.208480 -0.011649 17.903700 0.207641 -0.976873 -0.051030 -0.000000 -0.022018 0.047487 -0.998629 0.000000 0.000000 0.000000 0.000000 1.000000
0.979491 0.200566 -0.019258 17.903700 0.199095 -0.978112 -0.060477 0.000000 -0.030966 0.055403 -0.997984 0.000000 0.000000 0.000000 0.000000 1.000000
0.977998 0.207600 -0.020534 17.903700 0.206015 -0.976613 -0.061523 -0.000000 -0.032826 0.055939 -0.997894 0.000000 0.000000 0.000000 0.000000 1.000000
0.975777 0.217779 -0.020755 17.903700 0.216315 -0.974656 -0.057039 0.000000 -0.032651 0.051167 -0.998156 0.000000 0.000000 0.000000 0.000000 1.000000
0.974695 0.222380 -0.022750 17.903700 0.220900 -0.973776 -0.054438 0.000000 -0.034259 0.048035 -0.998258 0.000000 0.000000 0.000000 0.000000 1.000000
0.973615 0.226799 -0.025235 17.903700 0.225275 -0.972890 -0.052302 0.000000 -0.036413 0.045237 -0.998312 0.000000 0.000000 0.000000 0.000000 1.000000
0.971870 0.233866 -0.027845 17.903700 0.232357 -0.971406 -0.048795 -0.000000 -0.038460 0.040953 -0.998421 0.000000 0.000000 0.000000 0.000000 1.000000
0.970884 0.237453 -0.031626 17.903700 0.236070 -0.970827 -0.042019 0.000000 -0.040680 0.033329 -0.998616 0.000000 0.000000 0.000000 0.000000 1.000000
0.969425 0.242709 -0.036150 17.903700 0.241814 -0.969935 -0.027413 -0.000000 -0.041716 0.017834 -0.998970 0.000000 0.000000 0.000000 0.000000 1.000000
0.968174 0.247633 -0.036286 17.903700 0.247481 -0.968854 -0.008692 -0.000000 -0.037308 -0.000564 -0.999304 0.000000 0.000000 0.000000 0.000000 1.000000
0.967894 0.249702 -0.028823 17.903700 0.249991 -0.968224 0.006854 0.000000 -0.026195 -0.013840 -0.999561 -0.000000 0.000000 0.000000 0.000000 1.000000
0.968576 0.248106 -0.017417 17.903700 0.248415 -0.968474 0.018653 0.000000 -0.012240 -0.022394 -0.999674 0.000000 0.000000 0.000000 0.000000 1.000000</float_array><technique_common><accessor source="#Spine_03-Matrix-animation-output-transform-array" count="26" stride="16"><param type="float4x4"/></accessor></technique_common></source><source id="Spine_03-Interpolations"><Name_array id="Spine_03-Interpolations-array" count="26">
 LINEAR LINEAR LINEAR LINEAR LINEAR LINEAR LINEAR LINEAR LINEAR LINEAR LINEAR
LINEAR LINEAR LINEAR LINEAR LINEAR LINEAR LINEAR LINEAR LINEAR LINEAR LINEAR LINEAR
LINEAR LINEAR LINEAR</Name_array><technique_common><accessor source="#Spine_03-Interpolations-array" count="26"><param type="name"/></accessor></technique_common></source><sampler id="Spine_03-Matrix-animation-transform"><input semantic="INPUT" source="#Spine_03-Matrix-animation-input"/><input semantic="OUTPUT" source="#Spine_03-Matrix-animation-output-transform"/><input semantic="INTERPOLATION" source="#Spine_03-Interpolations"/></sampler><channel source="#Spine_03-Matrix-animation-transform" target="Spine_03/matrix"/></animation>
    <animation id="Neck-anim" name="Neck"><source id="Neck-Matrix-animation-input"><float_array id="Neck-Matrix-animation-input-array" count="26">

0.000000 0.033333 0.066667 0.100000 0.133333 0.166667 0.200000 0.233333 0.266667 0.300000 0.333333 0.366667 0.400000 0.433333 0.466667 0.500000
0.533333 0.566667 0.600000 0.633333 0.666667 0.700000 0.733333 0.766667 0.800000 0.833333</float_array><technique_common><accessor source="#Neck-Matrix-animation-input-array" count="26"><param name="TIME" type="float"/></accessor></technique_common></source><source id="Neck-Matrix-animation-output-transform"><float_array id="Neck-Matrix-animation-output-transform-array" count="416">

0.997482 0.070911 0.000976 11.189000 -0.070916 0.997461 0.006487 -0.000000 -0.000514 -0.006540 0.999978 0.000000 0.000000 0.000000 0.000000 1.000000
0.997345 0.072673 -0.004687 11.189000 -0.072642 0.997337 0.006475 -0.000000 0.005145 -0.006117 0.999968 0.000000 0.000000 0.000000 0.000000 1.000000
0.997511 0.070121 -0.007353 11.189000 -0.070089 0.997530 0.004537 0.000000 0.007653 -0.004010 0.999963 -0.000000 0.000000 0.000000 0.000000 1.000000
0.997613 0.067074 -0.016389 11.189000 -0.067037 0.997747 0.002761 -0.000000 0.016538 -0.001656 0.999862 0.000000 0.000000 0.000000 0.000000 1.000000
0.997583 0.064575 -0.025657 11.189000 -0.064582 0.997912 0.000572 0.000000 0.025640 0.001086 0.999671 0.000000 0.000000 0.000000 0.000000 1.000000
0.997411 0.064624 -0.031540 11.189000 -0.064713 0.997902 -0.001800 0.000000 0.031358 0.003837 0.999501 0.000000 0.000000 0.000000 0.000000 1.000000
0.996907 0.067801 -0.039734 11.189000 -0.067997 0.997679 -0.003582 0.000000 0.039399 0.006273 0.999204 0.000000 0.000000 0.000000 0.000000 1.000000
0.996436 0.068603 -0.049073 11.189000 -0.068982 0.997599 -0.006068 0.000000 0.048539 0.009431 0.998777 0.000000 0.000000 0.000000 0.000000 1.000000
0.995879 0.068687 -0.059220 11.189000 -0.069355 0.997549 -0.009298 0.000000 0.058437 0.013367 0.998202 -0.000000 0.000000 0.000000 0.000000 1.000000
0.995798 0.063683 -0.065810 11.189000 -0.064749 0.997801 -0.014194 0.000000 0.064761 0.018396 0.997731 0.000000 0.000000 0.000000 0.000000 1.000000
0.996034 0.057134 -0.068208 11.189000 -0.058612 0.998083 -0.019881 -0.000000 0.066942 0.023800 0.997473 0.000000 0.000000 0.000000 0.000000 1.000000
0.996323 0.054383 -0.066203 11.189000 -0.056152 0.998105 -0.025150 -0.000000 0.064710 0.028775 0.997489 0.000000 0.000000 0.000000 0.000000 1.000000
0.996540 0.058278 -0.059268 11.189000 -0.060108 0.997754 -0.029579 -0.000000 0.057411 0.033039 0.997804 0.000000 0.000000 0.000000 0.000000 1.000000
0.996591 0.065274 -0.050453 11.189000 -0.066995 0.997201 -0.033205 0.000000 0.048144 0.036472 0.998174 -0.000000 0.000000 0.000000 0.000000 1.000000
0.996713 0.069972 -0.040839 11.189000 -0.071480 0.996766 -0.036721 0.000000 0.038137 0.039520 0.998491 -0.000000 0.000000 0.000000 0.000000 1.000000
0.997015 0.070505 -0.031456 11.189000 -0.071716 0.996655 -0.039179 -0.000000 0.028589 0.041318 0.998737 -0.000000 0.000000 0.000000 0.000000 1.000000
0.997421 0.068673 -0.020867 11.189000 -0.069466 0.996780 -0.040042 0.000000 0.018050 0.041389 0.998980 0.000000 0.000000 0.000000 0.000000 1.000000
0.997374 0.071944 -0.008374 11.189000 -0.072223 0.996587 -0.039985 0.000000 0.005469 0.040485 0.999165 0.000000 0.000000 0.000000 0.000000 1.000000
0.996830 0.079562 0.000854 11.189000 -0.079466 0.996049 -0.039637 0.000000 -0.004004 0.039443 0.999214 0.000000 0.000000 0.000000 0.000000 1.000000
0.996491 0.083282 0.008330 11.189000 -0.082908 0.995829 -0.038090 0.000000 -0.011467 0.037265 0.999240 0.000000 0.000000 0.000000 0.000000 1.000000
0.996393 0.083543 0.014913 11.189000 -0.082999 0.995971 -0.033957 0.000000 -0.017690 0.032597 0.999312 0.000000 0.000000 0.000000 0.000000 1.000000
0.996543 0.080811 0.019286 11.189000 -0.080294 0.996426 -0.026243 0.000000 -0.021337 0.024604 0.999470 0.000000 0.000000 0.000000 0.000000 1.000000
0.996956 0.075533 0.019345 11.189000 -0.075211 0.997025 -0.016840 -0.000000 -0.020559 0.015334 0.999671 -0.000000 0.000000 0.000000 0.000000 1.000000
0.997344 0.071315 0.014787 11.189000 -0.071197 0.997427 -0.008385 0.000000 -0.015347 0.007310 0.999856 0.000000 0.000000 0.000000 0.000000 1.000000
0.997538 0.069857 0.006211 11.189000 -0.069855 0.997557 -0.000430 0.000000 -0.006226 -0.000004 0.999981 0.000000 0.000000 0.000000 0.000000 1.000000
0.997482 0.070911 0.000976 11.189000 -0.070916 0.997461 0.006487 0.000000 -0.000514 -0.006540 0.999978 0.000000 0.000000 0.000000 0.000000 1.000000</float_array><technique_common><accessor source="#Neck-Matrix-animation-output-transform-array" count="26" stride="16"><param type="float4x4"/></accessor></technique_common></source><source id="Neck-Interpolations"><Name_array id="Neck-Interpolations-array" count="26">
 LINEAR LINEAR LINEAR LINEAR LINEAR LINEAR LINEAR LINEAR LINEAR LINEAR LINEAR
LINEAR LINEAR LINEAR LINEAR LINEAR LINEAR LINEAR LINEAR LINEAR LINEAR LINEAR LINEAR
LINEAR LINEAR LINEAR</Name_array><technique_common><accessor source="#Neck-Interpolations-array" count="26"><param type="name"/></accessor></technique_common></source><sampler id="Neck-Matrix-animation-transform"><input semantic="INPUT" source="#Neck-Matrix-animation-input"/><input semantic="OUTPUT" source="#Neck-Matrix-animation-output-transform"/><input semantic="INTERPOLATION" source="#Neck-Interpolations"/></sampler><channel source="#Neck-Matrix-animation-transform" target="Neck/matrix"/></animation>
    <animation id="Head-anim" name="Head"><source id="Head-Matrix-animation-input"><float_array id="Head-Matrix-animation-input-array" count="26">

0.000000 0.033333 0.066667 0.100000 0.133333 0.166667 0.200000 0.233333 0.266667 0.300000 0.333333 0.366667 0.400000 0.433333 0.466667 0.500000
0.533333 0.566667 0.600000 0.633333 0.666667 0.700000 0.733333 0.766667 0.800000 0.833333</float_array><technique_common><accessor source="#Head-Matrix-animation-input-array" count="26"><param name="TIME" type="float"/></accessor></technique_common></source><source id="Head-Matrix-animation-output-transform"><float_array id="Head-Matrix-animation-output-transform-array" count="416">

-0.000426 0.971766 0.235947 12.164400 -0.006570 0.235939 -0.971746 0.000000 -0.999978 -0.001964 0.006284 -0.000000 0.000000 0.000000 0.000000 1.000000
-0.001924 0.972137 0.234405 12.164400 -0.006928 0.234387 -0.972119 -0.000000 -0.999974 -0.003495 0.006284 0.000000 0.000000 0.000000 0.000000 1.000000
-0.004171 0.971514 0.236944 12.164400 -0.007286 0.236910 -0.971504 -0.000000 -0.999965 -0.005778 0.006090 -0.000000 0.000000 0.000000 0.000000 1.000000
-0.006671 0.970793 0.239826 12.164400 -0.007547 0.239776 -0.970799 0.000000 -0.999949 -0.008286 0.005727 0.000000 0.000000 0.000000 0.000000 1.000000
-0.009447 0.970236 0.241977 12.164400 -0.007698 0.241910 -0.970268 0.000000 -0.999926 -0.011029 0.005183 0.000000 0.000000 0.000000 0.000000 1.000000
-0.013527 0.970308 0.241494 12.164400 -0.007758 0.241407 -0.970393 0.000000 -0.999878 -0.015000 0.004262 0.000000 0.000000 0.000000 0.000000 1.000000
-0.015642 0.971183 0.237819 12.164400 -0.007496 0.237728 -0.971303 -0.000000 -0.999850 -0.016976 0.003561 0.000000 0.000000 0.000000 0.000000 1.000000
-0.015163 0.971547 0.236360 12.164400 -0.006983 0.236279 -0.971660 0.000000 -0.999861 -0.016384 0.003202 0.000000 0.000000 0.000000 0.000000 1.000000
-0.013758 0.971745 0.235632 12.164400 -0.006236 0.235567 -0.971838 0.000000 -0.999886 -0.014840 0.002818 0.000000 0.000000 0.000000 0.000000 1.000000
-0.013001 0.970809 0.239501 12.164400 -0.005151 0.239453 -0.970894 -0.000000 -0.999902 -0.013856 0.001887 -0.000000 0.000000 0.000000 0.000000 1.000000
-0.013140 0.969080 0.246398 12.164400 -0.003379 0.246374 -0.969169 -0.000000 -0.999908 -0.013567 0.000038 -0.000000 0.000000 0.000000 0.000000 1.000000
-0.014015 0.968404 0.248994 12.164400 -0.001449 0.248998 -0.968503 -0.000000 -0.999901 -0.013935 -0.002086 0.000000 0.000000 0.000000 0.000000 1.000000
-0.015063 0.969418 0.244953 12.164400 0.000054 0.244981 -0.969528 -0.000000 -0.999887 -0.014591 -0.003743 -0.000000 0.000000 0.000000 0.000000 1.000000
-0.014663 0.971073 0.238334 12.164400 0.001332 0.238378 -0.971171 0.000000 -0.999892 -0.013922 -0.004789 0.000000 0.000000 0.000000 0.000000 1.000000
-0.012467 0.972126 0.234126 12.164400 0.002912 0.234179 -0.972189 0.000000 -0.999918 -0.011438 -0.005750 0.000000 0.000000 0.000000 0.000000 1.000000
-0.008212 0.972137 0.234268 12.164400 0.004128 0.234307 -0.972154 0.000000 -0.999958 -0.007016 -0.005937 0.000000 0.000000 0.000000 0.000000 1.000000
-0.003956 0.971768 0.235907 12.164400 0.004791 0.235924 -0.971760 0.000000 -0.999981 -0.002715 -0.005589 -0.000000 0.000000 0.000000 0.000000 1.000000
-0.001437 0.972505 0.232878 12.164400 0.005235 0.232882 -0.972491 -0.000000 -0.999985 -0.000179 -0.005426 -0.000000 0.000000 0.000000 0.000000 1.000000
0.000147 0.974209 0.225647 12.164400 0.005356 0.225643 -0.974195 0.000000 -0.999986 0.001351 -0.005185 0.000000 0.000000 0.000000 0.000000 1.000000
0.000894 0.975012 0.222151 12.164400 0.005098 0.222144 -0.975001 0.000000 -0.999987 0.002004 -0.004772 0.000000 0.000000 0.000000 0.000000 1.000000
0.000726 0.975036 0.222045 12.164400 0.003918 0.222040 -0.975030 0.000000 -0.999992 0.001578 -0.003659 0.000000 0.000000 0.000000 0.000000 1.000000
-0.001459 0.974381 0.224897 12.164400 0.000716 0.224898 -0.974382 0.000000 -0.999999 -0.001261 -0.001026 0.000000 0.000000 0.000000 0.000000 1.000000
-0.004234 0.973099 0.230349 12.164400 -0.002920 0.230338 -0.973106 -0.000000 -0.999987 -0.004793 0.001866 -0.000000 0.000000 0.000000 0.000000 1.000000
-0.003669 0.972000 0.234952 12.164400 -0.004865 0.234933 -0.971999 0.000000 -0.999981 -0.004709 0.003867 0.000000 0.000000 0.000000 0.000000 1.000000
-0.000435 0.971618 0.236555 12.164400 -0.005959 0.236548 -0.971602 0.000000 -0.999982 -0.001832 0.005687 -0.000000 0.000000 0.000000 0.000000 1.000000
-0.000432 0.971769 0.235935 12.164400 -0.006546 0.235928 -0.971749 0.000000 -0.999978 -0.001964 0.006260 0.000000 0.000000 0.000000 0.000000 1.000000</float_array><technique_common><accessor source="#Head-Matrix-animation-output-transform-array" count="26" stride="16"><param type="float4x4"/></accessor></technique_common></source><source id="Head-Interpolations"><Name_array id="Head-Interpolations-array" count="26">
 LINEAR LINEAR LINEAR LINEAR LINEAR LINEAR LINEAR LINEAR LINEAR LINEAR LINEAR
LINEAR LINEAR LINEAR LINEAR LINEAR LINEAR LINEAR LINEAR LINEAR LINEAR LINEAR LINEAR
LINEAR LINEAR LINEAR</Name_array><technique_common><accessor source="#Head-Interpolations-array" count="26"><param type="name"/></accessor></technique_common></source><sampler id="Head-Matrix-animation-transform"><input semantic="INPUT" source="#Head-Matrix-animation-input"/><input semantic="OUTPUT" source="#Head-Matrix-animation-output-transform"/><input semantic="INTERPOLATION" source="#Head-Interpolations"/></sampler><channel source="#Head-Matrix-animation-transform" target="Head/matrix"/></animation>
    <animation id="Clavicle_L-anim" name="Clavicle_L"><source id="Clavicle_L-Matrix-animation-input"><float_array id="Clavicle_L-Matrix-animation-input-array" count="26">

0.000000 0.033333 0.066667 0.100000 0.133333 0.166667 0.200000 0.233333 0.266667 0.300000 0.333333 0.366667 0.400000 0.433333 0.466667 0.500000
0.533333 0.566667 0.600000 0.633333 0.666667 0.700000 0.733333 0.766667 0.800000 0.833333</float_array><technique_common><accessor source="#Clavicle_L-Matrix-animation-input-array" count="26"><param name="TIME" type="float"/></accessor></technique_common></source><source id="Clavicle_L-Matrix-animation-output-transform"><float_array id="Clavicle_L-Matrix-animation-output-transform-array" count="416">

