<?xml version="1.0" encoding="utf-8"?>
<COLLADA xmlns="http://www.collada.org/2005/11/COLLADASchema" version="1.4.1">
  <asset><contributor><author>Mixamo</author><authoring_tool>COLLADA Mixamo exporter</authoring_tool><comments></comments></contributor><created>2020-08-28T19:19:53Z</created><modified>2020-08-28T19:19:53Z</modified><revision></revision><title></title><unit meter="1.000000"/><up_axis>Y_UP</up_axis></asset>
  <library_animations>
    <animation id="Root-anim" name="Root"><source id="Root-Matrix-animation-input"><float_array id="Root-Matrix-animation-input-array" count="23">

0.000000 0.033333 0.066667 0.100000 0.133333 0.166667 0.200000 0.233333 0.266667 0.300000 0.333333 0.366667 0.400000 0.433333 0.466667 0.500000
0.533333 0.566667 0.600000 0.633333 0.666667 0.700000 0.733333</float_array><technique_common><accessor source="#Root-Matrix-animation-input-array" count="23"><param name="TIME" type="float"/></accessor></technique_common></source><source id="Root-Matrix-animation-output-transform"><float_array id="Root-Matrix-animation-output-transform-array" count="368">

0.009987 -0.000095 -0.000509 0.013766 0.000063 0.009980 -0.000631 0.002134 0.000514 0.000627 0.009967 -0.031421 0.000000 0.000000 0.000000 1.000000
0.009995 -0.000034 -0.000303 0.005895 0.000015 0.009981 -0.000613 -0.012861 0.000305 0.000613 0.009977 -0.032841 0.000000 0.000000 0.000000 1.000000
0.009998 0.000185 0.000100 -0.018421 -0.000179 0.009982 -0.000572 -0.022998 -0.000110 0.000570 0.009983 -0.028035 0.000000 0.000000 0.000000 1.000000
0.009987 0.000375 0.000348 -0.036100 -0.000352 0.009972 -0.000653 -0.022290 -0.000371 0.000640 0.009973 -0.028172 0.000000 0.000000 0.000000 1.000000
0.009982 0.000556 0.000208 -0.051364 -0.000537 0.009951 -0.000827 -0.012865 -0.000253 0.000814 0.009964 -0.036161 0.000000 0.000000 0.000000 1.000000
0.009972 0.000721 -0.000209 -0.065877 -0.000739 0.009920 -0.001028 -0.002979 0.000133 0.001040 0.009945 -0.049157 0.000000 0.000000 0.000000 1.000000
0.009930 0.000833 -0.000839 -0.071157 -0.000928 0.009888 -0.001169 0.008132 0.000732 0.001238 0.009896 -0.061068 0.000000 0.000000 0.000000 1.000000
0.009871 0.001017 -0.001234 -0.079399 -0.001173 0.009850 -0.001268 0.016867 0.001086 0.001397 0.009842 -0.070076 0.000000 0.000000 0.000000 1.000000
0.009815 0.001345 -0.001366 -0.098371 -0.001520 0.009802 -0.001271 0.019130 0.001168 0.001455 0.009824 -0.070288 0.000000 0.000000 0.000000 1.000000
0.009726 0.001719 -0.001565 -0.121711 -0.001919 0.009736 -0.001233 0.016127 0.001312 0.001500 0.009799 -0.070481 0.000000 0.000000 0.000000 1.000000
0.009617 0.001958 -0.001916 -0.138574 -0.002195 0.009693 -0.001111 0.003630 0.001640 0.001489 0.009752 -0.067688 0.000000 0.000000 0.000000 1.000000
0.009506 0.002008 -0.002368 -0.142040 -0.002277 0.009694 -0.000921 -0.012085 0.002111 0.001414 0.009672 -0.059508 0.000000 0.000000 0.000000 1.000000
0.009415 0.001906 -0.002779 -0.133004 -0.002206 0.009720 -0.000806 -0.021732 0.002548 0.001372 0.009572 -0.052928 0.000000 0.000000 0.000000 1.000000
0.009376 0.001679 -0.003045 -0.113275 -0.002019 0.009758 -0.000837 -0.026417 0.002831 0.001399 0.009488 -0.051590 0.000000 0.000000 0.000000 1.000000
0.009419 0.001484 -0.003013 -0.098264 -0.001839 0.009785 -0.000929 -0.027772 0.002811 0.001429 0.009490 -0.050162 0.000000 0.000000 0.000000 1.000000
0.009533 0.001282 -0.002734 -0.084534 -0.001614 0.009816 -0.001024 -0.022433 0.002552 0.001418 0.009564 -0.045769 0.000000 0.000000 0.000000 1.000000
0.009685 0.000979 -0.002291 -0.058582 -0.001256 0.009860 -0.001095 -0.011271 0.002151 0.001348 0.009672 -0.039780 0.000000 0.000000 0.000000 1.000000
0.009810 0.000653 -0.001825 -0.026384 -0.000864 0.009901 -0.001103 0.000882 0.001735 0.001240 0.009770 -0.035779 0.000000 0.000000 0.000000 1.000000
0.009878 0.000402 -0.001506 0.003127 -0.000563 0.009929 -0.001045 0.008406 0.001453 0.001117 0.009831 -0.036379 0.000000 0.000000 0.000000 1.000000
0.009911 0.000240 -0.001306 0.027826 -0.000366 0.009947 -0.000956 0.012328 0.001276 0.000996 0.009868 -0.040545 0.000000 0.000000 0.000000 1.000000
0.009945 0.000123 -0.001045 0.040654 -0.000215 0.009959 -0.000877 0.011820 0.001030 0.000895 0.009907 -0.042235 0.000000 0.000000 0.000000 1.000000
0.009974 -0.000008 -0.000723 0.046478 -0.000049 0.009970 -0.000779 0.006312 0.000721 0.000780 0.009943 -0.038185 0.000000 0.000000 0.000000 1.000000
0.009983 -0.000074 -0.000573 0.011116 0.000032 0.009974 -0.000717 0.003420 0.000577 0.000714 0.009958 -0.034926 0.000000 0.000000 0.000000 1.000000</float_array><technique_common><accessor source="#Root-Matrix-animation-output-transform-array" count="23" stride="16"><param type="float4x4"/></accessor></technique_common></source><source id="Root-Interpolations"><Name_array id="Root-Interpolations-array" count="23">
 LINEAR LINEAR LINEAR LINEAR LINEAR LINEAR LINEAR LINEAR LINEAR LINEAR LINEAR
LINEAR LINEAR LINEAR LINEAR LINEAR LINEAR LINEAR LINEAR LINEAR LINEAR LINEAR LINEAR</Name_array><technique_common><accessor source="#Root-Interpolations-array" count="23"><param type="name"/></accessor></technique_common></source><sampler id="Root-Matrix-animation-transform"><input semantic="INPUT" source="#Root-Matrix-animation-input"/><input semantic="OUTPUT" source="#Root-Matrix-animation-output-transform"/><input semantic="INTERPOLATION" source="#Root-Interpolations"/></sampler><channel source="#Root-Matrix-animation-transform" target="Root/matrix"/></animation>
    <animation id="Hips-anim" name="Hips"><source id="Hips-Matrix-animation-input"><float_array id="Hips-Matrix-animation-input-array" count="23">

0.000000 0.033333 0.066667 0.100000 0.133333 0.166667 0.200000 0.233333 0.266667 0.300000 0.333333 0.366667 0.400000 0.433333 0.466667 0.500000
0.533333 0.566667 0.600000 0.633333 0.666667 0.700000 0.733333</float_array><technique_common><accessor source="#Hips-Matrix-animation-input-array" count="23"><param name="TIME" type="float"/></accessor></technique_common></source><source id="Hips-Matrix-animation-output-transform"><float_array id="Hips-Matrix-animation-output-transform-array" count="368">

-0.000001 0.000000 1.000000 0.000000 0.988775 0.149411 0.000001 87.627602 -0.149411 0.988775 -0.000000 -0.000000 0.000000 0.000000 0.000000 1.000000
-0.000001 0.000000 1.000000 0.000000 0.988775 0.149411 0.000001 87.627602 -0.149411 0.988775 -0.000000 0.000000 0.000000 0.000000 0.000000 1.000000
-0.000001 0.000000 1.000000 0.000000 0.988775 0.149411 0.000001 87.627602 -0.149411 0.988775 -0.000000 -0.000000 0.000000 0.000000 0.000000 1.000000
-0.000001 0.000000 1.000000 0.000000 0.988775 0.149411 0.000001 87.627602 -0.149411 0.988775 -0.000000 0.000000 0.000000 0.000000 0.000000 1.000000
-0.000001 0.000000 1.000000 0.000000 0.988775 0.149411 0.000001 87.627602 -0.149411 0.988775 -0.000000 0.000000 0.000000 0.000000 0.000000 1.000000
-0.000001 0.000000 1.000000 0.000000 0.988775 0.149411 0.000001 87.627602 -0.149411 0.988775 -0.000000 0.000000 0.000000 0.000000 0.000000 1.000000
-0.000001 0.000000 1.000000 -0.000000 0.988775 0.149411 0.000001 87.627602 -0.149411 0.988775 -0.000000 -0.000000 0.000000 0.000000 0.000000 1.000000
-0.000001 0.000000 1.000000 0.000000 0.988775 0.149411 0.000001 87.627602 -0.149411 0.988775 -0.000000 -0.000000 0.000000 0.000000 0.000000 1.000000
-0.000001 0.000000 1.000000 0.000000 0.988775 0.149411 0.000001 87.627602 -0.149411 0.988775 -0.000000 -0.000000 0.000000 0.000000 0.000000 1.000000
-0.000001 0.000000 1.000000 -0.000000 0.988775 0.149411 0.000001 87.627602 -0.149411 0.988775 -0.000000 -0.000000 0.000000 0.000000 0.000000 1.000000
-0.000001 0.000000 1.000000 0.000000 0.988775 0.149411 0.000001 87.627602 -0.149411 0.988775 -0.000000 0.000000 0.000000 0.000000 0.000000 1.000000
-0.000001 0.000000 1.000000 0.000000 0.988775 0.149411 0.000001 87.627602 -0.149411 0.988775 -0.000000 0.000000 0.000000 0.000000 0.000000 1.000000
-0.000001 0.000000 1.000000 -0.000000 0.988775 0.149411 0.000001 87.627602 -0.149411 0.988775 -0.000000 0.000000 0.000000 0.000000 0.000000 1.000000
-0.000001 0.000000 1.000000 0.000000 0.988775 0.149411 0.000001 87.627602 -0.149411 0.988775 -0.000000 0.000000 0.000000 0.000000 0.000000 1.000000
-0.000001 0.000000 1.000000 0.000000 0.988775 0.149411 0.000001 87.627602 -0.149411 0.988775 -0.000000 -0.000000 0.000000 0.000000 0.000000 1.000000
-0.000001 0.000000 1.000000 0.000000 0.988775 0.149411 0.000001 87.627602 -0.149411 0.988775 -0.000000 0.000000 0.000000 0.000000 0.000000 1.000000
-0.000001 0.000000 1.000000 -0.000000 0.988775 0.149411 0.000001 87.627602 -0.149411 0.988775 -0.000000 0.000000 0.000000 0.000000 0.000000 1.000000
-0.000001 0.000000 1.000000 -0.000000 0.988775 0.149411 0.000001 87.627602 -0.149411 0.988775 -0.000000 -0.000000 0.000000 0.000000 0.000000 1.000000
-0.000001 0.000000 1.000000 0.000000 0.988775 0.149411 0.000001 87.627602 -0.149411 0.988775 -0.000000 -0.000000 0.000000 0.000000 0.000000 1.000000
-0.000001 0.000000 1.000000 0.000000 0.988775 0.149411 0.000001 87.627602 -0.149411 0.988775 -0.000000 0.000000 0.000000 0.000000 0.000000 1.000000
-0.000001 0.000000 1.000000 0.000000 0.988775 0.149411 0.000001 87.627602 -0.149411 0.988775 -0.000000 0.000000 0.000000 0.000000 0.000000 1.000000
-0.000001 0.000000 1.000000 -0.000000 0.988775 0.149411 0.000001 87.627602 -0.149411 0.988775 -0.000000 -0.000000 0.000000 0.000000 0.000000 1.000000
-0.000001 0.000000 1.000000 -0.000000 0.988775 0.149411 0.000001 87.627602 -0.149411 0.988775 -0.000000 0.000000 0.000000 0.000000 0.000000 1.000000</float_array><technique_common><accessor source="#Hips-Matrix-animation-output-transform-array" count="23" stride="16"><param type="float4x4"/></accessor></technique_common></source><source id="Hips-Interpolations"><Name_array id="Hips-Interpolations-array" count="23">
 LINEAR LINEAR LINEAR LINEAR LINEAR LINEAR LINEAR LINEAR LINEAR LINEAR LINEAR
LINEAR LINEAR LINEAR LINEAR LINEAR LINEAR LINEAR LINEAR LINEAR LINEAR LINEAR LINEAR</Name_array><technique_common><accessor source="#Hips-Interpolations-array" count="23"><param type="name"/></accessor></technique_common></source><sampler id="Hips-Matrix-animation-transform"><input semantic="INPUT" source="#Hips-Matrix-animation-input"/><input semantic="OUTPUT" source="#Hips-Matrix-animation-output-transform"/><input semantic="INTERPOLATION" source="#Hips-Interpolations"/></sampler><channel source="#Hips-Matrix-animation-transform" target="Hips/matrix"/></animation>
    <animation id="Spine_01-anim" name="Spine_01"><source id="Spine_01-Matrix-animation-input"><float_array id="Spine_01-Matrix-animation-input-array" count="23">

0.000000 0.033333 0.066667 0.100000 0.133333 0.166667 0.200000 0.233333 0.266667 0.300000 0.333333 0.366667 0.400000 0.433333 0.466667 0.500000
0.533333 0.566667 0.600000 0.633333 0.666667 0.700000 0.733333</float_array><technique_common><accessor source="#Spine_01-Matrix-animation-input-array" count="23"><param name="TIME" type="float"/></accessor></technique_common></source><source id="Spine_01-Matrix-animation-output-transform"><float_array id="Spine_01-Matrix-animation-output-transform-array" count="368">

0.948304 0.311207 0.062213 10.393300 0.306091 -0.948656 0.079748 0.000000 0.083837 -0.056583 -0.994872 0.000000 0.000000 0.000000 0.000000 1.000000
0.949326 0.307774 0.063678 10.393300 0.305380 -0.951182 0.044664 0.000000 0.074316 -0.022954 -0.996971 0.000000 0.000000 0.000000 0.000000 1.000000
0.951399 0.303452 0.052505 10.393300 0.303296 -0.952832 0.011105 0.000000 0.053398 0.005359 -0.998559 0.000000 0.000000 0.000000 0.000000 1.000000
0.956232 0.289521 0.042389 10.393300 0.290158 -0.956931 -0.009591 0.000000 0.037786 0.021471 -0.999055 0.000000 0.000000 0.000000 0.000000 1.000000
0.959804 0.277879 0.039488 10.393300 0.278759 -0.960178 -0.018740 0.000000 0.032708 0.028994 -0.999044 0.000000 0.000000 0.000000 0.000000 1.000000
0.961882 0.270593 0.039534 10.393300 0.271524 -0.962216 -0.020375 0.000000 0.032527 0.030333 -0.999010 0.000000 0.000000 0.000000 0.000000 1.000000
0.963710 0.264987 0.032331 10.393300 0.265515 -0.964016 -0.013251 -0.000000 0.027657 0.021355 -0.999389 0.000000 0.000000 0.000000 0.000000 1.000000
0.964738 0.263088 0.008124 10.393300 0.263164 -0.964696 -0.010341 0.000000 0.005116 0.012114 -0.999914 0.000000 0.000000 0.000000 0.000000 1.000000
0.961120 0.274048 -0.033870 10.393300 0.273841 -0.961716 -0.010682 0.000000 -0.035501 0.000992 -0.999369 0.000000 0.000000 0.000000 0.000000 1.000000
0.955354 0.286307 -0.072983 10.393300 0.287208 -0.957866 0.001939 -0.000000 -0.069352 -0.022813 -0.997331 0.000000 0.000000 0.000000 0.000000 1.000000
0.949242 0.298237 -0.099970 10.393300 0.302424 -0.952720 0.029387 0.000000 -0.086480 -0.058129 -0.994556 -0.000000 0.000000 0.000000 0.000000 1.000000
0.943925 0.312787 -0.105691 10.393300 0.320394 -0.945086 0.064503 0.000000 -0.079711 -0.094748 -0.992305 0.000000 0.000000 0.000000 0.000000 1.000000
0.944127 0.314064 -0.099943 10.393300 0.323639 -0.940777 0.100979 0.000000 -0.062311 -0.127683 -0.989856 -0.000000 0.000000 0.000000 0.000000 1.000000
0.953183 0.290159 -0.085146 10.393300 0.299924 -0.943060 0.143816 0.000000 -0.038569 -0.162621 -0.985935 0.000000 0.000000 0.000000 0.000000 1.000000
0.963807 0.259721 -0.060171 10.393300 0.266406 -0.946861 0.180229 0.000000 -0.010164 -0.189736 -0.981783 0.000000 0.000000 0.000000 0.000000 1.000000
0.971342 0.235894 -0.029129 10.393300 0.236830 -0.950159 0.202757 0.000000 0.020152 -0.203845 -0.978796 0.000000 0.000000 0.000000 0.000000 1.000000
0.974371 0.224721 0.010064 10.393300 0.217771 -0.953558 0.208094 0.000000 0.056359 -0.200570 -0.978057 -0.000000 0.000000 0.000000 0.000000 1.000000
0.971835 0.230702 0.048097 10.393300 0.216737 -0.955112 0.201954 0.000000 0.092529 -0.185841 -0.978213 -0.000000 0.000000 0.000000 0.000000 1.000000
0.965625 0.250761 0.068462 10.393300 0.233811 -0.952981 0.192770 0.000000 0.113582 -0.170137 -0.978853 0.000000 0.000000 0.000000 0.000000 1.000000
0.958881 0.275097 0.069770 10.393300 0.259317 -0.949152 0.178509 0.000000 0.115330 -0.153077 -0.981461 0.000000 0.000000 0.000000 0.000000 1.000000
0.956057 0.284638 0.070264 10.393300 0.271860 -0.950415 0.151009 0.000000 0.109763 -0.125272 -0.986032 0.000000 0.000000 0.000000 0.000000 1.000000
0.953921 0.291572 0.070851 10.393300 0.282672 -0.952447 0.113759 -0.000000 0.100651 -0.088490 -0.990979 0.000000 0.000000 0.000000 0.000000 1.000000
0.951720 0.299392 0.067769 10.393300 0.292591 -0.951537 0.094701 -0.000000 0.092837 -0.070301 -0.993196 0.000000 0.000000 0.000000 0.000000 1.000000</float_array><technique_common><accessor source="#Spine_01-Matrix-animation-output-transform-array" count="23" stride="16"><param type="float4x4"/></accessor></technique_common></source><source id="Spine_01-Interpolations"><Name_array id="Spine_01-Interpolations-array" count="23">
 LINEAR LINEAR LINEAR LINEAR LINEAR LINEAR LINEAR LINEAR LINEAR LINEAR LINEAR
LINEAR LINEAR LINEAR LINEAR LINEAR LINEAR LINEAR LINEAR LINEAR LINEAR LINEAR LINEAR</Name_array><technique_common><accessor source="#Spine_01-Interpolations-array" count="23"><param type="name"/></accessor></technique_common></source><sampler id="Spine_01-Matrix-animation-transform"><input semantic="INPUT" source="#Spine_01-Matrix-animation-input"/><input semantic="OUTPUT" source="#Spine_01-Matrix-animation-output-transform"/><input semantic="INTERPOLATION" source="#Spine_01-Interpolations"/></sampler><channel source="#Spine_01-Matrix-animation-transform" target="Spine_01/matrix"/></animation>
    <animation id="Spine_02-anim" name="Spine_02"><source id="Spine_02-Matrix-animation-input"><float_array id="Spine_02-Matrix-animation-input-array" count="23">

0.000000 0.033333 0.066667 0.100000 0.133333 0.166667 0.200000 0.233333 0.266667 0.300000 0.333333 0.366667 0.400000 0.433333 0.466667 0.500000
0.533333 0.566667 0.600000 0.633333 0.666667 0.700000 0.733333</float_array><technique_common><accessor source="#Spine_02-Matrix-animation-input-array" count="23"><param name="TIME" type="float"/></accessor></technique_common></source><source id="Spine_02-Matrix-animation-output-transform"><float_array id="Spine_02-Matrix-animation-output-transform-array" count="368">

0.983898 0.175836 -0.032036 18.151199 0.178027 -0.980044 0.088432 0.000000 -0.015847 -0.092711 -0.995567 0.000000 0.000000 0.000000 0.000000 1.000000
0.984934 0.170734 -0.027471 18.151199 0.172316 -0.982351 0.072754 0.000000 -0.014564 -0.076392 -0.996972 -0.000000 0.000000 0.000000 0.000000 1.000000
0.984870 0.171444 -0.025241 18.151199 0.172655 -0.983265 0.058135 0.000000 -0.014852 -0.061613 -0.997990 0.000000 0.000000 0.000000 0.000000 1.000000
0.983388 0.179393 -0.027674 18.151199 0.180578 -0.982344 0.048898 -0.000000 -0.018414 -0.053084 -0.998420 -0.000000 0.000000 0.000000 0.000000 1.000000
0.981533 0.189842 -0.023507 18.151199 0.190747 -0.980586 0.045457 -0.000000 -0.014421 -0.049101 -0.998690 0.000000 0.000000 0.000000 0.000000 1.000000
0.979545 0.200636 -0.015420 18.151199 0.201141 -0.978486 0.045905 0.000000 -0.005878 -0.048067 -0.998827 0.000000 0.000000 0.000000 0.000000 1.000000
0.978810 0.204613 -0.008020 18.151199 0.204755 -0.977511 0.050473 0.000000 0.002488 -0.051046 -0.998693 0.000000 0.000000 0.000000 0.000000 1.000000
0.978637 0.205580 -0.002379 18.151199 0.205415 -0.977241 0.052965 0.000000 0.008564 -0.052322 -0.998594 0.000000 0.000000 0.000000 0.000000 1.000000
0.978574 0.205883 0.002408 18.151199 0.205454 -0.977167 0.054156 0.000000 0.013503 -0.052501 -0.998530 0.000000 0.000000 0.000000 0.000000 1.000000
0.977708 0.209761 0.009384 18.151199 0.208809 -0.976020 0.061505 0.000000 0.022060 -0.058174 -0.998063 0.000000 0.000000 0.000000 0.000000 1.000000
0.977932 0.208720 0.009207 18.151199 0.207470 -0.975378 0.074799 0.000000 0.024593 -0.071238 -0.997156 0.000000 0.000000 0.000000 0.000000 1.000000
0.978608 0.205734 -0.000217 18.151199 0.204915 -0.974620 0.090139 0.000000 0.018334 -0.088255 -0.995929 0.000000 0.000000 0.000000 0.000000 1.000000
0.978546 0.205449 -0.015443 18.151199 0.205927 -0.972964 0.104574 -0.000000 0.006459 -0.105511 -0.994397 -0.000000 0.000000 0.000000 0.000000 1.000000
0.978191 0.205371 -0.031070 18.151199 0.207640 -0.970707 0.120883 0.000000 -0.005334 -0.124698 -0.992180 0.000000 0.000000 0.000000 0.000000 1.000000
0.978509 0.203159 -0.035312 18.151199 0.206099 -0.969055 0.135853 0.000000 -0.006620 -0.140211 -0.990100 0.000000 0.000000 0.000000 0.000000 1.000000
0.979630 0.197920 -0.033943 18.151199 0.200770 -0.968711 0.145914 0.000000 -0.004001 -0.149757 -0.988715 0.000000 0.000000 0.000000 0.000000 1.000000
0.981405 0.188943 -0.033842 18.151199 0.191889 -0.970165 0.148180 -0.000000 -0.004835 -0.151919 -0.988381 0.000000 0.000000 0.000000 0.000000 1.000000
0.983078 0.180005 -0.034003 18.151199 0.183055 -0.972363 0.144919 -0.000000 -0.006977 -0.148691 -0.988859 -0.000000 0.000000 0.000000 0.000000 1.000000
0.983702 0.176463 -0.034513 18.151199 0.179586 -0.973732 0.139984 -0.000000 -0.008904 -0.143900 -0.989552 -0.000000 0.000000 0.000000 0.000000 1.000000
0.983389 0.177724 -0.036870 18.151199 0.181090 -0.974449 0.132871 0.000000 -0.012314 -0.137341 -0.990447 0.000000 0.000000 0.000000 0.000000 1.000000
0.983686 0.176189 -0.036330 18.151199 0.179327 -0.976410 0.120270 0.000000 -0.014283 -0.124823 -0.992076 0.000000 0.000000 0.000000 0.000000 1.000000
0.984094 0.174391 -0.033876 18.151199 0.177007 -0.978755 0.103473 0.000000 -0.015112 -0.107824 -0.994055 -0.000000 0.000000 0.000000 0.000000 1.000000
0.984011 0.174908 -0.033616 18.151199 0.177359 -0.979562 0.094877 -0.000000 -0.016334 -0.099322 -0.994921 0.000000 0.000000 0.000000 0.000000 1.000000</float_array><technique_common><accessor source="#Spine_02-Matrix-animation-output-transform-array" count="23" stride="16"><param type="float4x4"/></accessor></technique_common></source><source id="Spine_02-Interpolations"><Name_array id="Spine_02-Interpolations-array" count="23">
 LINEAR LINEAR LINEAR LINEAR LINEAR LINEAR LINEAR LINEAR LINEAR LINEAR LINEAR
LINEAR LINEAR LINEAR LINEAR LINEAR LINEAR LINEAR LINEAR LINEAR LINEAR LINEAR LINEAR</Name_array><technique_common><accessor source="#Spine_02-Interpolations-array" count="23"><param type="name"/></accessor></technique_common></source><sampler id="Spine_02-Matrix-animation-transform"><input semantic="INPUT" source="#Spine_02-Matrix-animation-input"/><input semantic="OUTPUT" source="#Spine_02-Matrix-animation-output-transform"/><input semantic="INTERPOLATION" source="#Spine_02-Interpolations"/></sampler><channel source="#Spine_02-Matrix-animation-transform" target="Spine_02/matrix"/></animation>
    <animation id="Spine_03-anim" name="Spine_03"><source id="Spine_03-Matrix-animation-input"><float_array id="Spine_03-Matrix-animation-input-array" count="23">

0.000000 0.033333 0.066667 0.100000 0.133333 0.166667 0.200000 0.233333 0.266667 0.300000 0.333333 0.366667 0.400000 0.433333 0.466667 0.500000
0.533333 0.566667 0.600000 0.633333 0.666667 0.700000 0.733333</float_array><technique_common><accessor source="#Spine_03-Matrix-animation-input-array" count="23"><param name="TIME" type="float"/></accessor></technique_common></source><source id="Spine_03-Matrix-animation-output-transform"><float_array id="Spine_03-Matrix-animation-output-transform-array" count="368">

0.971018 0.238426 0.016629 17.903700 0.236598 -0.968760 0.074328 0.000000 0.033831 -0.068240 -0.997095 0.000000 0.000000 0.000000 0.000000 1.000000
0.969711 0.243799 0.014925 17.903700 0.242572 -0.968391 0.058118 -0.000000 0.028622 -0.052737 -0.998198 -0.000000 0.000000 0.000000 0.000000 1.000000
0.969747 0.243628 0.015373 17.903700 0.242782 -0.969114 0.043303 -0.000000 0.025448 -0.038261 -0.998944 0.000000 0.000000 0.000000 0.000000 1.000000
0.971531 0.236120 0.019378 17.903700 0.235370 -0.971287 0.034665 0.000000 0.027007 -0.029117 -0.999211 0.000000 0.000000 0.000000 0.000000 1.000000
0.974003 0.225979 0.015892 17.903700 0.225431 -0.973784 0.030432 -0.000000 0.022352 -0.026058 -0.999410 0.000000 0.000000 0.000000 0.000000 1.000000
0.976488 0.215425 0.007899 17.903700 0.215114 -0.976151 0.029242 -0.000000 0.014010 -0.026855 -0.999541 -0.000000 0.000000 0.000000 0.000000 1.000000
0.977344 0.211657 -0.000168 17.903700 0.211552 -0.976834 0.032278 0.000000 0.006668 -0.031582 -0.999479 -0.000000 0.000000 0.000000 0.000000 1.000000
0.977442 0.211117 -0.006105 17.903700 0.211202 -0.976864 0.033626 0.000000 0.001136 -0.034157 -0.999416 0.000000 0.000000 0.000000 0.000000 1.000000
0.977315 0.211508 -0.010907 17.903700 0.211761 -0.976734 0.033896 -0.000000 -0.003484 -0.035437 -0.999366 0.000000 0.000000 0.000000 0.000000 1.000000
0.977903 0.208194 -0.019013 17.903700 0.208807 -0.977147 0.039784 -0.000000 -0.010296 -0.042875 -0.999027 -0.000000 0.000000 0.000000 0.000000 1.000000
0.977530 0.209729 -0.021191 17.903700 0.210579 -0.976145 0.052885 0.000000 -0.009594 -0.056159 -0.998376 0.000000 0.000000 0.000000 0.000000 1.000000
0.976935 0.213038 -0.014560 17.903700 0.213534 -0.974438 0.069817 -0.000000 0.000686 -0.071315 -0.997454 -0.000000 0.000000 0.000000 0.000000 1.000000
0.976937 0.213514 -0.002301 17.903700 0.212901 -0.973197 0.086954 0.000000 0.016326 -0.085439 -0.996210 -0.000000 0.000000 0.000000 0.000000 1.000000
0.976938 0.213322 0.009310 17.903700 0.211169 -0.971698 0.105884 0.000000 0.031634 -0.101476 -0.994335 -0.000000 0.000000 0.000000 0.000000 1.000000
0.976754 0.214147 0.009584 17.903700 0.211445 -0.969852 0.121152 0.000000 0.035240 -0.116309 -0.992588 0.000000 0.000000 0.000000 0.000000 1.000000
0.976035 0.217549 0.005291 17.903700 0.215015 -0.967842 0.130575 0.000000 0.033528 -0.126308 -0.991424 -0.000000 0.000000 0.000000 0.000000 1.000000
0.974381 0.224866 0.004105 17.903700 0.222343 -0.965873 0.132861 0.000000 0.033841 -0.128544 -0.991126 -0.000000 0.000000 0.000000 0.000000 1.000000
0.972589 0.232479 0.005002 17.903700 0.229876 -0.964497 0.130010 -0.000000 0.035049 -0.125297 -0.991500 0.000000 0.000000 0.000000 0.000000 1.000000
0.971839 0.235533 0.007259 17.903700 0.232791 -0.964392 0.125528 0.000000 0.036566 -0.120303 -0.992064 0.000000 0.000000 0.000000 0.000000 1.000000
0.971983 0.234745 0.011969 17.903700 0.231707 -0.965474 0.119043 0.000000 0.039500 -0.112935 -0.992817 0.000000 0.000000 0.000000 0.000000 1.000000
0.971478 0.236701 0.014229 17.903700 0.233904 -0.966403 0.106554 0.000000 0.038973 -0.100187 -0.994205 0.000000 0.000000 0.000000 0.000000 1.000000
0.970902 0.239000 0.015126 17.903700 0.236752 -0.967435 0.089538 -0.000000 0.036033 -0.083352 -0.995869 -0.000000 0.000000 0.000000 0.000000 1.000000
0.970888 0.238952 0.016681 17.903700 0.236888 -0.968155 0.080990 0.000000 0.035502 -0.074681 -0.996575 0.000000 0.000000 0.000000 0.000000 1.000000</float_array><technique_common><accessor source="#Spine_03-Matrix-animation-output-transform-array" count="23" stride="16"><param type="float4x4"/></accessor></technique_common></source><source id="Spine_03-Interpolations"><Name_array id="Spine_03-Interpolations-array" count="23">
 LINEAR LINEAR LINEAR LINEAR LINEAR LINEAR LINEAR LINEAR LINEAR LINEAR LINEAR
LINEAR LINEAR LINEAR LINEAR LINEAR LINEAR LINEAR LINEAR LINEAR LINEAR LINEAR LINEAR</Name_array><technique_common><accessor source="#Spine_03-Interpolations-array" count="23"><param type="name"/></accessor></technique_common></source><sampler id="Spine_03-Matrix-animation-transform"><input semantic="INPUT" source="#Spine_03-Matrix-animation-input"/><input semantic="OUTPUT" source="#Spine_03-Matrix-animation-output-transform"/><input semantic="INTERPOLATION" source="#Spine_03-Interpolations"/></sampler><channel source="#Spine_03-Matrix-animation-transform" target="Spine_03/matrix"/></animation>
    <animation id="Neck-anim" name="Neck"><source id="Neck-Matrix-animation-input"><float_array id="Neck-Matrix-animation-input-array" count="23">

0.000000 0.033333 0.066667 0.100000 0.133333 0.166667 0.200000 0.233333 0.266667 0.300000 0.333333 0.366667 0.400000 0.433333 0.466667 0.500000
0.533333 0.566667 0.600000 0.633333 0.666667 0.700000 0.733333</float_array><technique_common><accessor source="#Neck-Matrix-animation-input-array" count="23"><param name="TIME" type="float"/></accessor></technique_common></source><source id="Neck-Matrix-animation-output-transform"><float_array id="Neck-Matrix-animation-output-transform-array" count="368">

0.997016 0.060576 -0.047855 11.189000 -0.053727 0.989616 0.133317 0.000000 0.055433 -0.130348 0.989917 0.000000 0.000000 0.000000 0.000000 1.000000
0.997066 0.060601 -0.046757 11.189000 -0.054046 0.989964 0.130574 -0.000000 0.054201 -0.127664 0.990335 0.000000 0.000000 0.000000 0.000000 1.000000
0.996981 0.063002 -0.045380 11.189000 -0.056668 0.989969 0.129419 -0.000000 0.053078 -0.126457 0.990551 0.000000 0.000000 0.000000 0.000000 1.000000
0.996775 0.066147 -0.045432 11.189000 -0.059809 0.989845 0.128956 0.000000 0.053501 -0.125823 0.990609 -0.000000 0.000000 0.000000 0.000000 1.000000
0.996830 0.062822 -0.048810 11.189000 -0.056197 0.990318 0.126935 0.000000 0.056312 -0.123789 0.990709 0.000000 0.000000 0.000000 0.000000 1.000000
0.996958 0.056510 -0.053680 11.189000 -0.049489 0.991028 0.124157 0.000000 0.060214 -0.121123 0.990809 0.000000 0.000000 0.000000 0.000000 1.000000
0.997069 0.049519 -0.058317 11.189000 -0.042164 0.991730 0.121215 0.000000 0.063837 -0.118401 0.990912 0.000000 0.000000 0.000000 0.000000 1.000000
0.996946 0.047708 -0.061822 11.189000 -0.040068 0.992036 0.119413 -0.000000 0.067026 -0.116571 0.990918 -0.000000 0.000000 0.000000 0.000000 1.000000
0.996603 0.051072 -0.064607 11.189000 -0.043094 0.991915 0.119363 0.000000 0.070181 -0.116173 0.990746 0.000000 0.000000 0.000000 0.000000 1.000000
0.996057 0.055682 -0.069071 11.189000 -0.047090 0.991617 0.120323 0.000000 0.075192 -0.116596 0.990329 0.000000 0.000000 0.000000 0.000000 1.000000
0.995749 0.055222 -0.073725 11.189000 -0.046009 0.991550 0.121289 0.000000 0.079800 -0.117381 0.989876 0.000000 0.000000 0.000000 0.000000 1.000000
0.995592 0.050901 -0.078782 11.189000 -0.041057 0.991694 0.121893 0.000000 0.084332 -0.118121 0.989412 -0.000000 0.000000 0.000000 0.000000 1.000000
0.995388 0.048474 -0.082784 11.189000 -0.038066 0.991680 0.122970 0.000000 0.088056 -0.119252 0.988952 -0.000000 0.000000 0.000000 0.000000 1.000000
0.995205 0.049969 -0.084089 11.189000 -0.039154 0.991297 0.125683 0.000000 0.089637 -0.121788 0.988500 0.000000 0.000000 0.000000 0.000000 1.000000
0.995298 0.053099 -0.081006 11.189000 -0.042323 0.990691 0.129387 -0.000000 0.087123 -0.125350 0.988280 -0.000000 0.000000 0.000000 0.000000 1.000000
0.995559 0.054473 -0.076776 11.189000 -0.043936 0.990166 0.132816 -0.000000 0.083256 -0.128853 0.988163 0.000000 0.000000 0.000000 0.000000 1.000000
0.995840 0.052992 -0.074128 11.189000 -0.042605 0.989890 0.135290 -0.000000 0.080548 -0.131569 0.988029 -0.000000 0.000000 0.000000 0.000000 1.000000
0.996099 0.051708 -0.071501 11.189000 -0.041542 0.989700 0.136996 0.000000 0.077848 -0.133491 0.987988 0.000000 0.000000 0.000000 0.000000 1.000000
0.996310 0.052779 -0.067688 11.189000 -0.043053 0.989516 0.137859 0.000000 0.074254 -0.134436 0.988136 -0.000000 0.000000 0.000000 0.000000 1.000000
0.996470 0.054861 -0.063552 11.189000 -0.045686 0.989411 0.137764 0.000000 0.070436 -0.134374 0.988424 -0.000000 0.000000 0.000000 0.000000 1.000000
0.996563 0.057272 -0.059843 11.189000 -0.048637 0.989385 0.136937 -0.000000 0.067050 -0.133556 0.988771 0.000000 0.000000 0.000000 0.000000 1.000000
0.996753 0.059396 -0.054373 11.189000 -0.051578 0.989455 0.135343 0.000000 0.061839 -0.132099 0.989306 -0.000000 0.000000 0.000000 0.000000 1.000000
0.996896 0.060155 -0.050795 11.189000 -0.052865 0.989524 0.134342 0.000000 0.058344 -0.131240 0.989632 0.000000 0.000000 0.000000 0.000000 1.000000</float_array><technique_common><accessor source="#Neck-Matrix-animation-output-transform-array" count="23" stride="16"><param type="float4x4"/></accessor></technique_common></source><source id="Neck-Interpolations"><Name_array id="Neck-Interpolations-array" count="23">
 LINEAR LINEAR LINEAR LINEAR LINEAR LINEAR LINEAR LINEAR LINEAR LINEAR LINEAR
LINEAR LINEAR LINEAR LINEAR LINEAR LINEAR LINEAR LINEAR LINEAR LINEAR LINEAR LINEAR</Name_array><technique_common><accessor source="#Neck-Interpolations-array" count="23"><param type="name"/></accessor></technique_common></source><sampler id="Neck-Matrix-animation-transform"><input semantic="INPUT" source="#Neck-Matrix-animation-input"/><input semantic="OUTPUT" source="#Neck-Matrix-animation-output-transform"/><input semantic="INTERPOLATION" source="#Neck-Interpolations"/></sampler><channel source="#Neck-Matrix-animation-transform" target="Neck/matrix"/></animation>
    <animation id="Head-anim" name="Head"><source id="Head-Matrix-animation-input"><float_array id="Head-Matrix-animation-input-array" count="23">

0.000000 0.033333 0.066667 0.100000 0.133333 0.166667 0.200000 0.233333 0.266667 0.300000 0.333333 0.366667 0.400000 0.433333 0.466667 0.500000
0.533333 0.566667 0.600000 0.633333 0.666667 0.700000 0.733333</float_array><technique_common><accessor source="#Head-Matrix-animation-input-array" count="23"><param name="TIME" type="float"/></accessor></technique_common></source><source id="Head-Matrix-animation-output-transform"><float_array id="Head-Matrix-animation-output-transform-array" count="368">

0.034947 0.982477 0.183080 12.164400 -0.128265 0.186087 -0.974125 0.000000 -0.991124 0.010560 0.132521 0.000000 0.000000 0.000000 0.000000 1.000000
0.033625 0.982520 0.183096 12.164400 -0.125616 0.185902 -0.974506 0.000000 -0.991509 0.009768 0.129671 0.000000 0.000000 0.000000 0.000000 1.000000
0.032156 0.983003 0.180753 12.164400 -0.124517 0.183378 -0.975125 0.000000 -0.991696 0.008849 0.128297 0.000000 0.000000 0.000000 0.000000 1.000000
0.032173 0.983565 0.177662 12.164400 -0.123977 0.180309 -0.975766 0.000000 -0.991763 0.009367 0.127740 0.000000 0.000000 0.000000 0.000000 1.000000
0.035372 0.982856 0.180947 12.164400 -0.121767 0.183950 -0.975364 0.000000 -0.991928 0.012467 0.126186 0.000000 0.000000 0.000000 0.000000 1.000000
0.039993 0.981513 0.187170 12.164400 -0.118754 0.190661 -0.974446 0.000000 -0.992118 0.016744 0.124183 0.000000 0.000000 0.000000 0.000000 1.000000
0.044371 0.979989 0.194044 12.164400 -0.115610 0.197967 -0.973367 0.000000 -0.992303 0.020756 0.122080 0.000000 0.000000 0.000000 0.000000 1.000000
0.047717 0.979478 0.195821 12.164400 -0.113572 0.200093 -0.973172 0.000000 -0.992383 0.024197 0.120789 -0.000000 0.000000 0.000000 0.000000 1.000000
0.050494 0.979997 0.192500 12.164400 -0.113217 0.197120 -0.973820 -0.000000 -0.992286 0.027378 0.120905 0.000000 0.000000 0.000000 0.000000 1.000000
0.055032 0.980639 0.187932 12.164400 -0.113705 0.193148 -0.974559 -0.000000 -0.991989 0.032264 0.122133 0.000000 0.000000 0.000000 0.000000 1.000000
0.059758 0.980284 0.188340 12.164400 -0.114305 0.194156 -0.974288 0.000000 -0.991647 0.036694 0.123653 0.000000 0.000000 0.000000 0.000000 1.000000
0.064854 0.979145 0.192535 12.164400 -0.114602 0.198972 -0.973281 0.000000 -0.991292 0.041057 0.125116 0.000000 0.000000 0.000000 0.000000 1.000000
0.068939 0.978404 0.194869 12.164400 -0.115413 0.201844 -0.972594 -0.000000 -0.990922 0.044559 0.126835 -0.000000 0.000000 0.000000 0.000000 1.000000
0.070469 0.978594 0.193359 12.164400 -0.117981 0.200657 -0.972531 -0.000000 -0.990512 0.045721 0.129596 -0.000000 0.000000 0.000000 0.000000 1.000000
0.067703 0.979394 0.190274 12.164400 -0.121853 0.197401 -0.972720 0.000000 -0.990236 0.042670 0.132707 0.000000 0.000000 0.000000 0.000000 1.000000
0.063767 0.979919 0.188923 12.164400 -0.125584 0.195683 -0.972593 0.000000 -0.990031 0.038293 0.135541 0.000000 0.000000 0.000000 0.000000 1.000000
0.061329 0.979795 0.190371 12.164400 -0.128302 0.196887 -0.971995 -0.000000 -0.989837 0.035186 0.137785 -0.000000 0.000000 0.000000 0.000000 1.000000
0.058848 0.979701 0.191634 12.164400 -0.130247 0.197861 -0.971538 0.000000 -0.989734 0.032214 0.139247 0.000000 0.000000 0.000000 0.000000 1.000000
0.055115 0.980119 0.190601 12.164400 -0.131390 0.196351 -0.971691 0.000000 -0.989797 0.028512 0.139600 0.000000 0.000000 0.000000 0.000000 1.000000
0.050979 0.980733 0.188585 12.164400 -0.131577 0.193781 -0.972181 0.000000 -0.989994 0.024748 0.138921 0.000000 0.000000 0.000000 0.000000 1.000000
0.047211 0.981368 0.186246 12.164400 -0.130992 0.190927 -0.972825 0.000000 -0.990259 0.021531 0.137566 0.000000 0.000000 0.000000 0.000000 1.000000
0.041622 0.982006 0.184206 12.164400 -0.129790 0.188117 -0.973533 -0.000000 -0.990668 0.016612 0.135285 -0.000000 0.000000 0.000000 0.000000 1.000000
0.037968 0.982289 0.183485 12.164400 -0.129062 0.186900 -0.973864 0.000000 -0.990909 0.013295 0.133872 0.000000 0.000000 0.000000 0.000000 1.000000</float_array><technique_common><accessor source="#Head-Matrix-animation-output-transform-array" count="23" stride="16"><param type="float4x4"/></accessor></technique_common></source><source id="Head-Interpolations"><Name_array id="Head-Interpolations-array" count="23">
 LINEAR LINEAR LINEAR LINEAR LINEAR LINEAR LINEAR LINEAR LINEAR LINEAR LINEAR
LINEAR LINEAR LINEAR LINEAR LINEAR LINEAR LINEAR LINEAR LINEAR LINEAR LINEAR LINEAR</Name_array><technique_common><accessor source="#Head-Interpolations-array" count="23"><param type="name"/></accessor></technique_common></source><sampler id="Head-Matrix-animation-transform"><input semantic="INPUT" source="#Head-Matrix-animation-input"/><input semantic="OUTPUT" source="#Head-Matrix-animation-output-transform"/><input semantic="INTERPOLATION" source="#Head-Interpolations"/></sampler><channel source="#Head-Matrix-animation-transform" target="Head/matrix"/></animation>
    <animation id="Clavicle_L-anim" name="Clavicle_L"><source id="Clavicle_L-Matrix-animation-input"><float_array id="Clavicle_L-Matrix-animation-input-array" count="23">

0.000000 0.033333 0.066667 0.100000 0.133333 0.166667 0.200000 0.233333 0.266667 0.300000 0.333333 0.366667 0.400000 0.433333 0.466667 0.500000
0.533333 0.566667 0.600000 0.633333 0.666667 0.700000 0.733333</float_array><technique_common><accessor source="#Clavicle_L-Matrix-animation-input-array" count="23"><param name="TIME" type="float"/></accessor></technique_common></source><source id="Clavicle_L-Matrix-animation-output-transform"><float_array id="Clavicle_L-Matrix-animation-output-transform-array" count="368">

-0.163138 0.984607 -0.062736 5.801200 0.575483 0.043315 -0.816666 -4.191400 -0.801377 -0.169333 -0.573691 -7.447200 0.000000 0.000000 0.000000 1.000000
-0.159973 0.985012 -0.064502 5.801200 0.559146 0.036572 -0.828262 -4.191400 -0.813489 -0.168566 -0.556616 -7.447200 0.000000 0.000000 0.000000 1.000000
-0.134665 0.989574 -0.051083 5.801200 0.537502 0.029642 -0.842742 -4.191400 -0.832441 -0.140945 -0.535889 -7.447200 0.000000 0.000000 0.000000 1.000000
-0.098836 0.994594 -0.031860 5.801200 0.522135 0.024577 -0.852509 -4.191400 -0.847117 -0.100893 -0.521741 -7.447200 0.000000 0.000000 0.000000 1.000000
-0.065331 0.997745 -0.015373 5.801200 0.521569 0.021009 -0.852951 -4.191400 -0.850704 -0.063742 -0.521765 -7.447200 0.000000 0.000000 0.000000 1.000000
-0.027386 0.999617 0.003917 5.801200 0.536406 0.018002 -0.843768 -4.191400 -0.843516 -0.021007 -0.536694 -7.447200 0.000000 0.000000 0.000000 1.000000
-0.020338 0.999784 0.004205 5.801200 0.549438 0.014691 -0.835405 -4.191400 -0.835287 -0.014680 -0.549618 -7.447200 0.000000 0.000000 0.000000 1.000000
-0.029637 0.999550 -0.004612 5.801200 0.552748 0.012544 -0.833254 -4.191400 -0.832822 -0.027244 -0.552871 -7.447200 0.000000 0.000000 0.000000 1.000000
-0.043270 0.998967 -0.013878 5.801200 0.552613 0.012360 -0.833347 -4.191400 -0.832314 -0.043728 -0.552577 -7.447200 0.000000 0.000000 0.000000 1.000000
-0.049810 0.998639 -0.015471 5.801200 0.557159 0.014928 -0.830272 -4.191400 -0.828911 -0.049976 -0.557144 -7.447200 0.000000 0.000000 0.000000 1.000000
-0.062917 0.997836 -0.019091 5.801200 0.564733 0.019824 -0.825036 -4.191400 -0.822872 -0.062691 -0.564758 -7.447200 0.000000 0.000000 0.000000 1.000000
-0.078379 0.996641 -0.023755 5.801200 0.581021 0.026304 -0.813464 -4.191400 -0.810106 -0.077561 -0.581130 -7.447200 0.000000 0.000000 0.000000 1.000000
-0.087775 0.995822 -0.025167 5.801200 0.606975 0.033434 -0.794018 -4.191400 -0.789859 -0.084971 -0.607373 -7.447200 0.000000 0.000000 0.000000 1.000000
-0.087626 0.995914 -0.021855 5.801200 0.635690 0.039013 -0.770958 -4.191400 -0.766955 -0.081449 -0.636511 -7.447200 0.000000 0.000000 0.000000 1.000000
-0.079581 0.996700 -0.016028 5.801200 0.660644 0.040695 -0.749596 -4.191400 -0.746469 -0.070242 -0.661702 -7.447200 0.000000 0.000000 0.000000 1.000000
-0.070328 0.997472 -0.010182 5.801200 0.680238 0.040491 -0.731872 -4.191400 -0.729610 -0.058397 -0.681366 -7.447200 0.000000 0.000000 0.000000 1.000000
-0.065728 0.997814 -0.006861 5.801200 0.689991 0.040482 -0.722685 -4.191400 -0.720827 -0.052235 -0.691144 -7.447200 0.000000 0.000000 0.000000 1.000000
-0.071033 0.997422 -0.010191 5.801200 0.684576 0.041317 -0.727769 -4.191400 -0.725472 -0.058672 -0.685746 -7.447200 0.000000 0.000000 0.000000 1.000000
-0.085880 0.996106 -0.019957 5.801200 0.669697 0.042885 -0.741396 -4.191400 -0.737652 -0.077036 -0.670772 -7.447200 0.000000 0.000000 0.000000 1.000000
-0.104376 0.994033 -0.031699 5.801200 0.653225 0.044486 -0.755855 -4.191400 -0.749935 -0.099599 -0.653971 -7.447200 0.000000 0.000000 0.000000 1.000000
-0.122346 0.991599 -0.041978 5.801200 0.631075 0.045080 -0.774411 -4.191400 -0.766013 -0.121238 -0.631289 -7.447200 0.000000 0.000000 0.000000 1.000000
-0.141655 0.988549 -0.052007 5.801200 0.602861 0.044478 -0.796606 -4.191400 -0.785171 -0.144196 -0.602258 -7.447200 0.000000 0.000000 0.000000 1.000000
