<?xml version="1.0" encoding="utf-8"?>
<COLLADA xmlns="http://www.collada.org/2005/11/COLLADASchema" version="1.4.1">
  <asset><contributor><author>Mixamo</author><authoring_tool>COLLADA Mixamo exporter</authoring_tool><comments></comments></contributor><created>2020-08-28T19:20:56Z</created><modified>2020-08-28T19:20:56Z</modified><revision></revision><title></title><unit meter="1.000000"/><up_axis>Y_UP</up_axis></asset>
  <library_animations>
    <animation id="Root-anim" name="Root"><source id="Root-Matrix-animation-input"><float_array id="Root-Matrix-animation-input-array" count="23">

0.000000 0.033333 0.066667 0.100000 0.133333 0.166667 0.200000 0.233333 0.266667 0.300000 0.333333 0.366667 0.400000 0.433333 0.466667 0.500000
0.533333 0.566667 0.600000 0.633333 0.666667 0.700000 0.733333</float_array><technique_common><accessor source="#Root-Matrix-animation-input-array" count="23"><param name="TIME" type="float"/></accessor></technique_common></source><source id="Root-Matrix-animation-output-transform"><float_array id="Root-Matrix-animation-output-transform-array" count="368">

0.009769 0.000008 -0.002135 -0.010774 0.000090 0.009990 0.000448 -0.067146 0.002133 -0.000457 0.009759 0.062728 0.000000 0.000000 0.000000 1.000000
0.009653 -0.000004 -0.002610 -0.005177 0.000123 0.009990 0.000439 -0.068782 0.002607 -0.000456 0.009643 0.065923 0.000000 0.000000 0.000000 1.000000
0.009556 -0.000026 -0.002948 0.000324 0.000140 0.009992 0.000367 -0.064294 0.002945 -0.000392 0.009549 0.064787 0.000000 0.000000 0.000000 1.000000
0.009518 -0.000033 -0.003067 0.001794 0.000138 0.009994 0.000322 -0.054447 0.003064 -0.000349 0.009512 0.068345 0.000000 0.000000 0.000000 1.000000
0.009547 -0.000074 -0.002975 0.003465 0.000176 0.009993 0.000316 -0.036342 0.002971 -0.000354 0.009542 0.077063 0.000000 0.000000 0.000000 1.000000
0.009618 -0.000265 -0.002726 0.013750 0.000295 0.009995 0.000069 -0.016006 0.002723 -0.000147 0.009621 0.061841 0.000000 0.000000 0.000000 1.000000
0.009688 -0.000456 -0.002435 0.024996 0.000414 0.009989 -0.000223 -0.003290 0.002442 0.000115 0.009696 0.040981 0.000000 0.000000 0.000000 1.000000
0.009735 -0.000559 -0.002218 0.029725 0.000477 0.009980 -0.000422 0.001753 0.002237 0.000305 0.009742 0.025183 0.000000 0.000000 0.000000 1.000000
0.009705 -0.000727 -0.002300 0.038624 0.000629 0.009968 -0.000497 -0.003472 0.002329 0.000337 0.009719 0.019364 0.000000 0.000000 0.000000 1.000000
0.009659 -0.000907 -0.002426 0.050885 0.000791 0.009952 -0.000571 -0.023997 0.002466 0.000359 0.009684 0.013663 0.000000 0.000000 0.000000 1.000000
0.009660 -0.000984 -0.002390 0.054573 0.000888 0.009948 -0.000506 -0.049949 0.002427 0.000277 0.009697 0.015173 0.000000 0.000000 0.000000 1.000000
0.009680 -0.000979 -0.002311 0.049556 0.000924 0.009951 -0.000344 -0.070508 0.002333 0.000120 0.009723 0.020967 0.000000 0.000000 0.000000 1.000000
0.009720 -0.000969 -0.002140 0.046262 0.000980 0.009952 -0.000055 -0.077768 0.002135 -0.000157 0.009768 0.044017 0.000000 0.000000 0.000000 1.000000
0.009794 -0.000936 -0.001788 0.044606 0.000982 0.009950 0.000169 -0.070498 0.001763 -0.000341 0.009837 0.066473 0.000000 0.000000 0.000000 1.000000
0.009864 -0.000812 -0.001432 0.038045 0.000859 0.009960 0.000267 -0.050897 0.001404 -0.000386 0.009893 0.079124 0.000000 0.000000 0.000000 1.000000
0.009939 -0.000641 -0.000901 0.028127 0.000659 0.009977 0.000173 -0.021468 0.000888 -0.000231 0.009958 0.072930 0.000000 0.000000 0.000000 1.000000
0.009991 -0.000420 -0.000030 0.013745 0.000420 0.009991 0.000023 0.006665 0.000029 -0.000025 0.010000 0.061493 0.000000 0.000000 0.000000 1.000000
0.010000 -0.000070 -0.000003 -0.011832 0.000070 0.009998 -0.000163 0.018859 0.000004 0.000163 0.009999 0.043036 0.000000 0.000000 0.000000 1.000000
0.009986 0.000406 -0.000347 -0.049639 -0.000416 0.009988 -0.000276 0.015939 0.000335 0.000290 0.009990 0.026641 0.000000 0.000000 0.000000 1.000000
0.009940 0.000705 -0.000840 -0.073043 -0.000725 0.009971 -0.000213 0.008452 0.000822 0.000273 0.009962 0.021638 0.000000 0.000000 0.000000 1.000000
0.009888 0.000663 -0.001336 -0.068694 -0.000675 0.009977 -0.000040 -0.008911 0.001330 0.000130 0.009910 0.026481 0.000000 0.000000 0.000000 1.000000
0.009845 0.000426 -0.001704 -0.046520 -0.000402 0.009990 0.000176 -0.035027 0.001710 -0.000104 0.009852 0.040476 0.000000 0.000000 0.000000 1.000000
0.009769 0.000008 -0.002135 -0.010774 0.000090 0.009990 0.000448 -0.067146 0.002133 -0.000457 0.009759 0.062728 0.000000 0.000000 0.000000 1.000000</float_array><technique_common><accessor source="#Root-Matrix-animation-output-transform-array" count="23" stride="16"><param type="float4x4"/></accessor></technique_common></source><source id="Root-Interpolations"><Name_array id="Root-Interpolations-array" count="23">
 LINEAR LINEAR LINEAR LINEAR LINEAR LINEAR LINEAR LINEAR LINEAR LINEAR LINEAR
LINEAR LINEAR LINEAR LINEAR LINEAR LINEAR LINEAR LINEAR LINEAR LINEAR LINEAR LINEAR</Name_array><technique_common><accessor source="#Root-Interpolations-array" count="23"><param type="name"/></accessor></technique_common></source><sampler id="Root-Matrix-animation-transform"><input semantic="INPUT" source="#Root-Matrix-animation-input"/><input semantic="OUTPUT" source="#Root-Matrix-animation-output-transform"/><input semantic="INTERPOLATION" source="#Root-Interpolations"/></sampler><channel source="#Root-Matrix-animation-transform" target="Root/matrix"/></animation>
    <animation id="Hips-anim" name="Hips"><source id="Hips-Matrix-animation-input"><float_array id="Hips-Matrix-animation-input-array" count="23">

0.000000 0.033333 0.066667 0.100000 0.133333 0.166667 0.200000 0.233333 0.266667 0.300000 0.333333 0.366667 0.400000 0.433333 0.466667 0.500000
0.533333 0.566667 0.600000 0.633333 0.666667 0.700000 0.733333</float_array><technique_common><accessor source="#Hips-Matrix-animation-input-array" count="23"><param name="TIME" type="float"/></accessor></technique_common></source><source id="Hips-Matrix-animation-output-transform"><float_array id="Hips-Matrix-animation-output-transform-array" count="368">

-0.000001 0.000000 1.000000 0.000000 0.988775 0.149411 0.000001 87.627602 -0.149411 0.988775 -0.000000 0.000000 0.000000 0.000000 0.000000 1.000000
-0.000001 0.000000 1.000000 -0.000000 0.988775 0.149411 0.000001 87.627602 -0.149411 0.988775 -0.000000 0.000000 0.000000 0.000000 0.000000 1.000000
-0.000001 0.000000 1.000000 0.000000 0.988775 0.149411 0.000001 87.627602 -0.149411 0.988775 -0.000000 -0.000000 0.000000 0.000000 0.000000 1.000000
-0.000001 0.000000 1.000000 0.000000 0.988775 0.149411 0.000001 87.627602 -0.149411 0.988775 -0.000000 0.000000 0.000000 0.000000 0.000000 1.000000
-0.000001 0.000000 1.000000 0.000000 0.988775 0.149411 0.000001 87.627602 -0.149411 0.988775 -0.000000 0.000000 0.000000 0.000000 0.000000 1.000000
-0.000001 0.000000 1.000000 0.000000 0.988775 0.149411 0.000001 87.627602 -0.149411 0.988775 -0.000000 0.000000 0.000000 0.000000 0.000000 1.000000
-0.000001 0.000000 1.000000 0.000000 0.988775 0.149411 0.000001 87.627602 -0.149411 0.988775 -0.000000 -0.000000 0.000000 0.000000 0.000000 1.000000
-0.000001 0.000000 1.000000 0.000000 0.988775 0.149411 0.000001 87.627602 -0.149411 0.988775 -0.000000 -0.000000 0.000000 0.000000 0.000000 1.000000
-0.000001 0.000000 1.000000 -0.000000 0.988775 0.149411 0.000001 87.627602 -0.149411 0.988775 -0.000000 0.000000 0.000000 0.000000 0.000000 1.000000
-0.000001 0.000000 1.000000 -0.000000 0.988775 0.149411 0.000001 87.627602 -0.149411 0.988775 -0.000000 -0.000000 0.000000 0.000000 0.000000 1.000000
-0.000001 0.000000 1.000000 0.000000 0.988775 0.149411 0.000001 87.627602 -0.149411 0.988775 -0.000000 0.000000 0.000000 0.000000 0.000000 1.000000
-0.000001 0.000000 1.000000 -0.000000 0.988775 0.149411 0.000001 87.627602 -0.149411 0.988775 -0.000000 0.000000 0.000000 0.000000 0.000000 1.000000
-0.000001 0.000000 1.000000 0.000000 0.988775 0.149411 0.000001 87.627602 -0.149411 0.988775 -0.000000 0.000000 0.000000 0.000000 0.000000 1.000000
-0.000001 0.000000 1.000000 0.000000 0.988775 0.149411 0.000001 87.627602 -0.149411 0.988775 -0.000000 -0.000000 0.000000 0.000000 0.000000 1.000000
-0.000001 0.000000 1.000000 0.000000 0.988775 0.149411 0.000001 87.627602 -0.149411 0.988775 -0.000000 0.000000 0.000000 0.000000 0.000000 1.000000
-0.000001 0.000000 1.000000 -0.000000 0.988775 0.149411 0.000001 87.627602 -0.149411 0.988775 -0.000000 0.000000 0.000000 0.000000 0.000000 1.000000
-0.000001 0.000000 1.000000 -0.000000 0.988775 0.149411 0.000001 87.627602 -0.149411 0.988775 -0.000000 0.000000 0.000000 0.000000 0.000000 1.000000
-0.000001 0.000000 1.000000 -0.000000 0.988775 0.149411 0.000001 87.627602 -0.149411 0.988775 -0.000000 0.000000 0.000000 0.000000 0.000000 1.000000
-0.000001 0.000000 1.000000 0.000000 0.988775 0.149411 0.000001 87.627602 -0.149411 0.988775 -0.000000 0.000000 0.000000 0.000000 0.000000 1.000000
-0.000001 0.000000 1.000000 0.000000 0.988775 0.149411 0.000001 87.627602 -0.149411 0.988775 -0.000000 0.000000 0.000000 0.000000 0.000000 1.000000
-0.000001 0.000000 1.000000 0.000000 0.988775 0.149411 0.000001 87.627602 -0.149411 0.988775 -0.000000 0.000000 0.000000 0.000000 0.000000 1.000000
-0.000001 0.000000 1.000000 0.000000 0.988775 0.149411 0.000001 87.627602 -0.149411 0.988775 -0.000000 0.000000 0.000000 0.000000 0.000000 1.000000
-0.000001 0.000000 1.000000 -0.000000 0.988775 0.149411 0.000001 87.627602 -0.149411 0.988775 -0.000000 0.000000 0.000000 0.000000 0.000000 1.000000</float_array><technique_common><accessor source="#Hips-Matrix-animation-output-transform-array" count="23" stride="16"><param type="float4x4"/></accessor></technique_common></source><source id="Hips-Interpolations"><Name_array id="Hips-Interpolations-array" count="23">
 LINEAR LINEAR LINEAR LINEAR LINEAR LINEAR LINEAR LINEAR LINEAR LINEAR LINEAR
LINEAR LINEAR LINEAR LINEAR LINEAR LINEAR LINEAR LINEAR LINEAR LINEAR LINEAR LINEAR</Name_array><technique_common><accessor source="#Hips-Interpolations-array" count="23"><param type="name"/></accessor></technique_common></source><sampler id="Hips-Matrix-animation-transform"><input semantic="INPUT" source="#Hips-Matrix-animation-input"/><input semantic="OUTPUT" source="#Hips-Matrix-animation-output-transform"/><input semantic="INTERPOLATION" source="#Hips-Interpolations"/></sampler><channel source="#Hips-Matrix-animation-transform" target="Hips/matrix"/></animation>
    <animation id="Spine_01-anim" name="Spine_01"><source id="Spine_01-Matrix-animation-input"><float_array id="Spine_01-Matrix-animation-input-array" count="23">

0.000000 0.033333 0.066667 0.100000 0.133333 0.166667 0.200000 0.233333 0.266667 0.300000 0.333333 0.366667 0.400000 0.433333 0.466667 0.500000
0.533333 0.566667 0.600000 0.633333 0.666667 0.700000 0.733333</float_array><technique_common><accessor source="#Spine_01-Matrix-animation-input-array" count="23"><param name="TIME" type="float"/></accessor></technique_common></source><source id="Spine_01-Matrix-animation-output-transform"><float_array id="Spine_01-Matrix-animation-output-transform-array" count="368">

0.949237 0.314558 0.001595 10.393300 0.311904 -0.940545 -0.134505 0.000000 -0.040810 0.128175 -0.990912 0.000000 0.000000 0.000000 0.000000 1.000000
0.947937 0.318456 0.000181 10.393300 0.317062 -0.943732 -0.094032 0.000000 -0.029774 0.089194 -0.995569 0.000000 0.000000 0.000000 0.000000 1.000000
0.948901 0.315254 -0.014194 10.393300 0.314014 -0.947723 -0.056717 0.000000 -0.031332 0.049362 -0.998289 0.000000 0.000000 0.000000 0.000000 1.000000
0.952107 0.304369 -0.029167 10.393300 0.303277 -0.952199 -0.036613 0.000000 -0.038917 0.026013 -0.998904 0.000000 0.000000 0.000000 0.000000 1.000000
0.955966 0.291254 -0.036053 10.393300 0.290617 -0.956588 -0.021918 0.000000 -0.040871 0.010475 -0.999110 0.000000 0.000000 0.000000 0.000000 1.000000
0.962290 0.269373 -0.037890 10.393300 0.269502 -0.962998 -0.001746 -0.000000 -0.036958 -0.008531 -0.999280 -0.000000 0.000000 0.000000 0.000000 1.000000
0.968216 0.246627 -0.041635 10.393300 0.247461 -0.968763 0.016140 0.000000 -0.036354 -0.025930 -0.999003 -0.000000 0.000000 0.000000 0.000000 1.000000
0.970534 0.237314 -0.041773 10.393300 0.238595 -0.970690 0.028869 0.000000 -0.033697 -0.037986 -0.998710 0.000000 0.000000 0.000000 0.000000 1.000000
0.970460 0.239191 -0.031536 10.393300 0.240375 -0.969794 0.041473 0.000000 -0.020663 -0.047828 -0.998642 0.000000 0.000000 0.000000 0.000000 1.000000
0.969314 0.244748 -0.023013 10.393300 0.245630 -0.968030 0.050825 0.000000 -0.009838 -0.054918 -0.998442 0.000000 0.000000 0.000000 0.000000 1.000000
0.964537 0.263623 -0.013103 10.393300 0.263943 -0.963632 0.041806 0.000000 -0.001605 -0.043782 -0.999040 0.000000 0.000000 0.000000 0.000000 1.000000
0.955017 0.296469 0.006992 10.393300 0.296309 -0.954924 0.017894 0.000000 0.011981 -0.015017 -0.999815 0.000000 0.000000 0.000000 0.000000 1.000000
0.943560 0.329506 0.033469 10.393300 0.330174 -0.943771 -0.016775 -0.000000 0.026060 0.026879 -0.999299 0.000000 0.000000 0.000000 0.000000 1.000000
0.940732 0.336116 0.045263 10.393300 0.338322 -0.939361 -0.056029 0.000000 0.023686 0.068021 -0.997403 0.000000 0.000000 0.000000 0.000000 1.000000
0.948050 0.316747 0.029522 10.393300 0.318110 -0.944658 -0.080175 0.000000 0.002493 0.085402 -0.996343 0.000000 0.000000 0.000000 0.000000 1.000000
0.958571 0.284481 0.014592 10.393300 0.284126 -0.951200 -0.120378 0.000000 -0.020366 0.119537 -0.992621 0.000000 0.000000 0.000000 0.000000 1.000000
0.966837 0.255390 0.001398 10.393300 0.251488 -0.951083 -0.179428 0.000000 -0.044494 0.173829 -0.983770 0.000000 0.000000 0.000000 0.000000 1.000000
0.969383 0.243503 -0.031671 10.393300 0.232967 -0.952775 -0.194799 0.000000 -0.077609 0.181456 -0.980332 -0.000000 0.000000 0.000000 0.000000 1.000000
0.966972 0.244573 -0.071761 10.393300 0.227239 -0.954745 -0.191894 -0.000000 -0.115446 0.169250 -0.978788 0.000000 0.000000 0.000000 0.000000 1.000000
0.962385 0.258835 -0.082581 10.393300 0.240866 -0.953453 -0.181416 0.000000 -0.125693 0.154701 -0.979933 -0.000000 0.000000 0.000000 0.000000 1.000000
0.959429 0.273491 -0.068552 10.393300 0.258764 -0.950661 -0.171130 0.000000 -0.111972 0.146448 -0.982861 0.000000 0.000000 0.000000 0.000000 1.000000
0.956079 0.290151 -0.041539 10.393300 0.280348 -0.946585 -0.159315 0.000000 -0.085546 0.140672 -0.986354 -0.000000 0.000000 0.000000 0.000000 1.000000
0.949237 0.314558 0.001595 10.393300 0.311904 -0.940545 -0.134505 0.000000 -0.040810 0.128175 -0.990912 -0.000000 0.000000 0.000000 0.000000 1.000000</float_array><technique_common><accessor source="#Spine_01-Matrix-animation-output-transform-array" count="23" stride="16"><param type="float4x4"/></accessor></technique_common></source><source id="Spine_01-Interpolations"><Name_array id="Spine_01-Interpolations-array" count="23">
 LINEAR LINEAR LINEAR LINEAR LINEAR LINEAR LINEAR LINEAR LINEAR LINEAR LINEAR
LINEAR LINEAR LINEAR LINEAR LINEAR LINEAR LINEAR LINEAR LINEAR LINEAR LINEAR LINEAR</Name_array><technique_common><accessor source="#Spine_01-Interpolations-array" count="23"><param type="name"/></accessor></technique_common></source><sampler id="Spine_01-Matrix-animation-transform"><input semantic="INPUT" source="#Spine_01-Matrix-animation-input"/><input semantic="OUTPUT" source="#Spine_01-Matrix-animation-output-transform"/><input semantic="INTERPOLATION" source="#Spine_01-Interpolations"/></sampler><channel source="#Spine_01-Matrix-animation-transform" target="Spine_01/matrix"/></animation>
    <animation id="Spine_02-anim" name="Spine_02"><source id="Spine_02-Matrix-animation-input"><float_array id="Spine_02-Matrix-animation-input-array" count="23">

0.000000 0.033333 0.066667 0.100000 0.133333 0.166667 0.200000 0.233333 0.266667 0.300000 0.333333 0.366667 0.400000 0.433333 0.466667 0.500000
0.533333 0.566667 0.600000 0.633333 0.666667 0.700000 0.733333</float_array><technique_common><accessor source="#Spine_02-Matrix-animation-input-array" count="23"><param name="TIME" type="float"/></accessor></technique_common></source><source id="Spine_02-Matrix-animation-output-transform"><float_array id="Spine_02-Matrix-animation-output-transform-array" count="368">

0.983818 0.178497 0.015487 18.151199 0.179110 -0.982020 -0.059637 0.000000 0.004564 0.061446 -0.998100 0.000000 0.000000 0.000000 0.000000 1.000000
0.984154 0.176994 0.010685 18.151199 0.177289 -0.983271 -0.041795 -0.000000 0.003108 0.043027 -0.999069 0.000000 0.000000 0.000000 0.000000 1.000000
0.983837 0.178781 0.010143 18.151199 0.178980 -0.983551 -0.024366 0.000000 0.005620 0.025788 -0.999652 0.000000 0.000000 0.000000 0.000000 1.000000
0.983252 0.181915 0.011090 18.151199 0.182066 -0.983178 -0.014629 0.000000 0.008242 0.016403 -0.999831 0.000000 0.000000 0.000000 0.000000 1.000000
0.982496 0.185889 0.012143 18.151199 0.185989 -0.982521 -0.007744 0.000000 0.010491 0.009867 -0.999896 -0.000000 0.000000 0.000000 0.000000 1.000000
0.981296 0.192220 0.010472 18.151199 0.192219 -0.981351 0.001092 -0.000000 0.010487 0.000942 -0.999945 0.000000 0.000000 0.000000 0.000000 1.000000
0.980307 0.197389 0.005918 18.151199 0.197334 -0.980298 0.008651 -0.000000 0.007509 -0.007313 -0.999945 -0.000000 0.000000 0.000000 0.000000 1.000000
0.979745 0.200220 0.003476 18.151199 0.200154 -0.979664 0.014060 0.000000 0.006220 -0.013080 -0.999895 0.000000 0.000000 0.000000 0.000000 1.000000
0.979242 0.202692 -0.000513 18.151199 0.202665 -0.979061 0.019132 -0.000000 0.003376 -0.018839 -0.999817 0.000000 0.000000 0.000000 0.000000 1.000000
0.978715 0.205155 -0.005300 18.151199 0.205223 -0.978455 0.022581 0.000000 -0.000553 -0.023188 -0.999731 0.000000 0.000000 0.000000 0.000000 1.000000
0.978235 0.207462 -0.004096 18.151199 0.207502 -0.978059 0.018558 0.000000 -0.000157 -0.019004 -0.999819 -0.000000 0.000000 0.000000 0.000000 1.000000
0.977809 0.209333 0.008375 18.151199 0.209259 -0.977820 0.008870 0.000000 0.010046 -0.006920 -0.999926 0.000000 0.000000 0.000000 0.000000 1.000000
0.978124 0.206520 0.024970 18.151199 0.206729 -0.978379 -0.006076 0.000000 0.023175 0.011105 -0.999670 0.000000 0.000000 0.000000 0.000000 1.000000
0.977951 0.205237 0.038595 18.151199 0.206205 -0.978238 -0.023007 0.000000 0.033033 0.030458 -0.998990 0.000000 0.000000 0.000000 0.000000 1.000000
0.976879 0.208757 0.046141 18.151199 0.210313 -0.977114 -0.031881 0.000000 0.038430 0.040848 -0.998426 0.000000 0.000000 0.000000 0.000000 1.000000
0.975297 0.214474 0.052881 18.151199 0.217020 -0.974972 -0.048284 0.000000 0.041201 0.058568 -0.997433 -0.000000 0.000000 0.000000 0.000000 1.000000
0.974647 0.216461 0.056637 18.151199 0.220333 -0.972570 -0.074571 0.000000 0.038942 0.085160 -0.995606 0.000000 0.000000 0.000000 0.000000 1.000000
0.976833 0.207912 0.050684 18.151199 0.211538 -0.973948 -0.081711 -0.000000 0.032375 0.090539 -0.995367 0.000000 0.000000 0.000000 0.000000 1.000000
0.979750 0.195193 0.044609 18.151199 0.198266 -0.976868 -0.080122 0.000000 0.027938 0.087344 -0.995786 -0.000000 0.000000 0.000000 0.000000 1.000000
0.981795 0.185841 0.039271 18.151199 0.188371 -0.979182 -0.075623 -0.000000 0.024400 0.081644 -0.996363 -0.000000 0.000000 0.000000 0.000000 1.000000
0.982782 0.181962 0.032075 18.151199 0.183856 -0.980306 -0.072090 0.000000 0.018326 0.076746 -0.996882 0.000000 0.000000 0.000000 0.000000 1.000000
0.983354 0.180124 0.023895 18.151199 0.181360 -0.981041 -0.068318 0.000000 0.011136 0.071515 -0.997377 0.000000 0.000000 0.000000 0.000000 1.000000
0.983818 0.178497 0.015487 18.151199 0.179110 -0.982020 -0.059637 0.000000 0.004564 0.061446 -0.998100 -0.000000 0.000000 0.000000 0.000000 1.000000</float_array><technique_common><accessor source="#Spine_02-Matrix-animation-output-transform-array" count="23" stride="16"><param type="float4x4"/></accessor></technique_common></source><source id="Spine_02-Interpolations"><Name_array id="Spine_02-Interpolations-array" count="23">
 LINEAR LINEAR LINEAR LINEAR LINEAR LINEAR LINEAR LINEAR LINEAR LINEAR LINEAR
LINEAR LINEAR LINEAR LINEAR LINEAR LINEAR LINEAR LINEAR LINEAR LINEAR LINEAR LINEAR</Name_array><technique_common><accessor source="#Spine_02-Interpolations-array" count="23"><param type="name"/></accessor></technique_common></source><sampler id="Spine_02-Matrix-animation-transform"><input semantic="INPUT" source="#Spine_02-Matrix-animation-input"/><input semantic="OUTPUT" source="#Spine_02-Matrix-animation-output-transform"/><input semantic="INTERPOLATION" source="#Spine_02-Interpolations"/></sampler><channel source="#Spine_02-Matrix-animation-transform" target="Spine_02/matrix"/></animation>
    <animation id="Spine_03-anim" name="Spine_03"><source id="Spine_03-Matrix-animation-input"><float_array id="Spine_03-Matrix-animation-input-array" count="23">

0.000000 0.033333 0.066667 0.100000 0.133333 0.166667 0.200000 0.233333 0.266667 0.300000 0.333333 0.366667 0.400000 0.433333 0.466667 0.500000
0.533333 0.566667 0.600000 0.633333 0.666667 0.700000 0.733333</float_array><technique_common><accessor source="#Spine_03-Matrix-animation-input-array" count="23"><param name="TIME" type="float"/></accessor></technique_common></source><source id="Spine_03-Matrix-animation-output-transform"><float_array id="Spine_03-Matrix-animation-output-transform-array" count="368">

0.971561 0.236753 -0.004112 17.903700 0.236060 -0.969785 -0.061581 0.000000 -0.018567 0.058859 -0.998094 0.000000 0.000000 0.000000 0.000000 1.000000
0.971143 0.238483 -0.002785 17.903700 0.238145 -0.970271 -0.043139 0.000000 -0.012990 0.041231 -0.999065 0.000000 0.000000 0.000000 0.000000 1.000000
0.971523 0.236880 -0.005513 17.903700 0.236665 -0.971246 -0.025916 0.000000 -0.011494 0.023873 -0.999649 0.000000 0.000000 0.000000 0.000000 1.000000
0.972234 0.233864 -0.008245 17.903700 0.233707 -0.972166 -0.016531 0.000000 -0.011881 0.014146 -0.999829 0.000000 0.000000 0.000000 0.000000 1.000000
0.973132 0.230005 -0.010564 17.903700 0.229904 -0.973162 -0.009958 -0.000000 -0.012571 0.007262 -0.999895 -0.000000 0.000000 0.000000 0.000000 1.000000
0.974577 0.223800 -0.010599 17.903700 0.223803 -0.974634 -0.000946 0.000000 -0.010542 -0.001451 -0.999943 0.000000 0.000000 0.000000 0.000000 1.000000
0.975749 0.218760 -0.007610 17.903700 0.218815 -0.975738 0.007381 0.000000 -0.005811 -0.008867 -0.999944 0.000000 0.000000 0.000000 0.000000 1.000000
0.976357 0.216072 -0.006344 17.903700 0.216139 -0.976273 0.013216 0.000000 -0.003338 -0.014275 -0.999893 -0.000000 0.000000 0.000000 0.000000 1.000000
0.976868 0.213814 -0.003553 17.903700 0.213842 -0.976682 0.019082 0.000000 0.000609 -0.019400 -0.999812 -0.000000 0.000000 0.000000 0.000000 1.000000
0.977344 0.211655 0.000297 17.903700 0.211590 -0.977074 0.023571 0.000000 0.005279 -0.022975 -0.999722 -0.000000 0.000000 0.000000 0.000000 1.000000
0.977805 0.209516 -0.000189 17.903700 0.209480 -0.977618 0.019511 0.000000 0.003903 -0.019118 -0.999810 0.000000 0.000000 0.000000 0.000000 1.000000
0.978161 0.207581 -0.010584 17.903700 0.207665 -0.978171 0.007576 0.000000 -0.008780 -0.009608 -0.999915 -0.000000 0.000000 0.000000 0.000000 1.000000
0.977328 0.210348 -0.024155 17.903700 0.210153 -0.977614 -0.010351 0.000000 -0.025791 0.005040 -0.999655 0.000000 0.000000 0.000000 0.000000 1.000000
0.976751 0.211597 -0.034424 17.903700 0.210632 -0.977116 -0.029634 0.000000 -0.039907 0.021694 -0.998968 0.000000 0.000000 0.000000 0.000000 1.000000
0.977339 0.207859 -0.040030 17.903700 0.206298 -0.977677 -0.039873 0.000000 -0.047425 0.030711 -0.998403 0.000000 0.000000 0.000000 0.000000 1.000000
0.978487 0.201730 -0.043232 17.903700 0.199155 -0.978288 -0.057354 0.000000 -0.053864 0.047511 -0.997417 -0.000000 0.000000 0.000000 0.000000 1.000000
0.979102 0.199066 -0.041624 17.903700 0.195107 -0.977183 -0.083945 0.000000 -0.057384 0.074070 -0.995601 0.000000 0.000000 0.000000 0.000000 1.000000
0.977750 0.206987 -0.034080 17.903700 0.203268 -0.974986 -0.089911 0.000000 -0.051838 0.080983 -0.995367 0.000000 0.000000 0.000000 0.000000 1.000000
0.975276 0.219187 -0.028190 17.903700 0.216033 -0.972473 -0.087330 -0.000000 -0.046556 0.079081 -0.995780 0.000000 0.000000 0.000000 0.000000 1.000000
0.973283 0.228368 -0.023824 17.903700 0.225761 -0.970727 -0.081980 0.000000 -0.041848 0.074412 -0.996349 0.000000 0.000000 0.000000 0.000000 1.000000
0.972494 0.232271 -0.017502 17.903700 0.230301 -0.970057 -0.077147 0.000000 -0.034897 0.070994 -0.996866 0.000000 0.000000 0.000000 0.000000 1.000000
0.972077 0.234434 -0.010375 17.903700 0.233116 -0.969793 -0.071827 -0.000000 -0.026900 0.067402 -0.997363 0.000000 0.000000 0.000000 0.000000 1.000000
0.971561 0.236753 -0.004112 17.903700 0.236060 -0.969785 -0.061580 -0.000000 -0.018567 0.058859 -0.998094 0.000000 0.000000 0.000000 0.000000 1.000000</float_array><technique_common><accessor source="#Spine_03-Matrix-animation-output-transform-array" count="23" stride="16"><param type="float4x4"/></accessor></technique_common></source><source id="Spine_03-Interpolations"><Name_array id="Spine_03-Interpolations-array" count="23">
 LINEAR LINEAR LINEAR LINEAR LINEAR LINEAR LINEAR LINEAR LINEAR LINEAR LINEAR
LINEAR LINEAR LINEAR LINEAR LINEAR LINEAR LINEAR LINEAR LINEAR LINEAR LINEAR LINEAR</Name_array><technique_common><accessor source="#Spine_03-Interpolations-array" count="23"><param type="name"/></accessor></technique_common></source><sampler id="Spine_03-Matrix-animation-transform"><input semantic="INPUT" source="#Spine_03-Matrix-animation-input"/><input semantic="OUTPUT" source="#Spine_03-Matrix-animation-output-transform"/><input semantic="INTERPOLATION" source="#Spine_03-Interpolations"/></sampler><channel source="#Spine_03-Matrix-animation-transform" target="Spine_03/matrix"/></animation>
    <animation id="Neck-anim" name="Neck"><source id="Neck-Matrix-animation-input"><float_array id="Neck-Matrix-animation-input-array" count="23">

0.000000 0.033333 0.066667 0.100000 0.133333 0.166667 0.200000 0.233333 0.266667 0.300000 0.333333 0.366667 0.400000 0.433333 0.466667 0.500000
0.533333 0.566667 0.600000 0.633333 0.666667 0.700000 0.733333</float_array><technique_common><accessor source="#Neck-Matrix-animation-input-array" count="23"><param name="TIME" type="float"/></accessor></technique_common></source><source id="Neck-Matrix-animation-output-transform"><float_array id="Neck-Matrix-animation-output-transform-array" count="368">

0.996563 0.082807 -0.002237 11.189000 -0.082828 0.995695 -0.041595 0.000000 -0.001217 0.041637 0.999132 0.000000 0.000000 0.000000 0.000000 1.000000
0.995679 0.092797 0.003404 11.189000 -0.092558 0.994736 -0.043963 0.000000 -0.007466 0.043458 0.999027 0.000000 0.000000 0.000000 0.000000 1.000000
0.994800 0.101341 0.010189 11.189000 -0.100763 0.993814 -0.046697 0.000000 -0.014858 0.045428 0.998857 0.000000 0.000000 0.000000 0.000000 1.000000
0.993579 0.112024 0.015860 11.189000 -0.111113 0.992557 -0.049852 0.000000 -0.021327 0.047770 0.998631 -0.000000 0.000000 0.000000 0.000000 1.000000
0.992470 0.120604 0.021390 11.189000 -0.119357 0.991474 -0.052274 0.000000 -0.027512 0.049328 0.998404 0.000000 0.000000 0.000000 0.000000 1.000000
0.992448 0.119330 0.028404 11.189000 -0.117684 0.991587 -0.053901 0.000000 -0.034597 0.050151 0.998142 0.000000 0.000000 0.000000 0.000000 1.000000
0.993040 0.112430 0.035075 11.189000 -0.110396 0.992345 -0.055361 -0.000000 -0.041030 0.051104 0.997850 0.000000 0.000000 0.000000 0.000000 1.000000
0.993724 0.104526 0.039842 11.189000 -0.102161 0.993112 -0.057378 0.000000 -0.045565 0.052947 0.997557 -0.000000 0.000000 0.000000 0.000000 1.000000
0.994198 0.099742 0.040284 11.189000 -0.097219 0.993430 -0.060370 0.000000 -0.046041 0.056103 0.997363 0.000000 0.000000 0.000000 0.000000 1.000000
0.994487 0.095671 0.042919 11.189000 -0.092867 0.993673 -0.063171 0.000000 -0.048691 0.058837 0.997079 0.000000 0.000000 0.000000 0.000000 1.000000
0.994746 0.091200 0.046504 11.189000 -0.088030 0.993917 -0.066186 0.000000 -0.052257 0.061744 0.996723 0.000000 0.000000 0.000000 0.000000 1.000000
0.994969 0.087106 0.049495 11.189000 -0.083531 0.994029 -0.070203 0.000000 -0.055314 0.065715 0.996304 -0.000000 0.000000 0.000000 0.000000 1.000000
0.995114 0.084182 0.051597 11.189000 -0.080179 0.993934 -0.075276 0.000000 -0.057620 0.070771 0.995827 0.000000 0.000000 0.000000 0.000000 1.000000
0.995006 0.085842 0.050926 11.189000 -0.081582 0.993408 -0.080526 0.000000 -0.057502 0.075969 0.995451 0.000000 0.000000 0.000000 0.000000 1.000000
0.994479 0.092951 0.048691 11.189000 -0.088590 0.992422 -0.085145 0.000000 -0.056236 0.080362 0.995178 0.000000 0.000000 0.000000 0.000000 1.000000
0.993598 0.103786 0.044634 11.189000 -0.099563 0.991113 -0.088219 0.000000 -0.053393 0.083211 0.995101 0.000000 0.000000 0.000000 0.000000 1.000000
0.992771 0.113412 0.039290 11.189000 -0.109609 0.990051 -0.088234 0.000000 -0.048906 0.083289 0.995325 0.000000 0.000000 0.000000 0.000000 1.000000
0.992696 0.116076 0.032876 11.189000 -0.112978 0.990028 -0.084146 -0.000000 -0.042316 0.079817 0.995911 0.000000 0.000000 0.000000 0.000000 1.000000
0.992821 0.116741 0.026044 11.189000 -0.114455 0.990470 -0.076618 -0.000000 -0.034740 0.073087 0.996720 0.000000 0.000000 0.000000 0.000000 1.000000
0.992849 0.117649 0.020259 11.189000 -0.116048 0.990951 -0.067446 -0.000000 -0.028010 0.064613 0.997517 -0.000000 0.000000 0.000000 0.000000 1.000000
0.993640 0.111796 0.013471 11.189000 -0.110837 0.992133 -0.058197 0.000000 -0.019871 0.056334 0.998214 0.000000 0.000000 0.000000 0.000000 1.000000
0.995298 0.096709 0.005420 11.189000 -0.096328 0.994133 -0.049204 -0.000000 -0.010147 0.048451 0.998774 0.000000 0.000000 0.000000 0.000000 1.000000
0.996563 0.082807 -0.002238 11.189000 -0.082828 0.995695 -0.041595 0.000000 -0.001216 0.041637 0.999132 -0.000000 0.000000 0.000000 0.000000 1.000000</float_array><technique_common><accessor source="#Neck-Matrix-animation-output-transform-array" count="23" stride="16"><param type="float4x4"/></accessor></technique_common></source><source id="Neck-Interpolations"><Name_array id="Neck-Interpolations-array" count="23">
 LINEAR LINEAR LINEAR LINEAR LINEAR LINEAR LINEAR LINEAR LINEAR LINEAR LINEAR
LINEAR LINEAR LINEAR LINEAR LINEAR LINEAR LINEAR LINEAR LINEAR LINEAR LINEAR LINEAR</Name_array><technique_common><accessor source="#Neck-Interpolations-array" count="23"><param type="name"/></accessor></technique_common></source><sampler id="Neck-Matrix-animation-transform"><input semantic="INPUT" source="#Neck-Matrix-animation-input"/><input semantic="OUTPUT" source="#Neck-Matrix-animation-output-transform"/><input semantic="INTERPOLATION" source="#Neck-Interpolations"/></sampler><channel source="#Neck-Matrix-animation-transform" target="Neck/matrix"/></animation>
    <animation id="Head-anim" name="Head"><source id="Head-Matrix-animation-input"><float_array id="Head-Matrix-animation-input-array" count="23">

0.000000 0.033333 0.066667 0.100000 0.133333 0.166667 0.200000 0.233333 0.266667 0.300000 0.333333 0.366667 0.400000 0.433333 0.466667 0.500000
0.533333 0.566667 0.600000 0.633333 0.666667 0.700000 0.733333</float_array><technique_common><accessor source="#Head-Matrix-animation-input-array" count="23"><param name="TIME" type="float"/></accessor></technique_common></source><source id="Head-Matrix-animation-output-transform"><float_array id="Head-Matrix-animation-output-transform-array" count="368">

0.008624 0.987142 0.159612 12.164400 0.041140 0.159132 -0.986400 0.000000 -0.999116 0.015073 -0.039239 0.000000 0.000000 0.000000 0.000000 1.000000
0.002850 0.988722 0.149735 12.164400 0.043810 0.149468 -0.987795 0.000000 -0.999036 0.009375 -0.042890 0.000000 0.000000 0.000000 0.000000 1.000000
-0.004096 0.989964 0.141261 12.164400 0.046549 0.141298 -0.988872 0.000000 -0.998908 0.002525 -0.046661 -0.000000 0.000000 0.000000 0.000000 1.000000
-0.009972 0.991381 0.130633 12.164400 0.049567 0.130969 -0.990147 -0.000000 -0.998721 -0.003399 -0.050446 0.000000 0.000000 0.000000 0.000000 1.000000
-0.015659 0.992397 0.122075 12.164400 0.051680 0.122730 -0.991094 0.000000 -0.998541 -0.009211 -0.053208 0.000000 0.000000 0.000000 0.000000 1.000000
-0.022795 0.992100 0.123358 12.164400 0.052757 0.124411 -0.990827 -0.000000 -0.998347 -0.016078 -0.055176 0.000000 0.000000 0.000000 0.000000 1.000000
-0.029574 0.991041 0.130246 12.164400 0.053634 0.131688 -0.989839 0.000000 -0.998123 -0.022288 -0.057048 0.000000 0.000000 0.000000 0.000000 1.000000
-0.034560 0.989809 0.138141 12.164400 0.055104 0.139901 -0.988631 0.000000 -0.997882 -0.026555 -0.059378 0.000000 0.000000 0.000000 0.000000 1.000000
-0.034945 0.989126 0.142860 12.164400 0.057969 0.144713 -0.987774 0.000000 -0.997707 -0.026236 -0.062395 -0.000000 0.000000 0.000000 0.000000 1.000000
-0.035618 0.988578 0.146443 12.164400 0.061263 0.148420 -0.987025 0.000000 -0.997486 -0.026184 -0.065849 0.000000 0.000000 0.000000 0.000000 1.000000
-0.035864 0.988013 0.150145 12.164400 0.065103 0.152233 -0.986198 0.000000 -0.997234 -0.025594 -0.069782 -0.000000 0.000000 0.000000 0.000000 1.000000
-0.035980 0.987470 0.153651 12.164400 0.069321 0.155846 -0.985346 0.000000 -0.996945 -0.024802 -0.074059 -0.000000 0.000000 0.000000 0.000000 1.000000
-0.037192 0.986960 0.156610 12.164400 0.072848 0.158979 -0.984591 0.000000 -0.996649 -0.025210 -0.077811 -0.000000 0.000000 0.000000 0.000000 1.000000
-0.037666 0.987064 0.155842 12.164400 0.074198 0.158284 -0.984602 -0.000000 -0.996532 -0.025523 -0.079200 0.000000 0.000000 0.000000 0.000000 1.000000
-0.037690 0.987949 0.150120 12.164400 0.073512 0.152561 -0.985556 0.000000 -0.996582 -0.026110 -0.078376 0.000000 0.000000 0.000000 0.000000 1.000000
-0.036294 0.989391 0.140671 12.164400 0.071603 0.142977 -0.987133 0.000000 -0.996773 -0.025755 -0.076033 0.000000 0.000000 0.000000 0.000000 1.000000
-0.033067 0.990706 0.131938 12.164400 0.068631 0.133949 -0.988609 0.000000 -0.997094 -0.023635 -0.072423 0.000000 0.000000 0.000000 0.000000 1.000000
-0.027534 0.991207 0.129422 12.164400 0.064649 0.130966 -0.989277 0.000000 -0.997528 -0.018872 -0.067687 0.000000 0.000000 0.000000 0.000000 1.000000
-0.020812 0.991502 0.128414 12.164400 0.059498 0.129443 -0.989800 0.000000 -0.998011 -0.012960 -0.061686 -0.000000 0.000000 0.000000 0.000000 1.000000
-0.014787 0.991803 0.126916 12.164400 0.053950 0.127536 -0.990366 -0.000000 -0.998434 -0.007797 -0.055394 0.000000 0.000000 0.000000 0.000000 1.000000
-0.007571 0.991216 0.132033 12.164400 0.049135 0.132246 -0.989998 0.000000 -0.998763 -0.001008 -0.049704 0.000000 0.000000 0.000000 0.000000 1.000000
0.000877 0.989231 0.146359 12.164400 0.044752 0.146173 -0.988246 0.000000 -0.998998 0.007416 -0.044142 0.000000 0.000000 0.000000 0.000000 1.000000
0.008624 0.987142 0.159614 12.164400 0.041140 0.159134 -0.986399 0.000000 -0.999116 0.015073 -0.039239 0.000000 0.000000 0.000000 0.000000 1.000000</float_array><technique_common><accessor source="#Head-Matrix-animation-output-transform-array" count="23" stride="16"><param type="float4x4"/></accessor></technique_common></source><source id="Head-Interpolations"><Name_array id="Head-Interpolations-array" count="23">
 LINEAR LINEAR LINEAR LINEAR LINEAR LINEAR LINEAR LINEAR LINEAR LINEAR LINEAR
LINEAR LINEAR LINEAR LINEAR LINEAR LINEAR LINEAR LINEAR LINEAR LINEAR LINEAR LINEAR</Name_array><technique_common><accessor source="#Head-Interpolations-array" count="23"><param type="name"/></accessor></technique_common></source><sampler id="Head-Matrix-animation-transform"><input semantic="INPUT" source="#Head-Matrix-animation-input"/><input semantic="OUTPUT" source="#Head-Matrix-animation-output-transform"/><input semantic="INTERPOLATION" source="#Head-Interpolations"/></sampler><channel source="#Head-Matrix-animation-transform" target="Head/matrix"/></animation>
    <animation id="Clavicle_L-anim" name="Clavicle_L"><source id="Clavicle_L-Matrix-animation-input"><float_array id="Clavicle_L-Matrix-animation-input-array" count="23">

0.000000 0.033333 0.066667 0.100000 0.133333 0.166667 0.200000 0.233333 0.266667 0.300000 0.333333 0.366667 0.400000 0.433333 0.466667 0.500000
0.533333 0.566667 0.600000 0.633333 0.666667 0.700000 0.733333</float_array><technique_common><accessor source="#Clavicle_L-Matrix-animation-input-array" count="23"><param name="TIME" type="float"/></accessor></technique_common></source><source id="Clavicle_L-Matrix-animation-output-transform"><float_array id="Clavicle_L-Matrix-animation-output-transform-array" count="368">

-0.186599 0.981909 -0.032187 5.801200 0.366972 0.039273 -0.929403 -4.191400 -0.911324 -0.185237 -0.367661 -7.447200 0.000000 0.000000 0.000000 1.000000
-0.192495 0.980632 -0.036151 5.801200 0.384106 0.041396 -0.922361 -4.191400 -0.903000 -0.191435 -0.384635 -7.447200 0.000000 0.000000 0.000000 1.000000
-0.207864 0.977081 -0.045875 5.801200 0.408789 0.044167 -0.911560 -4.191400 -0.888642 -0.208233 -0.408601 -7.447200 0.000000 0.000000 0.000000 1.000000
-0.219045 0.974249 -0.053469 5.801200 0.428156 0.046734 -0.902496 -4.191400 -0.876757 -0.220580 -0.427367 -7.447200 0.000000 0.000000 0.000000 1.000000
-0.208445 0.976808 -0.048965 5.801200 0.448505 0.050979 -0.892325 -4.191400 -0.869134 -0.207962 -0.448729 -7.447200 0.000000 0.000000 0.000000 1.000000
-0.187821 0.981469 -0.037972 5.801200 0.463955 0.054578 -0.884176 -4.191400 -0.865719 -0.183684 -0.465608 -7.447200 0.000000 0.000000 0.000000 1.000000
-0.170678 0.984920 -0.028321 5.801200 0.472180 0.056530 -0.879688 -4.191400 -0.864821 -0.163516 -0.474708 -7.447200 0.000000 0.000000 0.000000 1.000000
-0.158955 0.987049 -0.021606 5.801200 0.479844 0.058111 -0.875427 -4.191400 -0.862834 -0.149521 -0.482867 -7.447200 0.000000 0.000000 0.000000 1.000000
-0.151823 0.988240 -0.018234 5.801200 0.489485 0.059147 -0.870003 -4.191400 -0.858693 -0.141011 -0.492709 -7.447200 0.000000 0.000000 0.000000 1.000000
-0.139502 0.990112 -0.014767 5.801200 0.491507 0.056290 -0.869053 -4.191400 -0.859628 -0.128492 -0.494499 -7.447200 0.000000 0.000000 0.000000 1.000000
-0.119511 0.992794 -0.008833 5.801200 0.494033 0.051749 -0.867902 -4.191400 -0.861190 -0.108087 -0.496657 -7.447200 0.000000 0.000000 0.000000 1.000000
-0.112659 0.993589 -0.009442 5.801200 0.491986 0.047523 -0.869305 -4.191400 -0.863283 -0.102581 -0.494186 -7.447200 0.000000 0.000000 0.000000 1.000000
-0.125823 0.991893 -0.017781 5.801200 0.484565 0.045809 -0.873555 -4.191400 -0.865659 -0.118530 -0.486400 -7.447200 0.000000 0.000000 0.000000 1.000000
-0.155777 0.987310 -0.030852 5.801200 0.468603 0.046368 -0.882191 -4.191400 -0.869566 -0.151882 -0.469880 -7.447200 0.000000 0.000000 0.000000 1.000000
-0.189469 0.980938 -0.043146 5.801200 0.453357 0.048419 -0.890013 -4.191400 -0.870958 -0.188190 -0.453890 -7.447200 0.000000 0.000000 0.000000 1.000000
-0.211062 0.976286 -0.048144 5.801200 0.440783 0.051099 -0.896158 -4.191400 -0.872447 -0.210366 -0.441116 -7.447200 0.000000 0.000000 0.000000 1.000000
-0.219314 0.974506 -0.047323 5.801200 0.428675 0.052675 -0.901922 -4.191400 -0.876436 -0.218090 -0.429299 -7.447200 0.000000 0.000000 0.000000 1.000000
-0.215569 0.975530 -0.043252 5.801200 0.423626 0.053519 -0.904255 -4.191400 -0.879813 -0.213252 -0.424797 -7.447200 0.000000 0.000000 0.000000 1.000000
-0.203565 0.978371 -0.036765 5.801200 0.420219 0.053393 -0.905850 -4.191400 -0.884295 -0.199849 -0.421999 -7.447200 0.000000 0.000000 0.000000 1.000000
-0.187672 0.981793 -0.029343 5.801200 0.415127 0.052207 -0.908264 -4.191400 -0.890196 -0.182637 -0.417367 -7.447200 0.000000 0.000000 0.000000 1.000000
-0.176215 0.984036 -0.024937 5.801200 0.401637 0.048749 -0.914500 -4.191400 -0.898685 -0.171165 -0.403816 -7.447200 0.000000 0.000000 0.000000 1.000000
-0.175320 0.984169 -0.025952 5.801200 0.383760 0.044041 -0.922382 -4.191400 -0.906637 -0.171672 -0.385406 -7.447200 0.000000 0.000000 0.000000 1.000000
