<?xml version="1.0" encoding="utf-8"?>
<COLLADA xmlns="http://www.collada.org/2005/11/COLLADASchema" version="1.4.1">
  <asset><contributor><author>Mixamo</author><authoring_tool>COLLADA Mixamo exporter</authoring_tool><comments></comments></contributor><created>2020-08-28T19:20:16Z</created><modified>2020-08-28T19:20:16Z</modified><revision></revision><title></title><unit meter="1.000000"/><up_axis>Y_UP</up_axis></asset>
  <library_animations>
    <animation id="Root-anim" name="Root"><source id="Root-Matrix-animation-input"><float_array id="Root-Matrix-animation-input-array" count="25">

0.000000 0.033333 0.066667 0.100000 0.133333 0.166667 0.200000 0.233333 0.266667 0.300000 0.333333 0.366667 0.400000 0.433333 0.466667 0.500000
0.533333 0.566667 0.600000 0.633333 0.666667 0.700000 0.733333 0.766667 0.800000</float_array><technique_common><accessor source="#Root-Matrix-animation-input-array" count="25"><param name="TIME" type="float"/></accessor></technique_common></source><source id="Root-Matrix-animation-output-transform"><float_array id="Root-Matrix-animation-output-transform-array" count="400">

0.009648 0.001508 0.002155 -0.132274 -0.001099 0.009755 -0.001905 -0.039125 -0.002390 0.001601 0.009577 -0.135220 0.000000 0.000000 0.000000 1.000000
0.009715 0.001277 0.001999 -0.118810 -0.000848 0.009740 -0.002101 -0.024316 -0.002215 0.001872 0.009570 -0.167378 0.000000 0.000000 0.000000 1.000000
0.009795 0.000987 0.001757 -0.099060 -0.000581 0.009731 -0.002228 -0.003305 -0.001930 0.002080 0.009589 -0.190175 0.000000 0.000000 0.000000 1.000000
0.009868 0.000747 0.001435 -0.078934 -0.000394 0.009713 -0.002346 0.018665 -0.001569 0.002259 0.009614 -0.205591 0.000000 0.000000 0.000000 1.000000
0.009896 0.000745 0.001233 -0.079428 -0.000414 0.009669 -0.002517 0.037637 -0.001380 0.002439 0.009599 -0.217286 0.000000 0.000000 0.000000 1.000000
0.009905 0.000762 0.001143 -0.082903 -0.000459 0.009678 -0.002476 0.043665 -0.001295 0.002400 0.009621 -0.209177 0.000000 0.000000 0.000000 1.000000
0.009913 0.000770 0.001063 -0.084296 -0.000514 0.009729 -0.002254 0.037564 -0.001208 0.002180 0.009684 -0.185409 0.000000 0.000000 0.000000 1.000000
0.009919 0.000775 0.001009 -0.085361 -0.000557 0.009776 -0.002032 0.027443 -0.001144 0.001959 0.009739 -0.164409 0.000000 0.000000 0.000000 1.000000
0.009932 0.000697 0.000928 -0.081022 -0.000516 0.009814 -0.001851 0.015961 -0.001039 0.001791 0.009783 -0.152592 0.000000 0.000000 0.000000 1.000000
0.009940 0.000652 0.000876 -0.076823 -0.000511 0.009867 -0.001545 -0.003705 -0.000965 0.001491 0.009841 -0.127709 0.000000 0.000000 0.000000 1.000000
0.009941 0.000524 0.000951 -0.069703 -0.000403 0.009914 -0.001245 -0.021672 -0.001009 0.001200 0.009876 -0.109142 0.000000 0.000000 0.000000 1.000000
0.009913 0.000549 0.001197 -0.079347 -0.000415 0.009929 -0.001117 -0.027841 -0.001249 0.001058 0.009865 -0.104165 0.000000 0.000000 0.000000 1.000000
0.009840 0.000754 0.001613 -0.101280 -0.000576 0.009920 -0.001127 -0.020443 -0.001685 0.001016 0.009804 -0.104027 0.000000 0.000000 0.000000 1.000000
0.009721 0.000940 0.002148 -0.116961 -0.000719 0.009915 -0.001084 -0.004810 -0.002232 0.000899 0.009706 -0.093876 0.000000 0.000000 0.000000 1.000000
0.009610 0.001178 0.002502 -0.132891 -0.000934 0.009898 -0.001075 0.015105 -0.002603 0.000800 0.009622 -0.079318 0.000000 0.000000 0.000000 1.000000
0.009524 0.001367 0.002723 -0.140957 -0.001067 0.009868 -0.001222 0.031524 -0.002854 0.000873 0.009544 -0.075492 0.000000 0.000000 0.000000 1.000000
0.009531 0.001208 0.002774 -0.116649 -0.000864 0.009874 -0.001329 0.033976 -0.002900 0.001027 0.009515 -0.077481 0.000000 0.000000 0.000000 1.000000
0.009598 0.000817 0.002687 -0.070070 -0.000488 0.009907 -0.001269 0.026702 -0.002765 0.001087 0.009548 -0.073174 0.000000 0.000000 0.000000 1.000000
0.009657 0.000578 0.002530 -0.038638 -0.000300 0.009932 -0.001125 0.017598 -0.002578 0.001011 0.009609 -0.058755 0.000000 0.000000 0.000000 1.000000
0.009695 0.000533 0.002390 -0.029394 -0.000306 0.009948 -0.000975 0.007311 -0.002430 0.000872 0.009661 -0.043384 0.000000 0.000000 0.000000 1.000000
0.009702 0.000494 0.002372 -0.024877 -0.000285 0.009955 -0.000907 -0.004603 -0.002406 0.000813 0.009672 -0.038406 0.000000 0.000000 0.000000 1.000000
0.009682 0.000520 0.002445 -0.029095 -0.000280 0.009945 -0.001006 -0.026675 -0.002484 0.000906 0.009644 -0.050820 0.000000 0.000000 0.000000 1.000000
0.009629 0.001031 0.002494 -0.079625 -0.000774 0.009908 -0.001109 -0.042412 -0.002586 0.000875 0.009620 -0.058027 0.000000 0.000000 0.000000 1.000000
0.009598 0.001442 0.002407 -0.120102 -0.001112 0.009831 -0.001457 -0.049068 -0.002576 0.001131 0.009596 -0.090005 0.000000 0.000000 0.000000 1.000000
0.009648 0.001508 0.002155 -0.132274 -0.001099 0.009755 -0.001905 -0.039125 -0.002390 0.001601 0.009577 -0.135220 0.000000 0.000000 0.000000 1.000000</float_array><technique_common><accessor source="#Root-Matrix-animation-output-transform-array" count="25" stride="16"><param type="float4x4"/></accessor></technique_common></source><source id="Root-Interpolations"><Name_array id="Root-Interpolations-array" count="25">
 LINEAR LINEAR LINEAR LINEAR LINEAR LINEAR LINEAR LINEAR LINEAR LINEAR LINEAR
LINEAR LINEAR LINEAR LINEAR LINEAR LINEAR LINEAR LINEAR LINEAR LINEAR LINEAR LINEAR
LINEAR LINEAR</Name_array><technique_common><accessor source="#Root-Interpolations-array" count="25"><param type="name"/></accessor></technique_common></source><sampler id="Root-Matrix-animation-transform"><input semantic="INPUT" source="#Root-Matrix-animation-input"/><input semantic="OUTPUT" source="#Root-Matrix-animation-output-transform"/><input semantic="INTERPOLATION" source="#Root-Interpolations"/></sampler><channel source="#Root-Matrix-animation-transform" target="Root/matrix"/></animation>
    <animation id="Hips-anim" name="Hips"><source id="Hips-Matrix-animation-input"><float_array id="Hips-Matrix-animation-input-array" count="25">

0.000000 0.033333 0.066667 0.100000 0.133333 0.166667 0.200000 0.233333 0.266667 0.300000 0.333333 0.366667 0.400000 0.433333 0.466667 0.500000
0.533333 0.566667 0.600000 0.633333 0.666667 0.700000 0.733333 0.766667 0.800000</float_array><technique_common><accessor source="#Hips-Matrix-animation-input-array" count="25"><param name="TIME" type="float"/></accessor></technique_common></source><source id="Hips-Matrix-animation-output-transform"><float_array id="Hips-Matrix-animation-output-transform-array" count="400">

-0.000001 0.000000 1.000000 0.000000 0.988775 0.149411 0.000001 87.627602 -0.149411 0.988775 -0.000000 0.000000 0.000000 0.000000 0.000000 1.000000
-0.000001 0.000000 1.000000 0.000000 0.988775 0.149411 0.000001 87.627602 -0.149411 0.988775 -0.000000 0.000000 0.000000 0.000000 0.000000 1.000000
-0.000001 0.000000 1.000000 0.000000 0.988775 0.149411 0.000001 87.627602 -0.149411 0.988775 -0.000000 0.000000 0.000000 0.000000 0.000000 1.000000
-0.000001 0.000000 1.000000 0.000000 0.988775 0.149411 0.000001 87.627602 -0.149411 0.988775 -0.000000 -0.000000 0.000000 0.000000 0.000000 1.000000
-0.000001 0.000000 1.000000 -0.000000 0.988775 0.149411 0.000001 87.627602 -0.149411 0.988775 -0.000000 0.000000 0.000000 0.000000 0.000000 1.000000
-0.000001 0.000000 1.000000 0.000000 0.988775 0.149411 0.000001 87.627602 -0.149411 0.988775 -0.000000 0.000000 0.000000 0.000000 0.000000 1.000000
-0.000001 0.000000 1.000000 0.000000 0.988775 0.149411 0.000001 87.627602 -0.149411 0.988775 -0.000000 0.000000 0.000000 0.000000 0.000000 1.000000
-0.000001 0.000000 1.000000 0.000000 0.988775 0.149411 0.000001 87.627602 -0.149411 0.988775 -0.000000 0.000000 0.000000 0.000000 0.000000 1.000000
-0.000001 0.000000 1.000000 0.000000 0.988775 0.149411 0.000001 87.627602 -0.149411 0.988775 -0.000000 0.000000 0.000000 0.000000 0.000000 1.000000
-0.000001 0.000000 1.000000 0.000000 0.988775 0.149411 0.000001 87.627602 -0.149411 0.988775 -0.000000 0.000000 0.000000 0.000000 0.000000 1.000000
-0.000001 0.000000 1.000000 0.000000 0.988775 0.149411 0.000001 87.627602 -0.149411 0.988775 -0.000000 0.000000 0.000000 0.000000 0.000000 1.000000
-0.000001 0.000000 1.000000 0.000000 0.988775 0.149411 0.000001 87.627602 -0.149411 0.988775 -0.000000 -0.000000 0.000000 0.000000 0.000000 1.000000
-0.000001 0.000000 1.000000 -0.000000 0.988775 0.149411 0.000001 87.627602 -0.149411 0.988775 -0.000000 0.000000 0.000000 0.000000 0.000000 1.000000
-0.000001 0.000000 1.000000 -0.000000 0.988775 0.149411 0.000001 87.627602 -0.149411 0.988775 -0.000000 -0.000000 0.000000 0.000000 0.000000 1.000000
-0.000001 0.000000 1.000000 -0.000000 0.988775 0.149411 0.000001 87.627602 -0.149411 0.988775 -0.000000 -0.000000 0.000000 0.000000 0.000000 1.000000
-0.000001 0.000000 1.000000 0.000000 0.988775 0.149411 0.000001 87.627602 -0.149411 0.988775 -0.000000 0.000000 0.000000 0.000000 0.000000 1.000000
-0.000001 0.000000 1.000000 0.000000 0.988775 0.149411 0.000001 87.627602 -0.149411 0.988775 -0.000000 -0.000000 0.000000 0.000000 0.000000 1.000000
-0.000001 0.000000 1.000000 0.000000 0.988775 0.149411 0.000001 87.627602 -0.149411 0.988775 -0.000000 -0.000000 0.000000 0.000000 0.000000 1.000000
-0.000001 0.000000 1.000000 -0.000000 0.988775 0.149411 0.000001 87.627602 -0.149411 0.988775 -0.000000 0.000000 0.000000 0.000000 0.000000 1.000000
-0.000001 0.000000 1.000000 0.000000 0.988775 0.149411 0.000001 87.627602 -0.149411 0.988775 -0.000000 0.000000 0.000000 0.000000 0.000000 1.000000
-0.000001 0.000000 1.000000 0.000000 0.988775 0.149411 0.000001 87.627602 -0.149411 0.988775 -0.000000 -0.000000 0.000000 0.000000 0.000000 1.000000
-0.000001 0.000000 1.000000 0.000000 0.988775 0.149411 0.000001 87.627602 -0.149411 0.988775 -0.000000 0.000000 0.000000 0.000000 0.000000 1.000000
-0.000001 0.000000 1.000000 -0.000000 0.988775 0.149411 0.000001 87.627602 -0.149411 0.988775 -0.000000 0.000000 0.000000 0.000000 0.000000 1.000000
-0.000001 0.000000 1.000000 0.000000 0.988775 0.149411 0.000001 87.627602 -0.149411 0.988775 -0.000000 0.000000 0.000000 0.000000 0.000000 1.000000
-0.000001 0.000000 1.000000 0.000000 0.988775 0.149411 0.000001 87.627602 -0.149411 0.988775 -0.000000 -0.000000 0.000000 0.000000 0.000000 1.000000</float_array><technique_common><accessor source="#Hips-Matrix-animation-output-transform-array" count="25" stride="16"><param type="float4x4"/></accessor></technique_common></source><source id="Hips-Interpolations"><Name_array id="Hips-Interpolations-array" count="25">
 LINEAR LINEAR LINEAR LINEAR LINEAR LINEAR LINEAR LINEAR LINEAR LINEAR LINEAR
LINEAR LINEAR LINEAR LINEAR LINEAR LINEAR LINEAR LINEAR LINEAR LINEAR LINEAR LINEAR
LINEAR LINEAR</Name_array><technique_common><accessor source="#Hips-Interpolations-array" count="25"><param type="name"/></accessor></technique_common></source><sampler id="Hips-Matrix-animation-transform"><input semantic="INPUT" source="#Hips-Matrix-animation-input"/><input semantic="OUTPUT" source="#Hips-Matrix-animation-output-transform"/><input semantic="INTERPOLATION" source="#Hips-Interpolations"/></sampler><channel source="#Hips-Matrix-animation-transform" target="Hips/matrix"/></animation>
    <animation id="Spine_01-anim" name="Spine_01"><source id="Spine_01-Matrix-animation-input"><float_array id="Spine_01-Matrix-animation-input-array" count="25">

0.000000 0.033333 0.066667 0.100000 0.133333 0.166667 0.200000 0.233333 0.266667 0.300000 0.333333 0.366667 0.400000 0.433333 0.466667 0.500000
0.533333 0.566667 0.600000 0.633333 0.666667 0.700000 0.733333 0.766667 0.800000</float_array><technique_common><accessor source="#Spine_01-Matrix-animation-input-array" count="25"><param name="TIME" type="float"/></accessor></technique_common></source><source id="Spine_01-Matrix-animation-output-transform"><float_array id="Spine_01-Matrix-animation-output-transform-array" count="400">

0.941577 0.330903 -0.062733 10.393300 0.326808 -0.942690 -0.067324 -0.000000 -0.081416 0.042889 -0.995757 0.000000 0.000000 0.000000 0.000000 1.000000
0.947159 0.318668 -0.036610 10.393300 0.317314 -0.947543 -0.038393 -0.000000 -0.046924 0.024747 -0.998592 0.000000 0.000000 0.000000 0.000000 1.000000
0.951467 0.307727 -0.003808 10.393300 0.307735 -0.951471 0.001516 0.000000 -0.003157 -0.002615 -0.999992 -0.000000 0.000000 0.000000 0.000000 1.000000
0.952989 0.302286 0.020858 10.393300 0.301017 -0.952363 0.048913 0.000000 0.034650 -0.040335 -0.998585 -0.000000 0.000000 0.000000 0.000000 1.000000
0.957042 0.288471 0.029250 10.393300 0.285401 -0.955021 0.080505 0.000000 0.051158 -0.068699 -0.996325 0.000000 0.000000 0.000000 0.000000 1.000000
0.960079 0.277998 0.031062 10.393300 0.274260 -0.957339 0.091011 0.000000 0.055038 -0.078859 -0.995365 0.000000 0.000000 0.000000 0.000000 1.000000
0.960586 0.276530 0.028369 10.393300 0.272813 -0.957392 0.094727 0.000000 0.053355 -0.083254 -0.995099 -0.000000 0.000000 0.000000 0.000000 1.000000
0.959392 0.280922 0.025471 10.393300 0.277550 -0.956255 0.092429 -0.000000 0.050322 -0.081606 -0.995393 -0.000000 0.000000 0.000000 0.000000 1.000000
0.955530 0.293177 0.031768 10.393300 0.289440 -0.953024 0.089269 0.000000 0.056447 -0.076105 -0.995501 0.000000 0.000000 0.000000 0.000000 1.000000
0.947966 0.316533 0.034168 10.393300 0.313574 -0.946849 0.071748 -0.000000 0.055063 -0.057300 -0.996837 0.000000 0.000000 0.000000 0.000000 1.000000
0.935835 0.348434 0.052981 10.393300 0.346898 -0.937206 0.036157 -0.000000 0.062253 -0.015458 -0.997941 0.000000 0.000000 0.000000 0.000000 1.000000
0.929042 0.364340 0.064323 10.393300 0.365776 -0.930629 -0.011757 0.000000 0.055577 0.034451 -0.997860 0.000000 0.000000 0.000000 0.000000 1.000000
0.929995 0.363643 0.053598 10.393300 0.366368 -0.928835 -0.055141 0.000000 0.029732 0.070917 -0.997039 -0.000000 0.000000 0.000000 0.000000 1.000000
0.931036 0.363328 0.034124 10.393300 0.364861 -0.925004 -0.106034 0.000000 -0.006960 0.111172 -0.993777 0.000000 0.000000 0.000000 0.000000 1.000000
0.933055 0.359662 0.007118 10.393300 0.356536 -0.921952 -0.151285 0.000000 -0.047849 0.143695 -0.988465 -0.000000 0.000000 0.000000 0.000000 1.000000
0.937843 0.346761 -0.014408 10.393300 0.338407 -0.922884 -0.183754 0.000000 -0.077016 0.167457 -0.982867 0.000000 0.000000 0.000000 0.000000 1.000000
0.947154 0.320492 -0.013580 10.393300 0.311984 -0.930206 -0.193348 0.000000 -0.074599 0.178894 -0.981036 -0.000000 0.000000 0.000000 0.000000 1.000000
0.953649 0.300921 0.000116 10.393300 0.295822 -0.937419 -0.183672 -0.000000 -0.055163 0.175193 -0.982987 -0.000000 0.000000 0.000000 0.000000 1.000000
0.954255 0.298884 0.008149 10.393300 0.295702 -0.939360 -0.173675 0.000000 -0.044254 0.168140 -0.984769 0.000000 0.000000 0.000000 0.000000 1.000000
0.950920 0.309409 0.004220 10.393300 0.305765 -0.937451 -0.166415 0.000000 -0.047534 0.159538 -0.986047 0.000000 0.000000 0.000000 0.000000 1.000000
0.945513 0.325352 0.012278 10.393300 0.323304 -0.933769 -0.153460 0.000000 -0.038464 0.149068 -0.988079 0.000000 0.000000 0.000000 0.000000 1.000000
0.942647 0.333429 0.015557 10.393300 0.332455 -0.933685 -0.133067 0.000000 -0.029843 0.130607 -0.990985 -0.000000 0.000000 0.000000 0.000000 1.000000
0.934748 0.354872 -0.017686 10.393300 0.350398 -0.928927 -0.119648 0.000000 -0.058888 0.105644 -0.992659 0.000000 0.000000 0.000000 0.000000 1.000000
0.933046 0.356125 -0.050989 10.393300 0.349753 -0.931135 -0.103251 0.000000 -0.084248 0.078505 -0.993348 0.000000 0.000000 0.000000 0.000000 1.000000
0.941577 0.330903 -0.062734 10.393300 0.326808 -0.942690 -0.067324 0.000000 -0.081416 0.042889 -0.995757 0.000000 0.000000 0.000000 0.000000 1.000000</float_array><technique_common><accessor source="#Spine_01-Matrix-animation-output-transform-array" count="25" stride="16"><param type="float4x4"/></accessor></technique_common></source><source id="Spine_01-Interpolations"><Name_array id="Spine_01-Interpolations-array" count="25">
 LINEAR LINEAR LINEAR LINEAR LINEAR LINEAR LINEAR LINEAR LINEAR LINEAR LINEAR
LINEAR LINEAR LINEAR LINEAR LINEAR LINEAR LINEAR LINEAR LINEAR LINEAR LINEAR LINEAR
LINEAR LINEAR</Name_array><technique_common><accessor source="#Spine_01-Interpolations-array" count="25"><param type="name"/></accessor></technique_common></source><sampler id="Spine_01-Matrix-animation-transform"><input semantic="INPUT" source="#Spine_01-Matrix-animation-input"/><input semantic="OUTPUT" source="#Spine_01-Matrix-animation-output-transform"/><input semantic="INTERPOLATION" source="#Spine_01-Interpolations"/></sampler><channel source="#Spine_01-Matrix-animation-transform" target="Spine_01/matrix"/></animation>
    <animation id="Spine_02-anim" name="Spine_02"><source id="Spine_02-Matrix-animation-input"><float_array id="Spine_02-Matrix-animation-input-array" count="25">

0.000000 0.033333 0.066667 0.100000 0.133333 0.166667 0.200000 0.233333 0.266667 0.300000 0.333333 0.366667 0.400000 0.433333 0.466667 0.500000
0.533333 0.566667 0.600000 0.633333 0.666667 0.700000 0.733333 0.766667 0.800000</float_array><technique_common><accessor source="#Spine_02-Matrix-animation-input-array" count="25"><param name="TIME" type="float"/></accessor></technique_common></source><source id="Spine_02-Matrix-animation-output-transform"><float_array id="Spine_02-Matrix-animation-output-transform-array" count="400">

0.985415 0.168203 0.025779 18.151199 0.168864 -0.985295 -0.026051 0.000000 0.021018 0.030024 -0.999328 0.000000 0.000000 0.000000 0.000000 1.000000
0.983907 0.177851 0.017196 18.151199 0.178106 -0.983903 -0.014609 0.000000 0.014321 0.017436 -0.999745 0.000000 0.000000 0.000000 0.000000 1.000000
0.982027 0.188638 0.006190 18.151199 0.188633 -0.982047 0.001340 -0.000000 0.006332 -0.000148 -0.999980 0.000000 0.000000 0.000000 0.000000 1.000000
0.980714 0.195411 -0.003799 18.151199 0.195448 -0.980484 0.021260 0.000000 0.000429 -0.021592 -0.999767 0.000000 0.000000 0.000000 0.000000 1.000000
0.980202 0.197835 -0.008087 18.151199 0.197998 -0.979575 0.035079 0.000000 -0.000982 -0.035985 -0.999352 0.000000 0.000000 0.000000 0.000000 1.000000
0.981401 0.191572 -0.012328 18.151199 0.191914 -0.980628 0.039213 0.000000 -0.004577 -0.040849 -0.999155 0.000000 0.000000 0.000000 0.000000 1.000000
0.982793 0.184096 -0.015081 18.151199 0.184564 -0.981995 0.040282 0.000000 -0.007394 -0.042372 -0.999075 0.000000 0.000000 0.000000 0.000000 1.000000
0.983522 0.180026 -0.016571 18.151199 0.180550 -0.982791 0.039032 0.000000 -0.009259 -0.041381 -0.999101 0.000000 0.000000 0.000000 0.000000 1.000000
0.983229 0.181622 -0.016555 18.151199 0.182130 -0.982554 0.037630 -0.000000 -0.009432 -0.040014 -0.999155 0.000000 0.000000 0.000000 0.000000 1.000000
0.983743 0.178755 -0.017208 18.151199 0.179204 -0.983366 0.029610 0.000000 -0.011629 -0.032213 -0.999413 -0.000000 0.000000 0.000000 0.000000 1.000000
0.984990 0.171311 -0.021134 18.151199 0.171596 -0.985088 0.012532 0.000000 -0.018672 -0.015970 -0.999698 0.000000 0.000000 0.000000 0.000000 1.000000
0.985851 0.166174 -0.021993 18.151199 0.165995 -0.986079 -0.009726 0.000000 -0.023303 0.005938 -0.999711 0.000000 0.000000 0.000000 0.000000 1.000000
0.985892 0.166561 -0.016590 18.151199 0.166048 -0.985704 -0.028557 -0.000000 -0.021109 0.025400 -0.999454 0.000000 0.000000 0.000000 0.000000 1.000000
0.985543 0.169276 -0.007100 18.151199 0.168719 -0.984396 -0.049992 0.000000 -0.015452 0.048071 -0.998724 -0.000000 0.000000 0.000000 0.000000 1.000000
0.985310 0.170697 0.005142 18.151199 0.170647 -0.982966 -0.068240 0.000000 -0.006594 0.068115 -0.997656 -0.000000 0.000000 0.000000 0.000000 1.000000
0.985149 0.170980 0.015702 18.151199 0.171693 -0.981786 -0.081351 0.000000 0.001507 0.082839 -0.996562 0.000000 0.000000 0.000000 0.000000 1.000000
0.985714 0.168038 0.011415 18.151199 0.168392 -0.981920 -0.086470 0.000000 -0.003322 0.087157 -0.996189 0.000000 0.000000 0.000000 0.000000 1.000000
0.986689 0.162612 -0.001573 18.151199 0.161910 -0.983243 -0.083774 0.000000 -0.015169 0.082404 -0.996484 0.000000 0.000000 0.000000 0.000000 1.000000
0.987548 0.157062 -0.009000 18.151199 0.155847 -0.984512 -0.080301 -0.000000 -0.021472 0.077898 -0.996730 -0.000000 0.000000 0.000000 0.000000 1.000000
0.988389 0.151589 -0.010363 18.151199 0.150355 -0.985619 -0.077132 0.000000 -0.021906 0.074678 -0.996967 -0.000000 0.000000 0.000000 0.000000 1.000000
0.988294 0.152510 -0.003853 18.151199 0.151861 -0.985877 -0.070607 0.000000 -0.014567 0.069195 -0.997497 0.000000 0.000000 0.000000 0.000000 1.000000
0.987519 0.157173 0.010142 18.151199 0.157499 -0.985640 -0.060898 0.000000 0.000425 0.061735 -0.998092 -0.000000 0.000000 0.000000 0.000000 1.000000
0.987397 0.157039 0.019647 18.151199 0.157873 -0.986052 -0.052694 -0.000000 0.011098 0.055131 -0.998417 -0.000000 0.000000 0.000000 0.000000 1.000000
0.986722 0.160287 0.026220 18.151199 0.161309 -0.985963 -0.043084 -0.000000 0.018946 0.046742 -0.998727 -0.000000 0.000000 0.000000 0.000000 1.000000
0.985415 0.168204 0.025779 18.151199 0.168864 -0.985295 -0.026050 -0.000000 0.021018 0.030023 -0.999328 -0.000000 0.000000 0.000000 0.000000 1.000000</float_array><technique_common><accessor source="#Spine_02-Matrix-animation-output-transform-array" count="25" stride="16"><param type="float4x4"/></accessor></technique_common></source><source id="Spine_02-Interpolations"><Name_array id="Spine_02-Interpolations-array" count="25">
 LINEAR LINEAR LINEAR LINEAR LINEAR LINEAR LINEAR LINEAR LINEAR LINEAR LINEAR
LINEAR LINEAR LINEAR LINEAR LINEAR LINEAR LINEAR LINEAR LINEAR LINEAR LINEAR LINEAR
LINEAR LINEAR</Name_array><technique_common><accessor source="#Spine_02-Interpolations-array" count="25"><param type="name"/></accessor></technique_common></source><sampler id="Spine_02-Matrix-animation-transform"><input semantic="INPUT" source="#Spine_02-Matrix-animation-input"/><input semantic="OUTPUT" source="#Spine_02-Matrix-animation-output-transform"/><input semantic="INTERPOLATION" source="#Spine_02-Interpolations"/></sampler><channel source="#Spine_02-Matrix-animation-transform" target="Spine_02/matrix"/></animation>
    <animation id="Spine_03-anim" name="Spine_03"><source id="Spine_03-Matrix-animation-input"><float_array id="Spine_03-Matrix-animation-input-array" count="25">

0.000000 0.033333 0.066667 0.100000 0.133333 0.166667 0.200000 0.233333 0.266667 0.300000 0.333333 0.366667 0.400000 0.433333 0.466667 0.500000
0.533333 0.566667 0.600000 0.633333 0.666667 0.700000 0.733333 0.766667 0.800000</float_array><technique_common><accessor source="#Spine_03-Matrix-animation-input-array" count="25"><param name="TIME" type="float"/></accessor></technique_common></source><source id="Spine_03-Matrix-animation-output-transform"><float_array id="Spine_03-Matrix-animation-output-transform-array" count="400">

0.968798 0.247003 -0.020486 17.903700 0.246329 -0.968701 -0.030672 -0.000000 -0.027421 0.024669 -0.999320 0.000000 0.000000 0.000000 0.000000 1.000000
0.971224 0.237746 -0.014199 17.903700 0.237489 -0.971230 -0.017667 0.000000 -0.017991 0.013787 -0.999743 0.000000 0.000000 0.000000 0.000000 1.000000
0.973833 0.227178 -0.006331 17.903700 0.227183 -0.973852 0.000148 0.000000 -0.006132 -0.001582 -0.999980 -0.000000 0.000000 0.000000 0.000000 1.000000
0.975427 0.220322 -0.000124 17.903700 0.220273 -0.975199 0.021601 0.000000 0.004638 -0.021098 -0.999767 0.000000 0.000000 0.000000 0.000000 1.000000
0.976007 0.217736 0.001562 17.903700 0.217540 -0.975388 0.035973 0.000000 0.009356 -0.034770 -0.999352 -0.000000 0.000000 0.000000 0.000000 1.000000
0.974585 0.223966 0.004799 17.903700 0.223591 -0.973826 0.040861 -0.000000 0.013825 -0.038750 -0.999153 -0.000000 0.000000 0.000000 0.000000 1.000000
0.972826 0.231427 0.007151 17.903700 0.230929 -0.972044 0.042460 0.000000 0.016777 -0.039655 -0.999073 0.000000 0.000000 0.000000 0.000000 1.000000
0.971839 0.235483 0.008819 17.903700 0.234933 -0.971124 0.041528 -0.000000 0.018344 -0.038286 -0.999098 0.000000 0.000000 0.000000 0.000000 1.000000
0.972226 0.233863 0.009206 17.903700 0.233325 -0.971570 0.040142 -0.000000 0.018332 -0.036880 -0.999152 0.000000 0.000000 0.000000 0.000000 1.000000
0.971507 0.236734 0.011452 17.903700 0.236265 -0.971148 0.032395 -0.000000 0.018790 -0.028766 -0.999410 -0.000000 0.000000 0.000000 0.000000 1.000000
0.969558 0.244164 0.018501 17.903700 0.243879 -0.969667 0.016382 0.000000 0.021939 -0.011371 -0.999695 0.000000 0.000000 0.000000 0.000000 1.000000
0.968139 0.249319 0.023387 17.903700 0.249504 -0.968359 -0.005310 -0.000000 0.021323 0.010976 -0.999712 0.000000 0.000000 0.000000 0.000000 1.000000
0.968272 0.248972 0.021484 17.903700 0.249470 -0.968064 -0.024839 -0.000000 0.014614 0.029410 -0.999461 -0.000000 0.000000 0.000000 0.000000 1.000000
0.969086 0.246202 0.016042 17.903700 0.246695 -0.967918 -0.047706 0.000000 0.003782 0.050189 -0.998733 -0.000000 0.000000 0.000000 0.000000 1.000000
0.969611 0.244541 0.007352 17.903700 0.244467 -0.967272 -0.067974 -0.000000 -0.009511 0.067706 -0.997660 -0.000000 0.000000 0.000000 0.000000 1.000000
0.969787 0.243954 -0.000511 17.903700 0.243074 -0.966461 -0.082878 0.000000 -0.020712 0.080250 -0.996560 -0.000000 0.000000 0.000000 0.000000 1.000000
0.969125 0.246517 0.005093 17.903700 0.246013 -0.965344 -0.087109 0.000000 -0.016557 0.085673 -0.996186 -0.000000 0.000000 0.000000 0.000000 1.000000
0.967673 0.251578 0.017832 17.903700 0.252186 -0.964205 -0.081925 0.000000 -0.003417 0.083774 -0.996479 -0.000000 0.000000 0.000000 0.000000 1.000000
0.966122 0.256908 0.024639 17.903700 0.258057 -0.963057 -0.076992 -0.000000 0.003949 0.080742 -0.996727 0.000000 0.000000 0.000000 0.000000 1.000000
0.964675 0.262221 0.025326 17.903700 0.263393 -0.961876 -0.073615 0.000000 0.005057 0.077685 -0.996965 0.000000 0.000000 0.000000 0.000000 1.000000
0.964934 0.261919 0.017324 17.903700 0.262488 -0.962497 -0.068550 0.000000 -0.001280 0.070694 -0.997497 0.000000 0.000000 0.000000 0.000000 1.000000
0.966182 0.257858 0.001490 17.903700 0.257455 -0.964316 -0.061742 -0.000000 -0.014484 0.060038 -0.998091 -0.000000 0.000000 0.000000 0.000000 1.000000
0.966099 0.257992 -0.009598 17.903700 0.257091 -0.964792 -0.055509 -0.000000 -0.023581 0.051160 -0.998412 0.000000 0.000000 0.000000 0.000000 1.000000
0.966852 0.254709 -0.017889 17.903700 0.253644 -0.966137 -0.047371 -0.000000 -0.029349 0.041263 -0.998717 0.000000 0.000000 0.000000 0.000000 1.000000
0.968798 0.247003 -0.020486 17.903700 0.246329 -0.968701 -0.030672 0.000000 -0.027421 0.024669 -0.999320 0.000000 0.000000 0.000000 0.000000 1.000000</float_array><technique_common><accessor source="#Spine_03-Matrix-animation-output-transform-array" count="25" stride="16"><param type="float4x4"/></accessor></technique_common></source><source id="Spine_03-Interpolations"><Name_array id="Spine_03-Interpolations-array" count="25">
 LINEAR LINEAR LINEAR LINEAR LINEAR LINEAR LINEAR LINEAR LINEAR LINEAR LINEAR
LINEAR LINEAR LINEAR LINEAR LINEAR LINEAR LINEAR LINEAR LINEAR LINEAR LINEAR LINEAR
LINEAR LINEAR</Name_array><technique_common><accessor source="#Spine_03-Interpolations-array" count="25"><param type="name"/></accessor></technique_common></source><sampler id="Spine_03-Matrix-animation-transform"><input semantic="INPUT" source="#Spine_03-Matrix-animation-input"/><input semantic="OUTPUT" source="#Spine_03-Matrix-animation-output-transform"/><input semantic="INTERPOLATION" source="#Spine_03-Interpolations"/></sampler><channel source="#Spine_03-Matrix-animation-transform" target="Spine_03/matrix"/></animation>
    <animation id="Neck-anim" name="Neck"><source id="Neck-Matrix-animation-input"><float_array id="Neck-Matrix-animation-input-array" count="25">

0.000000 0.033333 0.066667 0.100000 0.133333 0.166667 0.200000 0.233333 0.266667 0.300000 0.333333 0.366667 0.400000 0.433333 0.466667 0.500000
0.533333 0.566667 0.600000 0.633333 0.666667 0.700000 0.733333 0.766667 0.800000</float_array><technique_common><accessor source="#Neck-Matrix-animation-input-array" count="25"><param name="TIME" type="float"/></accessor></technique_common></source><source id="Neck-Matrix-animation-output-transform"><float_array id="Neck-Matrix-animation-output-transform-array" count="400">

0.992959 0.065218 0.098888 11.189000 -0.040540 0.971479 -0.233634 0.000000 -0.111305 0.227980 0.967283 -0.000000 0.000000 0.000000 0.000000 1.000000
0.992925 0.068146 0.097244 11.189000 -0.044062 0.971910 -0.231191 -0.000000 -0.110268 0.225270 0.968036 0.000000 0.000000 0.000000 0.000000 1.000000
0.992836 0.070978 0.096114 11.189000 -0.047444 0.972488 -0.228073 0.000000 -0.109658 0.221879 0.968889 0.000000 0.000000 0.000000 0.000000 1.000000
0.992780 0.069769 0.097572 11.189000 -0.046344 0.973377 -0.224476 -0.000000 -0.110636 0.218334 0.969582 0.000000 0.000000 0.000000 0.000000 1.000000
0.992738 0.065571 0.100859 11.189000 -0.041852 0.974273 -0.221453 0.000000 -0.112784 0.215624 0.969941 -0.000000 0.000000 0.000000 0.000000 1.000000
0.992620 0.063408 0.103371 11.189000 -0.039352 0.974704 -0.220007 0.000000 -0.114706 0.214315 0.970006 -0.000000 0.000000 0.000000 0.000000 1.000000
0.992144 0.065620 0.106510 11.189000 -0.040855 0.974662 -0.219919 -0.000000 -0.118243 0.213840 0.969686 0.000000 0.000000 0.000000 0.000000 1.000000
0.991688 0.069920 0.108008 11.189000 -0.044697 0.974389 -0.220383 0.000000 -0.120651 0.213724 0.969415 0.000000 0.000000 0.000000 0.000000 1.000000
0.991241 0.072414 0.110440 11.189000 -0.046525 0.974130 -0.221148 -0.000000 -0.123597 0.214073 0.968967 0.000000 0.000000 0.000000 0.000000 1.000000
0.991222 0.071783 0.111022 11.189000 -0.045581 0.973824 -0.222685 0.000000 -0.124101 0.215670 0.968548 -0.000000 0.000000 0.000000 0.000000 1.000000
0.991539 0.070206 0.109184 11.189000 -0.044155 0.973380 -0.224904 0.000000 -0.122067 0.218180 0.968244 0.000000 0.000000 0.000000 0.000000 1.000000
0.991692 0.070101 0.107855 11.189000 -0.044033 0.972803 -0.227412 0.000000 -0.120863 0.220774 0.967807 0.000000 0.000000 0.000000 0.000000 1.000000
0.991251 0.072876 0.110044 11.189000 -0.046120 0.972440 -0.228546 0.000000 -0.123667 0.221472 0.967294 0.000000 0.000000 0.000000 0.000000 1.000000
0.990735 0.075691 0.112757 11.189000 -0.048104 0.972039 -0.229840 0.000000 -0.127001 0.222287 0.966674 0.000000 0.000000 0.000000 0.000000 1.000000
0.990661 0.075924 0.113253 11.189000 -0.048006 0.971657 -0.231470 0.000000 -0.127617 0.223871 0.966227 -0.000000 0.000000 0.000000 0.000000 1.000000
0.990847 0.072427 0.113911 11.189000 -0.044307 0.971618 -0.232369 0.000000 -0.127508 0.225196 0.965934 0.000000 0.000000 0.000000 0.000000 1.000000
0.991170 0.069826 0.112724 11.189000 -0.041954 0.971586 -0.232937 0.000000 -0.125786 0.226151 0.965937 -0.000000 0.000000 0.000000 0.000000 1.000000
0.990980 0.072059 0.112990 11.189000 -0.043979 0.971307 -0.233730 -0.000000 -0.126590 0.226652 0.965714 0.000000 0.000000 0.000000 0.000000 1.000000
0.990797 0.076449 0.111697 11.189000 -0.048406 0.970777 -0.235051 -0.000000 -0.126403 0.227481 0.965544 -0.000000 0.000000 0.000000 0.000000 1.000000
0.990888 0.078895 0.109164 11.189000 -0.051237 0.970349 -0.236214 0.000000 -0.124563 0.228469 0.965550 0.000000 0.000000 0.000000 0.000000 1.000000
0.990994 0.079758 0.107564 11.189000 -0.052420 0.970225 -0.236466 -0.000000 -0.123222 0.228698 0.965668 -0.000000 0.000000 0.000000 0.000000 1.000000
0.990784 0.080550 0.108894 11.189000 -0.052968 0.970346 -0.235845 -0.000000 -0.124663 0.227903 0.965670 -0.000000 0.000000 0.000000 0.000000 1.000000
0.991831 0.077604 0.101232 11.189000 -0.051995 0.970679 -0.234690 0.000000 -0.116477 0.227509 0.966785 0.000000 0.000000 0.000000 0.000000 1.000000
0.992627 0.071026 0.098222 11.189000 -0.046304 0.971074 -0.234247 0.000000 -0.112018 0.227971 0.967203 -0.000000 0.000000 0.000000 0.000000 1.000000
0.992959 0.065213 0.098895 11.189000 -0.040539 0.971493 -0.233578 0.000000 -0.111308 0.227924 0.967296 0.000000 0.000000 0.000000 0.000000 1.000000</float_array><technique_common><accessor source="#Neck-Matrix-animation-output-transform-array" count="25" stride="16"><param type="float4x4"/></accessor></technique_common></source><source id="Neck-Interpolations"><Name_array id="Neck-Interpolations-array" count="25">
 LINEAR LINEAR LINEAR LINEAR LINEAR LINEAR LINEAR LINEAR LINEAR LINEAR LINEAR
LINEAR LINEAR LINEAR LINEAR LINEAR LINEAR LINEAR LINEAR LINEAR LINEAR LINEAR LINEAR
LINEAR LINEAR</Name_array><technique_common><accessor source="#Neck-Interpolations-array" count="25"><param type="name"/></accessor></technique_common></source><sampler id="Neck-Matrix-animation-transform"><input semantic="INPUT" source="#Neck-Matrix-animation-input"/><input semantic="OUTPUT" source="#Neck-Matrix-animation-output-transform"/><input semantic="INTERPOLATION" source="#Neck-Interpolations"/></sampler><channel source="#Neck-Matrix-animation-transform" target="Neck/matrix"/></animation>
    <animation id="Head-anim" name="Head"><source id="Head-Matrix-animation-input"><float_array id="Head-Matrix-animation-input-array" count="25">

0.000000 0.033333 0.066667 0.100000 0.133333 0.166667 0.200000 0.233333 0.266667 0.300000 0.333333 0.366667 0.400000 0.433333 0.466667 0.500000
0.533333 0.566667 0.600000 0.633333 0.666667 0.700000 0.733333 0.766667 0.800000</float_array><technique_common><accessor source="#Head-Matrix-animation-input-array" count="25"><param name="TIME" type="float"/></accessor></technique_common></source><source id="Head-Matrix-animation-output-transform"><float_array id="Head-Matrix-animation-output-transform-array" count="400">

0.000539 0.983101 0.183064 12.164400 -0.030027 0.182997 -0.982655 -0.000000 -0.999549 -0.004967 0.029618 0.000000 0.000000 0.000000 0.000000 1.000000
-0.005479 0.983025 0.183388 12.164400 -0.019500 0.183251 -0.982873 0.000000 -0.999795 -0.008962 0.018165 0.000000 0.000000 0.000000 0.000000 1.000000
-0.011849 0.982953 0.183477 12.164400 -0.010259 0.183360 -0.982992 -0.000000 -0.999877 -0.013530 0.007911 0.000000 0.000000 0.000000 0.000000 1.000000
-0.019773 0.982021 0.187735 12.164400 -0.001678 0.187739 -0.982218 -0.000000 -0.999803 -0.019737 -0.002065 -0.000000 0.000000 0.000000 0.000000 1.000000
-0.028995 0.980379 0.194976 12.164400 0.007363 0.195262 -0.980723 0.000000 -0.999552 -0.027000 -0.012880 0.000000 0.000000 0.000000 0.000000 1.000000
-0.038158 0.979084 0.199847 12.164400 0.017751 0.200625 -0.979507 -0.000000 -0.999114 -0.033828 -0.025035 0.000000 0.000000 0.000000 0.000000 1.000000
-0.048997 0.978492 0.200383 12.164400 0.029198 0.201942 -0.978962 -0.000000 -0.998372 -0.042115 -0.038465 0.000000 0.000000 0.000000 0.000000 1.000000
-0.058689 0.978358 0.198423 12.164400 0.041462 0.200983 -0.978717 -0.000000 -0.997415 -0.049213 -0.052360 -0.000000 0.000000 0.000000 0.000000 1.000000
-0.069084 0.977730 0.198172 12.164400 0.054564 0.202053 -0.977853 0.000000 -0.996118 -0.056741 -0.067308 0.000000 0.000000 0.000000 0.000000 1.000000
-0.077371 0.976625 0.200543 12.164400 0.069383 0.205933 -0.976103 -0.000000 -0.994585 -0.061608 -0.083694 -0.000000 0.000000 0.000000 0.000000 1.000000
-0.083418 0.975527 0.203444 12.164400 0.085864 0.210432 -0.973830 0.000000 -0.992809 -0.063767 -0.101317 0.000000 0.000000 0.000000 0.000000 1.000000
-0.090456 0.974590 0.204917 12.164400 0.103437 0.213842 -0.971377 0.000000 -0.990514 -0.066671 -0.120152 0.000000 0.000000 0.000000 0.000000 1.000000
-0.101462 0.973737 0.203818 12.164400 0.120309 0.215381 -0.969091 0.000000 -0.987538 -0.073804 -0.139002 0.000000 0.000000 0.000000 0.000000 1.000000
-0.113768 0.972635 0.202578 12.164400 0.139747 0.217541 -0.965995 0.000000 -0.983630 -0.081590 -0.160672 0.000000 0.000000 0.000000 0.000000 1.000000
-0.127243 0.970694 0.203867 12.164400 0.168735 0.223726 -0.959935 0.000000 -0.977414 -0.087745 -0.192257 0.000000 0.000000 0.000000 0.000000 1.000000
-0.136938 0.968462 0.208158 12.164400 0.190442 0.231956 -0.953902 0.000000 -0.972101 -0.090984 -0.216199 0.000000 0.000000 0.000000 0.000000 1.000000
-0.133420 0.968326 0.211052 12.164400 0.189759 0.233976 -0.953544 0.000000 -0.972723 -0.087173 -0.214966 0.000000 0.000000 0.000000 0.000000 1.000000
-0.125479 0.969847 0.208929 12.164400 0.177664 0.229156 -0.957039 -0.000000 -0.976059 -0.082969 -0.201061 0.000000 0.000000 0.000000 0.000000 1.000000
-0.112239 0.972515 0.204002 12.164400 0.158329 0.220179 -0.962524 0.000000 -0.980986 -0.075733 -0.178690 -0.000000 0.000000 0.000000 0.000000 1.000000
-0.094875 0.975237 0.199779 12.164400 0.132739 0.211285 -0.968369 -0.000000 -0.986600 -0.065356 -0.149498 -0.000000 0.000000 0.000000 0.000000 1.000000
-0.076520 0.977674 0.195701 12.164400 0.101745 0.202908 -0.973897 0.000000 -0.991863 -0.054611 -0.115000 -0.000000 0.000000 0.000000 0.000000 1.000000
-0.060345 0.979822 0.190547 12.164400 0.067056 0.194443 -0.978619 0.000000 -0.995923 -0.046278 -0.077437 0.000000 0.000000 0.000000 0.000000 1.000000
-0.034910 0.981905 0.186129 12.164400 0.032100 0.187249 -0.981788 -0.000000 -0.998875 -0.028299 -0.038056 -0.000000 0.000000 0.000000 0.000000 1.000000
-0.014434 0.982674 0.184782 12.164400 -0.000576 0.184793 -0.982777 -0.000000 -0.999896 -0.014292 -0.002101 0.000000 0.000000 0.000000 0.000000 1.000000
0.000541 0.983076 0.183197 12.164400 -0.030102 0.183130 -0.982628 -0.000000 -0.999547 -0.004983 0.029692 -0.000000 0.000000 0.000000 0.000000 1.000000</float_array><technique_common><accessor source="#Head-Matrix-animation-output-transform-array" count="25" stride="16"><param type="float4x4"/></accessor></technique_common></source><source id="Head-Interpolations"><Name_array id="Head-Interpolations-array" count="25">
 LINEAR LINEAR LINEAR LINEAR LINEAR LINEAR LINEAR LINEAR LINEAR LINEAR LINEAR
LINEAR LINEAR LINEAR LINEAR LINEAR LINEAR LINEAR LINEAR LINEAR LINEAR LINEAR LINEAR
LINEAR LINEAR</Name_array><technique_common><accessor source="#Head-Interpolations-array" count="25"><param type="name"/></accessor></technique_common></source><sampler id="Head-Matrix-animation-transform"><input semantic="INPUT" source="#Head-Matrix-animation-input"/><input semantic="OUTPUT" source="#Head-Matrix-animation-output-transform"/><input semantic="INTERPOLATION" source="#Head-Interpolations"/></sampler><channel source="#Head-Matrix-animation-transform" target="Head/matrix"/></animation>
    <animation id="Clavicle_L-anim" name="Clavicle_L"><source id="Clavicle_L-Matrix-animation-input"><float_array id="Clavicle_L-Matrix-animation-input-array" count="25">

0.000000 0.033333 0.066667 0.100000 0.133333 0.166667 0.200000 0.233333 0.266667 0.300000 0.333333 0.366667 0.400000 0.433333 0.466667 0.500000
0.533333 0.566667 0.600000 0.633333 0.666667 0.700000 0.733333 0.766667 0.800000</float_array><technique_common><accessor source="#Clavicle_L-Matrix-animation-input-array" count="25"><param name="TIME" type="float"/></accessor></technique_common></source><source id="Clavicle_L-Matrix-animation-output-transform"><float_array id="Clavicle_L-Matrix-animation-output-transform-array" count="400">

-0.168825 0.984023 -0.056548 5.801200 0.489461 0.033901 -0.871366 -4.191400 -0.855527 -0.174786 -0.487364 -7.447200 0.000000 0.000000 0.000000 1.000000
-0.165480 0.984694 -0.054713 5.801200 0.517080 0.039388 -0.855030 -4.191400 -0.839788 -0.169782 -0.515684 -7.447200 0.000000 0.000000 0.000000 1.000000
-0.155722 0.986657 -0.047532 5.801200 0.540697 0.044869 -0.840020 -4.191400 -0.826678 -0.156510 -0.540470 -7.447200 0.000000 0.000000 0.000000 1.000000
-0.146826 0.988359 -0.039867 5.801200 0.562235 0.050227 -0.825451 -4.191400 -0.813839 -0.143612 -0.563064 -7.447200 0.000000 0.000000 0.000000 1.000000
-0.141184 0.989453 -0.032393 5.801200 0.565618 0.053767 -0.822913 -4.191400 -0.812492 -0.134504 -0.567244 -7.447200 0.000000 0.000000 0.000000 1.000000
-0.129120 0.991424 -0.020149 5.801200 0.563244 0.056601 -0.824350 -4.191400 -0.816140 -0.117789 -0.565722 -7.447200 0.000000 0.000000 0.000000 1.000000
-0.117051 0.993047 -0.012481 5.801200 0.560987 0.055743 -0.825946 -4.191400 -0.819508 -0.103680 -0.563611 -7.447200 0.000000 0.000000 0.000000 1.000000
-0.102709 0.994648 -0.011221 5.801200 0.561758 0.048691 -0.825867 -4.191400 -0.820901 -0.091127 -0.563753 -7.447200 0.000000 0.000000 0.000000 1.000000
