<?xml version="1.0" encoding="utf-8"?>
<COLLADA xmlns="http://www.collada.org/2005/11/COLLADASchema" version="1.4.1">
  <asset><contributor><author>Mixamo</author><authoring_tool>COLLADA Mixamo exporter</authoring_tool><comments></comments></contributor><created>2020-08-07T15:11:23Z</created><modified>2020-08-07T15:11:23Z</modified><revision></revision><title></title><unit meter="0.010000"/><up_axis>Y_UP</up_axis></asset>
  <library_animations>
    <animation id="mixamorig7_Hips-anim" name="mixamorig7_Hips"><source id="mixamorig7_Hips-Matrix-animation-input"><float_array id="mixamorig7_Hips-Matrix-animation-input-array" count="66">

0.000000 0.033333 0.066667 0.100000 0.133333 0.166667 0.200000 0.233333 0.266667 0.300000 0.333333 0.366667 0.400000 0.433333 0.466667 0.500000
0.533333 0.566667 0.600000 0.633333 0.666667 0.700000 0.733333 0.766667 0.800000 0.833333 0.866667 0.900000 0.933333 0.966667 1.000000 1.033333
1.066667 1.100000 1.133333 1.166667 1.200000 1.233333 1.266667 1.300000 1.333333 1.366667 1.400000 1.433333 1.466667 1.500000 1.533333 1.566667
1.600000 1.633333 1.666667 1.700000 1.733333 1.766667 1.800000 1.833333 1.866667 1.900000 1.933333 1.966667 2.000000 2.033333 2.066667 2.100000
2.133333 2.166667</float_array><technique_common><accessor source="#mixamorig7_Hips-Matrix-animation-input-array" count="66"><param name="TIME" type="float"/></accessor></technique_common></source><source id="mixamorig7_Hips-Matrix-animation-output-transform"><float_array id="mixamorig7_Hips-Matrix-animation-output-transform-array" count="1056">

0.993913 0.062041 -0.091035 0.054461 -0.056219 0.996288 0.065187 99.193626 0.094741 -0.059672 0.993712 0.325383 0.000000 0.000000 0.000000 1.000000
0.992833 0.060626 -0.102990 0.253195 -0.055105 0.996929 0.055634 99.188232 0.106046 -0.049560 0.993125 0.256389 0.000000 0.000000 0.000000 1.000000
0.991231 0.058611 -0.118429 0.542819 -0.053764 0.997596 0.043716 99.217514 0.120706 -0.036965 0.992000 0.163122 0.000000 0.000000 0.000000 1.000000
0.988917 0.055494 -0.137710 0.924702 -0.052077 0.998242 0.028294 99.253876 0.139038 -0.020809 0.990068 0.022214 0.000000 0.000000 0.000000 1.000000
0.985505 0.050931 -0.161818 1.392509 -0.050382 0.998702 0.007497 99.252869 0.161990 0.000765 0.986792 -0.206344 0.000000 0.000000 0.000000 1.000000
0.980369 0.043964 -0.192208 1.955575 -0.048921 0.998579 -0.021116 99.141022 0.191006 0.030105 0.981127 -0.581632 0.000000 0.000000 0.000000 1.000000
0.972726 0.032862 -0.229618 2.638420 -0.047726 0.997088 -0.059483 98.801537 0.226994 0.068819 0.971462 -1.161047 0.000000 0.000000 0.000000 1.000000
0.962069 0.016174 -0.272325 3.437458 -0.047163 0.993071 -0.107639 98.071312 0.268697 0.116399 0.956166 -1.970901 0.000000 0.000000 0.000000 1.000000
0.948789 -0.004885 -0.315873 4.292906 -0.049303 0.985339 -0.163331 96.789703 0.312039 0.170540 0.934638 -3.003465 0.000000 0.000000 0.000000 1.000000
0.934459 -0.026016 -0.355118 5.123165 -0.057720 0.973068 -0.223174 94.840607 0.351360 0.229044 0.907791 -4.231943 0.000000 0.000000 0.000000 1.000000
0.921455 -0.042783 -0.386122 5.885640 -0.074738 0.955829 -0.284264 92.180191 0.381228 0.290794 0.877556 -5.592400 0.000000 0.000000 0.000000 1.000000
0.912316 -0.053741 -0.405944 6.596196 -0.098441 0.933494 -0.344818 88.904633 0.397477 0.354544 0.846351 -6.951057 0.000000 0.000000 0.000000 1.000000
0.909108 -0.060870 -0.412090 7.293074 -0.122112 0.906864 -0.403343 85.290871 0.398261 0.417003 0.817004 -8.138844 0.000000 0.000000 0.000000 1.000000
0.912119 -0.066603 -0.404479 7.985243 -0.138426 0.878708 -0.456849 81.701508 0.385847 0.472691 0.792266 -9.037495 0.000000 0.000000 0.000000 1.000000
0.918803 -0.071539 -0.388180 8.640182 -0.144709 0.853915 -0.499889 78.428215 0.367234 0.515472 0.774227 -9.595675 0.000000 0.000000 0.000000 1.000000
0.924946 -0.075460 -0.372533 9.189199 -0.143327 0.838505 -0.525706 75.777016 0.352040 0.539644 0.764756 -9.737542 0.000000 0.000000 0.000000 1.000000
0.927240 -0.079790 -0.365867 9.605736 -0.135962 0.838624 -0.527469 74.276970 0.348912 0.538835 0.766758 -9.435978 0.000000 0.000000 0.000000 1.000000
0.923353 -0.088212 -0.373682 9.985936 -0.120841 0.857026 -0.500904 74.361855 0.364441 0.507667 0.780677 -8.774032 0.000000 0.000000 0.000000 1.000000
0.911065 -0.105215 -0.398611 10.349750 -0.093811 0.888610 -0.448967 75.895744 0.401448 0.446432 0.799711 -7.757250 0.000000 0.000000 0.000000 1.000000
0.891648 -0.130554 -0.433497 10.606634 -0.049983 0.923278 -0.380868 78.526489 0.449962 0.361267 0.816713 -6.335435 0.000000 0.000000 0.000000 1.000000
0.874401 -0.153343 -0.460335 10.527467 0.006536 0.952383 -0.304835 82.213806 0.485159 0.263539 0.833767 -4.712102 0.000000 0.000000 0.000000 1.000000
0.875781 -0.157745 -0.456206 9.911229 0.057556 0.972479 -0.225770 87.139420 0.479265 0.171468 0.860758 -3.305038 0.000000 0.000000 0.000000 1.000000
0.905882 -0.137017 -0.400754 8.754048 0.082845 0.985270 -0.149597 93.240685 0.415348 0.102317 0.903890 -2.325660 0.000000 0.000000 0.000000 1.000000
0.952997 -0.107357 -0.283322 7.083483 0.085520 0.992408 -0.088385 99.895538 0.290660 0.060001 0.954943 -1.715274 0.000000 0.000000 0.000000 1.000000
0.988813 -0.087656 -0.120685 5.212413 0.080900 0.994927 -0.059798 106.099434 0.125315 0.049366 0.990888 -1.518502 0.000000 0.000000 0.000000 1.000000
0.995913 -0.080290 0.041362 3.715354 0.083138 0.993899 -0.072476 110.877968 -0.035290 0.075618 0.996512 -2.049468 0.000000 0.000000 0.000000 1.000000
0.989583 -0.032962 0.140136 3.303814 0.049400 0.992080 -0.115486 115.757584 -0.135219 0.121206 0.983374 -3.464582 0.000000 0.000000 0.000000 1.000000
0.986027 0.013633 0.166028 3.491657 0.014500 0.985839 -0.167068 119.335205 -0.165955 0.167141 0.971866 -5.258396 0.000000 0.000000 0.000000 1.000000
0.987304 0.048550 0.151241 3.773248 -0.015479 0.977020 -0.212586 121.379654 -0.158087 0.207546 0.965367 -6.635888 0.000000 0.000000 0.000000 1.000000
0.989011 0.073305 0.128389 3.975024 -0.039090 0.967173 -0.251096 123.075607 -0.142581 0.243318 0.959410 -7.704742 0.000000 0.000000 0.000000 1.000000
0.990002 0.087381 0.110727 4.083987 -0.052653 0.957195 -0.284615 124.557854 -0.130857 0.275939 0.952226 -8.746906 0.000000 0.000000 0.000000 1.000000
0.991232 0.094608 0.092242 4.199342 -0.062230 0.950082 -0.305732 125.277542 -0.116562 0.297311 0.947639 -9.375204 0.000000 0.000000 0.000000 1.000000
0.992847 0.099132 0.066546 4.410310 -0.074451 0.949748 -0.304031 124.660789 -0.093341 0.296902 0.950335 -9.169512 0.000000 0.000000 0.000000 1.000000
0.994274 0.101402 0.033716 4.751797 -0.087997 0.955947 -0.280038 122.808838 -0.060627 0.275467 0.959397 -8.220281 0.000000 0.000000 0.000000 1.000000
0.994724 0.102579 -0.001033 5.340103 -0.099673 0.964063 -0.246269 120.398956 -0.024267 0.245073 0.969201 -6.971401 0.000000 0.000000 0.000000 1.000000
0.994238 0.103375 -0.028381 6.225251 -0.107056 0.971189 -0.212910 117.834404 0.005554 0.214721 0.976660 -5.463868 0.000000 0.000000 0.000000 1.000000
0.993380 0.106979 -0.041860 7.236745 -0.112738 0.977842 -0.176393 114.627357 0.022062 0.179945 0.983429 -3.177410 0.000000 0.000000 0.000000 1.000000
0.992782 0.115538 -0.032162 7.942703 -0.118768 0.984398 -0.129825 110.013809 0.016661 0.132708 0.991015 -0.142768 0.000000 0.000000 0.000000 1.000000
0.991844 0.126815 0.012793 7.830781 -0.125331 0.988622 -0.083178 104.172897 -0.023195 0.080896 0.996453 2.632223 0.000000 0.000000 0.000000 1.000000
0.985360 0.141775 0.094683 6.621612 -0.136406 0.988774 -0.060986 98.022560 -0.102266 0.047178 0.993638 4.167421 0.000000 0.000000 0.000000 1.000000
0.965962 0.170111 0.194882 4.622155 -0.157812 0.984454 -0.077101 92.172554 -0.204968 0.043722 0.977792 4.223296 0.000000 0.000000 0.000000 1.000000
0.940585 0.203545 0.271790 2.814243 -0.177382 0.977059 -0.117859 87.266312 -0.289544 0.062646 0.955112 3.333950 0.000000 0.000000 0.000000 1.000000
0.929672 0.220399 0.295184 1.762025 -0.180754 0.971110 -0.155800 84.475693 -0.320995 0.091488 0.942652 2.004615 0.000000 0.000000 0.000000 1.000000
0.936070 0.213370 0.279724 1.162442 -0.168805 0.969989 -0.175005 83.809563 -0.308670 0.116598 0.943996 0.511609 0.000000 0.000000 0.000000 1.000000
0.943857 0.198789 0.263851 0.681349 -0.154679 0.971662 -0.178739 84.595268 -0.291906 0.127892 0.947858 -0.795402 0.000000 0.000000 0.000000 1.000000
0.944647 0.191145 0.266656 0.268647 -0.146199 0.972845 -0.179439 86.324387 -0.293714 0.130522 0.946940 -1.831017 0.000000 0.000000 0.000000 1.000000
0.944464 0.186881 0.270302 0.054082 -0.140327 0.973142 -0.182489 88.536789 -0.297146 0.134424 0.945323 -2.670733 0.000000 0.000000 0.000000 1.000000
0.952723 0.176259 0.247491 0.154056 -0.132735 0.974148 -0.182805 90.906891 -0.273314 0.141312 0.951489 -3.310681 0.000000 0.000000 0.000000 1.000000
0.967658 0.156899 0.197534 0.479369 -0.123319 0.977318 -0.172170 93.143784 -0.220067 0.142242 0.965058 -3.645350 0.000000 0.000000 0.000000 1.000000
0.979684 0.136440 0.146981 0.779775 -0.114466 0.982218 -0.148815 94.925781 -0.164672 0.128967 0.977881 -3.640837 0.000000 0.000000 0.000000 1.000000
0.985508 0.121841 0.118023 0.896145 -0.107734 0.986992 -0.119330 96.092026 -0.131027 0.104886 0.985815 -3.470642 0.000000 0.000000 0.000000 1.000000
0.987860 0.112646 0.106977 0.895673 -0.103108 0.990511 -0.090872 96.732727 -0.116198 0.078738 0.990100 -3.311869 0.000000 0.000000 0.000000 1.000000
0.989848 0.105781 0.094928 0.924737 -0.099820 0.992848 -0.065495 97.082748 -0.101177 0.055355 0.993327 -3.182174 0.000000 0.000000 0.000000 1.000000
0.992626 0.098894 0.070099 1.004756 -0.096122 0.994488 -0.041886 97.338493 -0.073855 0.034839 0.996660 -3.013028 0.000000 0.000000 0.000000 1.000000
0.995117 0.091626 0.036711 1.055295 -0.090959 0.995665 -0.019447 97.561035 -0.038334 0.016013 0.999137 -2.771780 0.000000 0.000000 0.000000 1.000000
0.996344 0.085230 0.005837 1.042948 -0.085236 0.996360 0.000809 97.752945 -0.005747 -0.001304 0.999983 -2.491056 0.000000 0.000000 0.000000 1.000000
0.996598 0.080606 -0.017193 1.007191 -0.080299 0.996611 0.017874 97.954575 0.018576 -0.016433 0.999692 -2.203478 0.000000 0.000000 0.000000 1.000000
0.996389 0.077347 -0.035009 0.975718 -0.076257 0.996591 0.031481 98.219215 0.037325 -0.028698 0.998891 -1.896550 0.000000 0.000000 0.000000 1.000000
0.995894 0.074324 -0.051683 0.934486 -0.072207 0.996518 0.041700 98.536865 0.054602 -0.037797 0.997793 -1.550365 0.000000 0.000000 0.000000 1.000000
0.995194 0.070825 -0.067620 0.871234 -0.067601 0.996516 0.048837 98.831413 0.070843 -0.044031 0.996515 -1.183657 0.000000 0.000000 0.000000 1.000000
0.994472 0.067174 -0.080701 0.796400 -0.062959 0.996571 0.053694 99.033279 0.084031 -0.048316 0.995291 -0.841062 0.000000 0.000000 0.000000 1.000000
0.993896 0.064293 -0.089645 0.714585 -0.059303 0.996597 0.057256 99.133041 0.093021 -0.051590 0.994327 -0.548345 0.000000 0.000000 0.000000 1.000000
0.993528 0.062707 -0.094705 0.606395 -0.057173 0.996556 0.060064 99.166016 0.098146 -0.054261 0.993692 -0.298256 0.000000 0.000000 0.000000 1.000000
0.993400 0.062184 -0.096379 0.452747 -0.056341 0.996472 0.062200 99.173553 0.099907 -0.056359 0.993399 -0.073238 0.000000 0.000000 0.000000 1.000000
0.993544 0.062096 -0.094949 0.260494 -0.056177 0.996381 0.063791 99.179779 0.098567 -0.058045 0.993436 0.134782 0.000000 0.000000 0.000000 1.000000
0.993913 0.062041 -0.091035 0.054460 -0.056219 0.996288 0.065187 99.193626 0.094741 -0.059672 0.993712 0.325382 0.000000 0.000000 0.000000 1.000000</float_array><technique_common><accessor source="#mixamorig7_Hips-Matrix-animation-output-transform-array" count="66" stride="16"><param type="float4x4"/></accessor></technique_common></source><source id="mixamorig7_Hips-Interpolations"><Name_array id="mixamorig7_Hips-Interpolations-array" count="66">
 LINEAR LINEAR LINEAR LINEAR LINEAR LINEAR LINEAR LINEAR LINEAR LINEAR LINEAR
LINEAR LINEAR LINEAR LINEAR LINEAR LINEAR LINEAR LINEAR LINEAR LINEAR LINEAR LINEAR
LINEAR LINEAR LINEAR LINEAR LINEAR LINEAR LINEAR LINEAR LINEAR LINEAR LINEAR LINEAR
LINEAR LINEAR LINEAR LINEAR LINEAR LINEAR LINEAR LINEAR LINEAR LINEAR LINEAR LINEAR
LINEAR LINEAR LINEAR LINEAR LINEAR LINEAR LINEAR LINEAR LINEAR LINEAR LINEAR LINEAR
LINEAR LINEAR LINEAR LINEAR LINEAR LINEAR LINEAR</Name_array><technique_common><accessor source="#mixamorig7_Hips-Interpolations-array" count="66"><param type="name"/></accessor></technique_common></source><sampler id="mixamorig7_Hips-Matrix-animation-transform"><input semantic="INPUT" source="#mixamorig7_Hips-Matrix-animation-input"/><input semantic="OUTPUT" source="#mixamorig7_Hips-Matrix-animation-output-transform"/><input semantic="INTERPOLATION" source="#mixamorig7_Hips-Interpolations"/></sampler><channel source="#mixamorig7_Hips-Matrix-animation-transform" target="mixamorig7_Hips/matrix"/></animation>
    <animation id="mixamorig7_Spine-anim" name="mixamorig7_Spine"><source id="mixamorig7_Spine-Matrix-animation-input"><float_array id="mixamorig7_Spine-Matrix-animation-input-array" count="66">

0.000000 0.033333 0.066667 0.100000 0.133333 0.166667 0.200000 0.233333 0.266667 0.300000 0.333333 0.366667 0.400000 0.433333 0.466667 0.500000
0.533333 0.566667 0.600000 0.633333 0.666667 0.700000 0.733333 0.766667 0.800000 0.833333 0.866667 0.900000 0.933333 0.966667 1.000000 1.033333
1.066667 1.100000 1.133333 1.166667 1.200000 1.233333 1.266667 1.300000 1.333333 1.366667 1.400000 1.433333 1.466667 1.500000 1.533333 1.566667
1.600000 1.633333 1.666667 1.700000 1.733333 1.766667 1.800000 1.833333 1.866667 1.900000 1.933333 1.966667 2.000000 2.033333 2.066667 2.100000
2.133333 2.166667</float_array><technique_common><accessor source="#mixamorig7_Spine-Matrix-animation-input-array" count="66"><param name="TIME" type="float"/></accessor></technique_common></source><source id="mixamorig7_Spine-Matrix-animation-output-transform"><float_array id="mixamorig7_Spine-Matrix-animation-output-transform-array" count="1056">

0.998655 -0.047142 0.021597 0.000000 0.045865 0.997364 0.056219 9.694400 -0.024190 -0.055153 0.998185 -1.109700 0.000000 0.000000 0.000000 1.000000
0.998495 -0.048692 0.025225 0.000000 0.047243 0.997359 0.055168 9.694400 -0.027844 -0.053893 0.998158 -1.109700 0.000000 0.000000 0.000000 1.000000
0.998361 -0.050370 0.027179 0.000000 0.048884 0.997407 0.052813 9.694400 -0.029769 -0.051398 0.998234 -1.109700 0.000000 0.000000 0.000000 1.000000
0.998298 -0.051761 0.026851 0.000000 0.050392 0.997508 0.049371 9.694400 -0.029339 -0.047934 0.998420 -1.109700 0.000000 0.000000 0.000000 1.000000
0.998324 -0.052437 0.024487 -0.000000 0.051287 0.997650 0.045433 9.694400 -0.026812 -0.044101 0.998667 -1.109700 0.000000 0.000000 0.000000 1.000000
0.998449 -0.051463 0.021238 0.000000 0.050548 0.997855 0.041598 9.694400 -0.023333 -0.040460 0.998909 -1.109700 0.000000 0.000000 0.000000 1.000000
0.998718 -0.047334 0.017961 0.000000 0.046632 0.998202 0.037668 9.694400 -0.019712 -0.036783 0.999129 -1.109700 0.000000 0.000000 0.000000 1.000000
0.999150 -0.038787 0.013938 0.000000 0.038322 0.998747 0.032188 9.694400 -0.015169 -0.031626 0.999385 -1.109700 0.000000 0.000000 0.000000 1.000000
0.999625 -0.026589 0.006611 0.000000 0.026431 0.999388 0.022912 9.694400 -0.007216 -0.022729 0.999716 -1.109700 0.000000 0.000000 0.000000 1.000000
0.999872 -0.014373 -0.006956 0.000000 0.014430 0.999862 0.008172 9.694400 0.006838 -0.008271 0.999942 -1.109700 0.000000 0.000000 0.000000 1.000000
0.999603 -0.006886 -0.027312 0.000000 0.006569 0.999910 -0.011660 9.694400 0.027390 0.011476 0.999559 -1.109700 0.000000 0.000000 0.000000 1.000000
0.998699 -0.006973 -0.050508 0.000000 0.005279 0.999422 -0.033583 9.694400 0.050713 0.033273 0.998159 -1.109700 0.000000 0.000000 0.000000 1.000000
0.997498 -0.013560 -0.069378 -0.000000 0.009887 0.998545 -0.053014 9.694400 0.069996 0.052195 0.996181 -1.109700 0.000000 0.000000 0.000000 1.000000
0.996654 -0.022514 -0.078580 0.000000 0.017303 0.997645 -0.066378 9.694400 0.079889 0.064796 0.994696 -1.109700 0.000000 0.000000 0.000000 1.000000
0.996429 -0.030108 -0.078880 0.000000 0.024323 0.997014 -0.073291 9.694400 0.080851 0.071111 0.994186 -1.109700 0.000000 0.000000 0.000000 1.000000
0.996474 -0.035831 -0.075869 0.000000 0.030068 0.996671 -0.075778 9.694400 0.078332 0.073229 0.994234 -1.109700 0.000000 0.000000 0.000000 1.000000
0.996373 -0.041783 -0.074122 0.000000 0.036198 0.996514 -0.075158 9.694400 0.077004 0.072202 0.994413 -1.109700 0.000000 0.000000 0.000000 1.000000
0.996154 -0.048785 -0.072787 -0.000000 0.043652 0.996555 -0.070514 9.694400 0.075976 0.067065 0.994852 -1.109700 0.000000 0.000000 0.000000 1.000000
0.996410 -0.053522 -0.065594 -0.000000 0.049582 0.996949 -0.060292 9.694400 0.068621 0.056823 0.996023 -1.109700 0.000000 0.000000 0.000000 1.000000
0.997703 -0.050547 -0.045086 -0.000000 0.048542 0.997829 -0.044498 9.694400 0.047237 0.042207 0.997992 -1.109700 0.000000 0.000000 0.000000 1.000000
0.999171 -0.039722 -0.008946 0.000000 0.039479 0.998887 -0.025806 9.694400 0.009961 0.025432 0.999627 -1.109700 0.000000 0.000000 0.000000 1.000000
0.999108 -0.025835 0.033398 -0.000000 0.026135 0.999622 -0.008575 9.694400 -0.033164 0.009440 0.999405 -1.109700 0.000000 0.000000 0.000000 1.000000
0.997985 -0.008684 0.062859 0.000000 0.008463 0.999957 0.003781 9.694400 -0.062890 -0.003241 0.998015 -1.109700 0.000000 0.000000 0.000000 1.000000
0.997797 0.021420 0.062792 0.000000 -0.022066 0.999710 0.009618 9.694400 -0.062568 -0.010982 0.997980 -1.109700 0.000000 0.000000 0.000000 1.000000
0.997310 0.065448 0.033005 0.000000 -0.065710 0.997815 0.006913 9.694400 -0.032480 -0.009063 0.999431 -1.109700 0.000000 0.000000 0.000000 1.000000
0.994370 0.105516 -0.009758 0.000000 -0.105594 0.994378 -0.007876 9.694400 0.008872 0.008862 0.999921 -1.109700 0.000000 0.000000 0.000000 1.000000
0.992601 0.113330 -0.043595 0.000000 -0.114951 0.992694 -0.036664 9.694400 0.039121 0.041404 0.998376 -1.109700 0.000000 0.000000 0.000000 1.000000
0.993810 0.092611 -0.061355 0.000000 -0.097126 0.992426 -0.075214 9.694400 0.053925 0.080708 0.995278 -1.109700 0.000000 0.000000 0.000000 1.000000
0.995691 0.064115 -0.066994 0.000000 -0.071339 0.991179 -0.111688 9.694400 0.059242 0.115986 0.991482 -1.109700 0.000000 0.000000 0.000000 1.000000
0.997174 0.041754 -0.062453 0.000000 -0.049816 0.989772 -0.133681 9.694400 0.056233 0.136414 0.989055 -1.109700 0.000000 0.000000 0.000000 1.000000
0.998609 0.027050 -0.045263 -0.000000 -0.033036 0.989989 -0.137227 9.694400 0.041098 0.138531 0.989505 -1.109700 0.000000 0.000000 0.000000 1.000000
0.999758 0.015655 -0.015430 0.000000 -0.017509 0.991561 -0.128456 9.694400 0.013289 0.128695 0.991595 -1.109700 0.000000 0.000000 0.000000 1.000000
0.999802 0.003840 0.019525 0.000000 -0.001533 0.993148 -0.116854 9.694400 -0.019840 0.116801 0.992957 -1.109700 0.000000 0.000000 0.000000 1.000000
0.998703 -0.010576 0.049797 0.000000 0.015845 0.994174 -0.106619 9.694400 -0.048379 0.107270 0.993052 -1.109700 0.000000 0.000000 0.000000 1.000000
0.997110 -0.029534 0.069996 0.000000 0.036103 0.994868 -0.094524 9.694400 -0.066845 0.096778 0.993059 -1.109700 0.000000 0.000000 0.000000 1.000000
0.995334 -0.053015 0.080623 0.000000 0.059174 0.995349 -0.076018 9.694400 -0.076218 0.080434 0.993842 -1.109700 0.000000 0.000000 0.000000 1.000000
0.993162 -0.076857 0.087870 -0.000000 0.081592 0.995328 -0.051616 9.694400 -0.083493 0.058433 0.994794 -1.109700 0.000000 0.000000 0.000000 1.000000
0.991574 -0.088766 0.094352 0.000000 0.091718 0.995408 -0.027411 9.694400 -0.091486 0.035834 0.995161 -1.109700 0.000000 0.000000 0.000000 1.000000
0.992023 -0.081472 0.096190 -0.000000 0.082788 0.996519 -0.009761 9.694400 -0.095060 0.017647 0.995315 -1.109700 0.000000 0.000000 0.000000 1.000000
0.994093 -0.063272 0.088178 -0.000000 0.063649 0.997971 -0.001460 9.694400 -0.087907 0.007064 0.996104 -1.109700 0.000000 0.000000 0.000000 1.000000
0.995955 -0.049104 0.075252 0.000000 0.049371 0.998779 -0.001689 9.694400 -0.075077 0.005398 0.997163 -1.109700 0.000000 0.000000 0.000000 1.000000
0.996595 -0.041645 0.071162 0.000000 0.042246 0.999083 -0.006952 9.694400 -0.070807 0.009934 0.997441 -1.109700 0.000000 0.000000 0.000000 1.000000
0.995918 -0.037542 0.082088 0.000000 0.038706 0.999171 -0.012643 9.694400 -0.081546 0.015769 0.996545 -1.109700 0.000000 0.000000 0.000000 1.000000
0.994680 -0.032013 0.097913 -0.000000 0.033729 0.999304 -0.015913 9.694400 -0.097335 0.019131 0.995068 -1.109700 0.000000 0.000000 0.000000 1.000000
0.994318 -0.028807 0.102477 0.000000 0.030566 0.999410 -0.015642 9.694400 -0.101966 0.018685 0.994612 -1.109700 0.000000 0.000000 0.000000 1.000000
0.995262 -0.032756 0.091548 0.000000 0.033964 0.999355 -0.011665 9.694400 -0.091107 0.014719 0.995732 -1.109700 0.000000 0.000000 0.000000 1.000000
0.996221 -0.040083 0.077048 0.000000 0.040553 0.999167 -0.004537 9.694400 -0.076802 0.007644 0.997017 -1.109700 0.000000 0.000000 0.000000 1.000000
0.996372 -0.043789 0.072978 0.000000 0.043564 0.999040 0.004673 9.694400 -0.073113 -0.001477 0.997323 -1.109700 0.000000 0.000000 0.000000 1.000000
0.995889 -0.042213 0.080146 0.000000 0.041158 0.999043 0.014770 9.694400 -0.080693 -0.011411 0.996674 -1.109700 0.000000 0.000000 0.000000 1.000000
0.995428 -0.038945 0.087212 -0.000000 0.036905 0.999009 0.024876 9.694400 -0.088094 -0.021544 0.995879 -1.109700 0.000000 0.000000 0.000000 1.000000
0.995736 -0.037225 0.084403 -0.000000 0.034425 0.998815 0.034392 9.694400 -0.085583 -0.031339 0.995838 -1.109700 0.000000 0.000000 0.000000 1.000000
0.996617 -0.037828 0.072969 0.000000 0.034796 0.998495 0.042389 9.694400 -0.074463 -0.039707 0.996433 -1.109700 0.000000 0.000000 0.000000 1.000000
0.997284 -0.040455 0.061547 0.000000 0.037564 0.998168 0.047439 9.694400 -0.063354 -0.044998 0.996976 -1.109700 0.000000 0.000000 0.000000 1.000000
0.997435 -0.044375 0.056166 0.000000 0.041655 0.997944 0.048711 9.694400 -0.058212 -0.046246 0.997233 -1.109700 0.000000 0.000000 0.000000 1.000000
0.997296 -0.048248 0.055440 0.000000 0.045661 0.997850 0.047017 9.694400 -0.057590 -0.044359 0.997354 -1.109700 0.000000 0.000000 0.000000 1.000000
0.997227 -0.050857 0.054334 0.000000 0.048476 0.997843 0.044270 9.694400 -0.056468 -0.041514 0.997541 -1.109700 0.000000 0.000000 0.000000 1.000000
0.997382 -0.052003 0.050253 0.000000 0.049902 0.997863 0.042190 9.694400 -0.052340 -0.039571 0.997845 -1.109700 0.000000 0.000000 0.000000 1.000000
0.997637 -0.052210 0.044656 0.000000 0.050350 0.997856 0.041801 9.694400 -0.046742 -0.039454 0.998128 -1.109700 0.000000 0.000000 0.000000 1.000000
0.997848 -0.051875 0.040108 0.000000 0.050122 0.997793 0.043552 9.694400 -0.042279 -0.041448 0.998246 -1.109700 0.000000 0.000000 0.000000 1.000000
0.997990 -0.051138 0.037431 0.000000 0.049356 0.997671 0.047089 9.694400 -0.039751 -0.045146 0.998189 -1.109700 0.000000 0.000000 0.000000 1.000000
0.998099 -0.050244 0.035702 0.000000 0.048389 0.997524 0.051039 9.694400 -0.038178 -0.049215 0.998058 -1.109700 0.000000 0.000000 0.000000 1.000000
0.998197 -0.049616 0.033785 0.000000 0.047757 0.997411 0.053773 9.694400 -0.036366 -0.052062 0.997981 -1.109700 0.000000 0.000000 0.000000 1.000000
0.998294 -0.049358 0.031194 -0.000000 0.047602 0.997367 0.054714 9.694400 -0.033813 -0.053135 0.998015 -1.109700 0.000000 0.000000 0.000000 1.000000
0.998401 -0.049092 0.028032 -0.000000 0.047505 0.997372 0.054709 9.694400 -0.030644 -0.053290 0.998109 -1.109700 0.000000 0.000000 0.000000 1.000000
0.998524 -0.048378 0.024691 -0.000000 0.046963 0.997382 0.054994 9.694400 -0.027287 -0.053753 0.998181 -1.109700 0.000000 0.000000 0.000000 1.000000
0.998655 -0.047142 0.021597 -0.000000 0.045865 0.997364 0.056219 9.694400 -0.024190 -0.055153 0.998185 -1.109700 0.000000 0.000000 0.000000 1.000000</float_array><technique_common><accessor source="#mixamorig7_Spine-Matrix-animation-output-transform-array" count="66" stride="16"><param type="float4x4"/></accessor></technique_common></source><source id="mixamorig7_Spine-Interpolations"><Name_array id="mixamorig7_Spine-Interpolations-array" count="66">
 LINEAR LINEAR LINEAR LINEAR LINEAR LINEAR LINEAR LINEAR LINEAR LINEAR LINEAR
LINEAR LINEAR LINEAR LINEAR LINEAR LINEAR LINEAR LINEAR LINEAR LINEAR LINEAR LINEAR
LINEAR LINEAR LINEAR LINEAR LINEAR LINEAR LINEAR LINEAR LINEAR LINEAR LINEAR LINEAR
LINEAR LINEAR LINEAR LINEAR LINEAR LINEAR LINEAR LINEAR LINEAR LINEAR LINEAR LINEAR
LINEAR LINEAR LINEAR LINEAR LINEAR LINEAR LINEAR LINEAR LINEAR LINEAR LINEAR LINEAR
LINEAR LINEAR LINEAR LINEAR LINEAR LINEAR LINEAR</Name_array><technique_common><accessor source="#mixamorig7_Spine-Interpolations-array" count="66"><param type="name"/></accessor></technique_common></source><sampler id="mixamorig7_Spine-Matrix-animation-transform"><input semantic="INPUT" source="#mixamorig7_Spine-Matrix-animation-input"/><input semantic="OUTPUT" source="#mixamorig7_Spine-Matrix-animation-output-transform"/><input semantic="INTERPOLATION" source="#mixamorig7_Spine-Interpolations"/></sampler><channel source="#mixamorig7_Spine-Matrix-animation-transform" target="mixamorig7_Spine/matrix"/></animation>
    <animation id="mixamorig7_Spine1-anim" name="mixamorig7_Spine1"><source id="mixamorig7_Spine1-Matrix-animation-input"><float_array id="mixamorig7_Spine1-Matrix-animation-input-array" count="66">

0.000000 0.033333 0.066667 0.100000 0.133333 0.166667 0.200000 0.233333 0.266667 0.300000 0.333333 0.366667 0.400000 0.433333 0.466667 0.500000
0.533333 0.566667 0.600000 0.633333 0.666667 0.700000 0.733333 0.766667 0.800000 0.833333 0.866667 0.900000 0.933333 0.966667 1.000000 1.033333
1.066667 1.100000 1.133333 1.166667 1.200000 1.233333 1.266667 1.300000 1.333333 1.366667 1.400000 1.433333 1.466667 1.500000 1.533333 1.566667
1.600000 1.633333 1.666667 1.700000 1.733333 1.766667 1.800000 1.833333 1.866667 1.900000 1.933333 1.966667 2.000000 2.033333 2.066667 2.100000
2.133333 2.166667</float_array><technique_common><accessor source="#mixamorig7_Spine1-Matrix-animation-input-array" count="66"><param name="TIME" type="float"/></accessor></technique_common></source><source id="mixamorig7_Spine1-Matrix-animation-output-transform"><float_array id="mixamorig7_Spine1-Matrix-animation-output-transform-array" count="1056">

0.999615 -0.027596 0.002804 0.000000 0.027647 0.999415 -0.020144 11.384000 -0.002247 0.020214 0.999793 0.000000 0.000000 0.000000 0.000000 1.000000
0.999598 -0.028086 0.003893 -0.000000 0.028160 0.999391 -0.020629 11.384000 -0.003311 0.020730 0.999780 0.000000 0.000000 0.000000 0.000000 1.000000
0.999582 -0.028601 0.004230 0.000000 0.028686 0.999355 -0.021582 11.384000 -0.003610 0.021694 0.999758 -0.000000 0.000000 0.000000 0.000000 1.000000
0.999570 -0.029085 0.003598 0.000000 0.029160 0.999311 -0.022958 11.384000 -0.002928 0.023053 0.999730 -0.000000 0.000000 0.000000 0.000000 1.000000
0.999565 -0.029432 0.002105 0.000000 0.029475 0.999262 -0.024612 11.384000 -0.001379 0.024663 0.999695 0.000000 0.000000 0.000000 0.000000 1.000000
0.999569 -0.029373 0.000184 0.000000 0.029367 0.999220 -0.026412 11.384000 0.000592 0.026406 0.999651 0.000000 0.000000 0.000000 0.000000 1.000000
0.999594 -0.028451 -0.001822 0.000000 0.028388 0.999192 -0.028468 11.384000 0.002630 0.028404 0.999593 0.000000 0.000000 0.000000 0.000000 1.000000
0.999646 -0.026307 -0.004067 -0.000000 0.026167 0.999169 -0.031243 11.384000 0.004886 0.031125 0.999504 0.000000 0.000000 0.000000 0.000000 1.000000
0.999706 -0.023101 -0.007319 -0.000000 0.022828 0.999112 -0.035407 11.384000 0.008130 0.035230 0.999346 0.000000 0.000000 0.000000 0.000000 1.000000
0.999730 -0.019634 -0.012466 -0.000000 0.019103 0.998959 -0.041418 11.384000 0.013266 0.041169 0.999064 0.000000 0.000000 0.000000 0.000000 1.000000
0.999670 -0.016976 -0.019268 0.000000 0.016014 0.998669 -0.049025 11.384000 0.020075 0.048700 0.998612 0.000000 0.000000 0.000000 0.000000 1.000000
0.999558 -0.015796 -0.025170 -0.000000 0.014338 0.998265 -0.057105 11.384000 0.026029 0.056719 0.998051 0.000000 0.000000 0.000000 0.000000 1.000000
0.999528 -0.015865 -0.026307 0.000000 0.014150 0.997843 -0.064109 11.384000 0.027268 0.063707 0.997596 0.000000 0.000000 0.000000 0.000000 1.000000
0.999641 -0.016196 -0.021336 0.000000 0.014689 0.997509 -0.068987 11.384000 0.022400 0.068649 0.997389 0.000000 0.000000 0.000000 0.000000 1.000000
0.999775 -0.015987 -0.013932 -0.000000 0.014948 0.997311 -0.071747 11.384000 0.015041 0.071523 0.997326 0.000000 0.000000 0.000000 0.000000 1.000000
0.999833 -0.015643 -0.009424 0.000000 0.014916 0.997232 -0.072845 11.384000 0.010538 0.072692 0.997299 0.000000 0.000000 0.000000 0.000000 1.000000
0.999813 -0.016726 -0.009756 -0.000000 0.015980 0.997266 -0.072144 11.384000 0.010936 0.071975 0.997347 0.000000 0.000000 0.000000 0.000000 1.000000
0.999697 -0.020458 -0.013673 0.000000 0.019464 0.997408 -0.069273 11.384000 0.015055 0.068986 0.997504 -0.000000 0.000000 0.000000 0.000000 1.000000
0.999492 -0.025941 -0.018519 -0.000000 0.024691 0.997593 -0.064791 11.384000 0.020155 0.064300 0.997727 -0.000000 0.000000 0.000000 0.000000 1.000000
0.999354 -0.030305 -0.019322 -0.000000 0.029099 0.997782 -0.059875 11.384000 0.021093 0.059274 0.998019 -0.000000 0.000000 0.000000 0.000000 1.000000
0.999441 -0.031418 -0.011462 -0.000000 0.030742 0.998013 -0.055007 11.384000 0.013168 0.054624 0.998420 0.000000 0.000000 0.000000 0.000000 1.000000
0.999562 -0.029472 0.002636 0.000000 0.029567 0.998326 -0.049702 11.384000 -0.001167 0.049758 0.998761 0.000000 0.000000 0.000000 0.000000 1.000000
0.999600 -0.024789 0.013607 -0.000000 0.025360 0.998732 -0.043496 11.384000 -0.012512 0.043823 0.998961 0.000000 0.000000 0.000000 0.000000 1.000000
0.999772 -0.016174 0.013947 0.000000 0.016683 0.999168 -0.037225 11.384000 -0.013333 0.037450 0.999210 0.000000 0.000000 0.000000 0.000000 1.000000
0.999980 -0.003860 0.005080 0.000000 0.004028 0.999430 -0.033513 11.384000 -0.004948 0.033533 0.999425 0.000000 0.000000 0.000000 0.000000 1.000000
0.999959 0.007876 -0.004379 -0.000000 -0.008027 0.999333 -0.035637 11.384000 0.004095 0.035670 0.999355 -0.000000 0.000000 0.000000 0.000000 1.000000
0.999875 0.014316 -0.006678 0.000000 -0.014603 0.998876 -0.045103 11.384000 0.006025 0.045195 0.998960 -0.000000 0.000000 0.000000 0.000000 1.000000
0.999882 0.015296 -0.001714 -0.000000 -0.015371 0.998093 -0.059788 11.384000 0.000796 0.059808 0.998210 -0.000000 0.000000 0.000000 0.000000 1.000000
0.999894 0.013895 0.004376 0.000000 -0.013529 0.997113 -0.074713 11.384000 -0.005401 0.074646 0.997195 0.000000 0.000000 0.000000 0.000000 1.000000
0.999903 0.011896 0.007225 -0.000000 -0.011238 0.996301 -0.085193 11.384000 -0.008212 0.085104 0.996338 0.000000 0.000000 0.000000 0.000000 1.000000
0.999927 0.008422 0.008680 0.000000 -0.007612 0.995961 -0.089462 11.384000 -0.009399 0.089389 0.995952 0.000000 0.000000 0.000000 0.000000 1.000000
0.999915 0.002019 0.012852 -0.000000 -0.000868 0.996039 -0.088911 11.384000 -0.012980 0.088893 0.995957 0.000000 0.000000 0.000000 0.000000 1.000000
0.999765 -0.007128 0.020455 -0.000000 0.008869 0.996229 -0.086313 11.384000 -0.019762 0.086475 0.996058 -0.000000 0.000000 0.000000 0.000000 1.000000
0.999445 -0.017237 0.028493 -0.000000 0.019554 0.996343 -0.083178 11.384000 -0.026955 0.083689 0.996127 -0.000000 0.000000 0.000000 0.000000 1.000000
0.999066 -0.026451 0.034169 -0.000000 0.029065 0.996495 -0.078439 11.384000 -0.031974 0.079359 0.996333 -0.000000 0.000000 0.000000 0.000000 1.000000
0.998730 -0.033598 0.037550 -0.000000 0.036174 0.996879 -0.070175 11.384000 -0.035075 0.071444 0.996828 -0.000000 0.000000 0.000000 0.000000 1.000000
0.998461 -0.037790 0.040595 -0.000000 0.040145 0.997458 -0.058877 11.384000 -0.038267 0.060416 0.997439 0.000000 0.000000 0.000000 0.000000 1.000000
0.998281 -0.038280 0.044387 -0.000000 0.040420 0.998011 -0.048373 11.384000 -0.042447 0.050084 0.997843 0.000000 0.000000 0.000000 0.000000 1.000000
0.998252 -0.035222 0.047461 -0.000000 0.037262 0.998388 -0.042809 11.384000 -0.045877 0.044503 0.997955 0.000000 0.000000 0.000000 0.000000 1.000000
0.998425 -0.030350 0.047190 -0.000000 0.032386 0.998550 -0.043002 11.384000 -0.045816 0.044463 0.997960 -0.000000 0.000000 0.000000 0.000000 1.000000
0.998708 -0.026152 0.043576 0.000000 0.028161 0.998538 -0.046148 11.384000 -0.042305 0.047315 0.997984 -0.000000 0.000000 0.000000 0.000000 1.000000
0.998900 -0.023746 0.040435 0.000000 0.025710 0.998480 -0.048748 11.384000 -0.039216 0.049734 0.997992 0.000000 0.000000 0.000000 0.000000 1.000000
0.998921 -0.022175 0.040806 0.000000 0.024188 0.998481 -0.049505 11.384000 -0.039647 0.050439 0.997940 0.000000 0.000000 0.000000 0.000000 1.000000
0.998897 -0.020580 0.042202 0.000000 0.022653 0.998530 -0.049248 11.384000 -0.041126 0.050150 0.997895 -0.000000 0.000000 0.000000 0.000000 1.000000
0.999044 -0.019851 0.038955 -0.000000 0.021738 0.998580 -0.048634 11.384000 -0.037934 0.049435 0.998057 0.000000 0.000000 0.000000 0.000000 1.000000
0.999346 -0.020969 0.029448 0.000000 0.022341 0.998642 -0.047066 11.384000 -0.028421 0.047694 0.998458 0.000000 0.000000 0.000000 0.000000 1.000000
0.999554 -0.023149 0.018866 -0.000000 0.023959 0.998749 -0.043887 11.384000 -0.017826 0.044320 0.998858 0.000000 0.000000 0.000000 0.000000 1.000000
0.999600 -0.024819 0.013586 0.000000 0.025339 0.998898 -0.039509 11.384000 -0.012591 0.039838 0.999127 0.000000 0.000000 0.000000 0.000000 1.000000
0.999573 -0.025406 0.014431 0.000000 0.025897 0.999053 -0.034954 11.384000 -0.013530 0.035313 0.999285 0.000000 0.000000 0.000000 0.000000 1.000000
0.999535 -0.025365 0.016937 0.000000 0.025879 0.999188 -0.030890 11.384000 -0.016140 0.031314 0.999379 0.000000 0.000000 0.000000 0.000000 1.000000
0.999538 -0.025231 0.016932 0.000000 0.025689 0.999294 -0.027427 11.384000 -0.016228 0.027850 0.999480 0.000000 0.000000 0.000000 0.000000 1.000000
0.999578 -0.025327 0.014209 -0.000000 0.025671 0.999367 -0.024615 11.384000 -0.013576 0.024969 0.999596 0.000000 0.000000 0.000000 0.000000 1.000000
0.999601 -0.025899 0.011304 -0.000000 0.026151 0.999399 -0.022752 11.384000 -0.010708 0.023039 0.999677 0.000000 0.000000 0.000000 0.000000 1.000000
0.999586 -0.026936 0.010157 0.000000 0.027155 0.999387 -0.022082 11.384000 -0.009556 0.022349 0.999705 0.000000 0.000000 0.000000 0.000000 1.000000
0.999553 -0.028028 0.010444 0.000000 0.028256 0.999350 -0.022388 11.384000 -0.009809 0.022673 0.999695 0.000000 0.000000 0.000000 0.000000 1.000000
0.999530 -0.028744 0.010624 -0.000000 0.028983 0.999313 -0.023102 11.384000 -0.009953 0.023399 0.999677 -0.000000 0.000000 0.000000 0.000000 1.000000
0.999530 -0.029030 0.009855 -0.000000 0.029256 0.999291 -0.023702 11.384000 -0.009160 0.023979 0.999670 0.000000 0.000000 0.000000 0.000000 1.000000
0.999540 -0.029078 0.008580 0.000000 0.029275 0.999286 -0.023869 11.384000 -0.007880 0.024109 0.999678 0.000000 0.000000 0.000000 0.000000 1.000000
0.999551 -0.028994 0.007618 0.000000 0.029165 0.999299 -0.023451 11.384000 -0.006932 0.023663 0.999696 0.000000 0.000000 0.000000 0.000000 1.000000
0.999560 -0.028780 0.007218 0.000000 0.028936 0.999327 -0.022535 11.384000 -0.006565 0.022734 0.999720 0.000000 0.000000 0.000000 0.000000 1.000000
0.999568 -0.028523 0.007046 -0.000000 0.028669 0.999358 -0.021508 11.384000 -0.006428 0.021701 0.999744 -0.000000 0.000000 0.000000 0.000000 1.000000
0.999575 -0.028377 0.006693 -0.000000 0.028511 0.999376 -0.020831 11.384000 -0.006098 0.021013 0.999761 0.000000 0.000000 0.000000 0.000000 1.000000
0.999580 -0.028357 0.005992 0.000000 0.028475 0.999381 -0.020642 11.384000 -0.005403 0.020804 0.999769 0.000000 0.000000 0.000000 0.000000 1.000000
0.999587 -0.028297 0.004997 -0.000000 0.028394 0.999383 -0.020668 11.384000 -0.004410 0.020802 0.999774 0.000000 0.000000 0.000000 0.000000 1.000000
0.999599 -0.028046 0.003875 0.000000 0.028119 0.999393 -0.020556 11.384000 -0.003296 0.020657 0.999781 0.000000 0.000000 0.000000 0.000000 1.000000
0.999615 -0.027596 0.002804 0.000000 0.027647 0.999415 -0.020144 11.384000 -0.002247 0.020214 0.999793 0.000000 0.000000 0.000000 0.000000 1.000000</float_array><technique_common><accessor source="#mixamorig7_Spine1-Matrix-animation-output-transform-array" count="66" stride="16"><param type="float4x4"/></accessor></technique_common></source><source id="mixamorig7_Spine1-Interpolations"><Name_array id="mixamorig7_Spine1-Interpolations-array" count="66">
 LINEAR LINEAR LINEAR LINEAR LINEAR LINEAR LINEAR LINEAR LINEAR LINEAR LINEAR
LINEAR LINEAR LINEAR LINEAR LINEAR LINEAR LINEAR LINEAR LINEAR LINEAR LINEAR LINEAR
LINEAR LINEAR LINEAR LINEAR LINEAR LINEAR LINEAR LINEAR LINEAR LINEAR LINEAR LINEAR
LINEAR LINEAR LINEAR LINEAR LINEAR LINEAR LINEAR LINEAR LINEAR LINEAR LINEAR LINEAR
LINEAR LINEAR LINEAR LINEAR LINEAR LINEAR LINEAR LINEAR LINEAR LINEAR LINEAR LINEAR
LINEAR LINEAR LINEAR LINEAR LINEAR LINEAR LINEAR</Name_array><technique_common><accessor source="#mixamorig7_Spine1-Interpolations-array" count="66"><param type="name"/></accessor></technique_common></source><sampler id="mixamorig7_Spine1-Matrix-animation-transform"><input semantic="INPUT" source="#mixamorig7_Spine1-Matrix-animation-input"/><input semantic="OUTPUT" source="#mixamorig7_Spine1-Matrix-animation-output-transform"/><input semantic="INTERPOLATION" source="#mixamorig7_Spine1-Interpolations"/></sampler><channel source="#mixamorig7_Spine1-Matrix-animation-transform" target="mixamorig7_Spine1/matrix"/></animation>
    <animation id="mixamorig7_Spine2-anim" name="mixamorig7_Spine2"><source id="mixamorig7_Spine2-Matrix-animation-input"><float_array id="mixamorig7_Spine2-Matrix-animation-input-array" count="66">

0.000000 0.033333 0.066667 0.100000 0.133333 0.166667 0.200000 0.233333 0.266667 0.300000 0.333333 0.366667 0.400000 0.433333 0.466667 0.500000
0.533333 0.566667 0.600000 0.633333 0.666667 0.700000 0.733333 0.766667 0.800000 0.833333 0.866667 0.900000 0.933333 0.966667 1.000000 1.033333
1.066667 1.100000 1.133333 1.166667 1.200000 1.233333 1.266667 1.300000 1.333333 1.366667 1.400000 1.433333 1.466667 1.500000 1.533333 1.566667
1.600000 1.633333 1.666667 1.700000 1.733333 1.766667 1.800000 1.833333 1.866667 1.900000 1.933333 1.966667 2.000000 2.033333 2.066667 2.100000
2.133333 2.166667</float_array><technique_common><accessor source="#mixamorig7_Spine2-Matrix-animation-input-array" count="66"><param name="TIME" type="float"/></accessor></technique_common></source><source id="mixamorig7_Spine2-Matrix-animation-output-transform"><float_array id="mixamorig7_Spine2-Matrix-animation-output-transform-array" count="1056">

0.999611 -0.027693 0.003181 0.000000 0.027750 0.999421 -0.019693 13.010300 -0.002634 0.019774 0.999801 -0.000000 0.000000 0.000000 0.000000 1.000000
0.999594 -0.028185 0.004269 -0.000000 0.028266 0.999397 -0.020175 13.010300 -0.003697 0.020287 0.999787 -0.000000 0.000000 0.000000 0.000000 1.000000
0.999577 -0.028707 0.004605 -0.000000 0.028798 0.999362 -0.021127 13.010300 -0.003996 0.021250 0.999766 -0.000000 0.000000 0.000000 0.000000 1.000000
0.999566 -0.029205 0.003969 0.000000 0.029287 0.999318 -0.022502 13.010300 -0.003309 0.022609 0.999739 -0.000000 0.000000 0.000000 0.000000 1.000000
0.999560 -0.029575 0.002467 0.000000 0.029626 0.999269 -0.024156 13.010300 -0.001751 0.024218 0.999705 0.000000 0.000000 0.000000 0.000000 1.000000
0.999563 -0.029547 0.000530 -0.000000 0.029551 0.999226 -0.025953 13.010300 0.000237 0.025958 0.999663 0.000000 0.000000 0.000000 0.000000 1.000000
0.999588 -0.028665 -0.001493 0.000000 0.028612 0.999198 -0.028006 13.010300 0.002295 0.027952 0.999607 0.000000 0.000000 0.000000 0.000000 1.000000
0.999640 -0.026566 -0.003751 0.000000 0.026438 0.999176 -0.030783 13.010300 0.004566 0.030672 0.999519 0.000000 0.000000 0.000000 0.000000 1.000000
0.999701 -0.023408 -0.007009 -0.000000 0.023150 0.999121 -0.034960 13.010300 0.007821 0.034787 0.999364 0.000000 0.000000 0.000000 0.000000 1.000000
0.999726 -0.019993 -0.012178 0.000000 0.019479 0.998970 -0.040985 13.010300 0.012985 0.040736 0.999086 0.000000 0.000000 0.000000 0.000000 1.000000
