<?xml version="1.0" encoding="utf-8"?>
<COLLADA xmlns="http://www.collada.org/2005/11/COLLADASchema" version="1.4.1">
  <asset><contributor><author>Mixamo</author><authoring_tool>COLLADA Mixamo exporter</authoring_tool><comments></comments></contributor><created>2020-08-07T15:12:13Z</created><modified>2020-08-07T15:12:13Z</modified><revision></revision><title></title><unit meter="0.010000"/><up_axis>Y_UP</up_axis></asset>
  <library_animations>
    <animation id="mixamorig7_Hips-anim" name="mixamorig7_Hips"><source id="mixamorig7_Hips-Matrix-animation-input"><float_array id="mixamorig7_Hips-Matrix-animation-input-array" count="99">

0.000000 0.033333 0.066667 0.100000 0.133333 0.166667 0.200000 0.233333 0.266667 0.300000 0.333333 0.366667 0.400000 0.433333 0.466667 0.500000
0.533333 0.566667 0.600000 0.633333 0.666667 0.700000 0.733333 0.766667 0.800000 0.833333 0.866667 0.900000 0.933333 0.966667 1.000000 1.033333
1.066667 1.100000 1.133333 1.166667 1.200000 1.233333 1.266667 1.300000 1.333333 1.366667 1.400000 1.433333 1.466667 1.500000 1.533333 1.566667
1.600000 1.633333 1.666667 1.700000 1.733333 1.766667 1.800000 1.833333 1.866667 1.900000 1.933333 1.966667 2.000000 2.033333 2.066667 2.100000
2.133333 2.166667 2.200000 2.233333 2.266667 2.300000 2.333333 2.366667 2.400000 2.433333 2.466667 2.500000 2.533333 2.566667 2.600000 2.633333
2.666667 2.700000 2.733333 2.766667 2.800000 2.833333 2.866667 2.900000 2.933333 2.966667 3.000000 3.033333 3.066667 3.100000 3.133333 3.166667
3.200000 3.233333 3.266667</float_array><technique_common><accessor source="#mixamorig7_Hips-Matrix-animation-input-array" count="99"><param name="TIME" type="float"/></accessor></technique_common></source><source id="mixamorig7_Hips-Matrix-animation-output-transform"><float_array id="mixamorig7_Hips-Matrix-animation-output-transform-array" count="1584">

0.730069 0.052155 -0.681380 -0.293560 0.001119 0.996991 0.077512 93.101013 0.683372 -0.057352 0.727814 0.183662 0.000000 0.000000 0.000000 1.000000
0.730069 0.052155 -0.681380 -0.293560 0.001119 0.996991 0.077512 93.101013 0.683372 -0.057352 0.727814 0.183662 0.000000 0.000000 0.000000 1.000000
0.732135 0.052512 -0.679132 -0.276622 -0.000583 0.997072 0.076467 93.068794 0.681159 -0.055588 0.730022 0.169135 0.000000 0.000000 0.000000 1.000000
0.735110 0.053109 -0.675865 -0.208027 -0.004680 0.997301 0.073277 92.975037 0.677932 -0.050703 0.733374 0.162912 0.000000 0.000000 0.000000 1.000000
0.737164 0.053681 -0.673578 -0.077586 -0.009542 0.997567 0.069059 92.848259 0.675647 -0.044480 0.735882 0.211815 0.000000 0.000000 0.000000 1.000000
0.739742 0.054028 -0.670718 0.123114 -0.015246 0.997861 0.063565 92.689232 0.672718 -0.036795 0.738983 0.354690 0.000000 0.000000 0.000000 1.000000
0.742967 0.053584 -0.667180 0.353099 -0.021337 0.998180 0.056407 92.529434 0.668988 -0.027673 0.742758 0.634799 0.000000 0.000000 0.000000 1.000000
0.745861 0.051793 -0.664084 0.602791 -0.026560 0.998492 0.048043 92.390831 0.665571 -0.018195 0.746112 1.055196 0.000000 0.000000 0.000000 1.000000
0.748750 0.048782 -0.661055 0.904009 -0.031497 0.998780 0.038029 92.286263 0.662104 -0.007653 0.749373 1.649781 0.000000 0.000000 0.000000 1.000000
0.750785 0.044720 -0.659031 1.281715 -0.035954 0.998993 0.026829 92.205894 0.659568 0.003552 0.751637 2.398067 0.000000 0.000000 0.000000 1.000000
0.751931 0.040160 -0.658017 1.731055 -0.040384 0.999074 0.014828 92.141434 0.658004 0.015423 0.752857 3.283317 0.000000 0.000000 0.000000 1.000000
0.749162 0.035581 -0.661431 2.280365 -0.046497 0.998918 0.001071 92.155479 0.660753 0.029952 0.750006 4.314758 0.000000 0.000000 0.000000 1.000000
0.742255 0.031380 -0.669382 2.891913 -0.052725 0.998541 -0.011655 92.290970 0.668040 0.043944 0.742827 5.518409 0.000000 0.000000 0.000000 1.000000
0.737524 0.027829 -0.674747 3.523802 -0.059862 0.997911 -0.024274 92.524200 0.672662 0.058294 0.737650 6.835661 0.000000 0.000000 0.000000 1.000000
0.726660 0.020501 -0.686691 4.219744 -0.069991 0.996563 -0.044313 92.900223 0.683422 0.080263 0.725598 8.189715 0.000000 0.000000 0.000000 1.000000
0.713359 0.015620 -0.700624 4.929866 -0.081365 0.994836 -0.060665 93.348343 0.696059 0.100282 0.710947 9.527297 0.000000 0.000000 0.000000 1.000000
0.697082 0.014104 -0.716853 5.571444 -0.093077 0.993126 -0.070970 93.815613 0.710924 0.116195 0.693603 10.796353 0.000000 0.000000 0.000000 1.000000
0.682289 0.013916 -0.730950 6.147799 -0.106221 0.991096 -0.080282 94.262070 0.723325 0.132418 0.677692 11.940859 0.000000 0.000000 0.000000 1.000000
0.671641 0.015699 -0.740710 6.647058 -0.119513 0.988977 -0.087408 94.705475 0.731174 0.147232 0.666114 13.011314 0.000000 0.000000 0.000000 1.000000
0.660042 0.017699 -0.751020 7.071154 -0.131369 0.987037 -0.092194 95.111351 0.739653 0.159513 0.653811 13.982143 0.000000 0.000000 0.000000 1.000000
0.648601 0.021319 -0.760830 7.365970 -0.141438 0.985573 -0.092958 95.429840 0.747871 0.167903 0.642259 14.893373 0.000000 0.000000 0.000000 1.000000
0.638530 0.024306 -0.769213 7.531150 -0.150508 0.984145 -0.093840 95.622604 0.754737 0.175692 0.632064 15.706644 0.000000 0.000000 0.000000 1.000000
0.629809 0.026853 -0.776285 7.585726 -0.158478 0.982822 -0.094577 95.693428 0.760411 0.182590 0.623246 16.379566 0.000000 0.000000 0.000000 1.000000
0.620028 0.025273 -0.784172 7.606261 -0.163239 0.981764 -0.097429 95.665848 0.767410 0.188416 0.612847 16.946260 0.000000 0.000000 0.000000 1.000000
0.611264 0.023156 -0.791088 7.619486 -0.167915 0.980609 -0.101042 95.685509 0.773409 0.194599 0.603300 17.557831 0.000000 0.000000 0.000000 1.000000
0.604583 0.022093 -0.796236 7.611363 -0.171212 0.979855 -0.102814 95.728874 0.777924 0.198485 0.596186 18.173187 0.000000 0.000000 0.000000 1.000000
0.599364 0.019480 -0.800240 7.551982 -0.170395 0.979897 -0.103769 95.653893 0.782131 0.198553 0.590634 18.687447 0.000000 0.000000 0.000000 1.000000
0.597162 0.016770 -0.801945 7.404560 -0.167278 0.980403 -0.104061 95.383057 0.784484 0.196289 0.588265 19.080143 0.000000 0.000000 0.000000 1.000000
0.597222 0.018660 -0.801859 7.239605 -0.169573 0.980069 -0.103490 95.357925 0.783946 0.197779 0.588483 19.567850 0.000000 0.000000 0.000000 1.000000
0.594036 0.018261 -0.804231 7.182558 -0.169578 0.980119 -0.103001 95.294731 0.786362 0.197566 0.585323 20.066513 0.000000 0.000000 0.000000 1.000000
0.584936 0.019032 -0.810856 7.116627 -0.172345 0.979811 -0.101328 95.351776 0.792558 0.199017 0.576406 20.660938 0.000000 0.000000 0.000000 1.000000
0.572154 0.016841 -0.819973 7.191423 -0.175303 0.979194 -0.102211 95.461792 0.801192 0.202224 0.563202 21.310822 0.000000 0.000000 0.000000 1.000000
0.553431 0.012226 -0.832805 7.412260 -0.179978 0.978024 -0.105245 95.747986 0.813217 0.208133 0.543469 22.093649 0.000000 0.000000 0.000000 1.000000
0.527909 0.005270 -0.849285 7.739688 -0.185969 0.976431 -0.109538 96.105812 0.828690 0.215767 0.516446 22.832563 0.000000 0.000000 0.000000 1.000000
0.501249 -0.000910 -0.865302 8.121469 -0.190109 0.975451 -0.111151 96.468918 0.844161 0.220216 0.488771 23.372889 0.000000 0.000000 0.000000 1.000000
0.483804 -0.003847 -0.875168 8.478843 -0.193899 0.974668 -0.111474 96.883873 0.853427 0.223625 0.470802 23.738819 0.000000 0.000000 0.000000 1.000000
0.483696 -0.005231 -0.875221 8.678627 -0.195005 0.974202 -0.113593 97.133598 0.853236 0.225617 0.470197 23.894133 0.000000 0.000000 0.000000 1.000000
0.490725 -0.007821 -0.871279 8.765690 -0.190938 0.974689 -0.116290 97.084099 0.850136 0.223427 0.476811 23.863220 0.000000 0.000000 0.000000 1.000000
0.495916 -0.010678 -0.868305 8.771382 -0.183740 0.975994 -0.116942 96.783722 0.848709 0.217536 0.482049 23.749462 0.000000 0.000000 0.000000 1.000000
0.498263 -0.012355 -0.866938 8.708245 -0.177895 0.977168 -0.116169 96.490112 0.848579 0.212106 0.484689 23.720913 0.000000 0.000000 0.000000 1.000000
0.496326 -0.010214 -0.868076 8.666388 -0.179377 0.977146 -0.114058 96.533798 0.849402 0.212323 0.483151 23.900520 0.000000 0.000000 0.000000 1.000000
0.489935 -0.011086 -0.871688 8.705414 -0.180194 0.977037 -0.113705 96.593903 0.852932 0.212781 0.476687 24.069118 0.000000 0.000000 0.000000 1.000000
0.479393 -0.014100 -0.877487 8.773211 -0.182745 0.976349 -0.115527 96.745773 0.858363 0.215740 0.465478 24.158682 0.000000 0.000000 0.000000 1.000000
0.470889 -0.015505 -0.882056 8.817225 -0.187080 0.975350 -0.117019 96.988953 0.862128 0.220118 0.456381 24.127693 0.000000 0.000000 0.000000 1.000000
0.468476 -0.014589 -0.883356 8.801387 -0.191432 0.974433 -0.117617 97.257309 0.862487 0.224203 0.453705 23.963444 0.000000 0.000000 0.000000 1.000000
0.468701 -0.016362 -0.883206 8.766807 -0.192569 0.973890 -0.120235 97.425117 0.862112 0.226432 0.453312 23.658409 0.000000 0.000000 0.000000 1.000000
0.468315 -0.019206 -0.883353 8.727124 -0.192466 0.973539 -0.123203 97.560852 0.862344 0.227714 0.452226 23.279650 0.000000 0.000000 0.000000 1.000000
0.469068 -0.022433 -0.882877 8.666559 -0.191124 0.973410 -0.126276 97.683578 0.862234 0.227971 0.452308 22.800232 0.000000 0.000000 0.000000 1.000000
0.470189 -0.025886 -0.882186 8.574401 -0.188444 0.973574 -0.129006 97.736229 0.862213 0.226900 0.452886 22.220287 0.000000 0.000000 0.000000 1.000000
0.471667 -0.029575 -0.881281 8.435553 -0.184717 0.973948 -0.131546 97.735649 0.862212 0.224833 0.453916 21.612852 0.000000 0.000000 0.000000 1.000000
0.473802 -0.033452 -0.879996 8.241528 -0.179820 0.974549 -0.133864 97.680122 0.862077 0.221666 0.455728 20.956427 0.000000 0.000000 0.000000 1.000000
0.476321 -0.037367 -0.878477 7.976455 -0.173131 0.975551 -0.135370 97.620918 0.862058 0.216571 0.458207 20.230295 0.000000 0.000000 0.000000 1.000000
0.480467 -0.042711 -0.875972 7.673527 -0.166150 0.976292 -0.138735 97.581169 0.861131 0.212201 0.461979 19.426125 0.000000 0.000000 0.000000 1.000000
0.487720 -0.047568 -0.871703 7.332493 -0.159765 0.976788 -0.142691 97.557854 0.858257 0.208861 0.468799 18.548271 0.000000 0.000000 0.000000 1.000000
0.497048 -0.051788 -0.866176 6.980957 -0.153342 0.977265 -0.146424 97.486214 0.854066 0.205601 0.477807 17.596647 0.000000 0.000000 0.000000 1.000000
0.506798 -0.055387 -0.860284 6.612541 -0.147203 0.977718 -0.149666 97.380394 0.849404 0.202486 0.487352 16.600998 0.000000 0.000000 0.000000 1.000000
0.516666 -0.059732 -0.854101 6.182888 -0.138668 0.978555 -0.152320 97.197891 0.844883 0.197135 0.497303 15.476676 0.000000 0.000000 0.000000 1.000000
0.527975 -0.065050 -0.846765 5.677125 -0.126758 0.979857 -0.154310 96.961029 0.839747 0.188806 0.509095 14.246388 0.000000 0.000000 0.000000 1.000000
0.540666 -0.069870 -0.838331 5.107847 -0.112994 0.981483 -0.154674 96.635429 0.833614 0.178353 0.522759 12.905229 0.000000 0.000000 0.000000 1.000000
0.556739 -0.072327 -0.827533 4.414941 -0.097462 0.983634 -0.151540 96.211914 0.824950 0.165021 0.540578 11.396650 0.000000 0.000000 0.000000 1.000000
0.577135 -0.072251 -0.813446 3.628292 -0.080743 0.986150 -0.144878 95.746010 0.812647 0.149294 0.563308 9.842339 0.000000 0.000000 0.000000 1.000000
0.600441 -0.069804 -0.796617 2.766474 -0.065891 0.988476 -0.136281 95.319817 0.796950 0.134319 0.588922 8.341785 0.000000 0.000000 0.000000 1.000000
0.622358 -0.067178 -0.779845 1.900823 -0.053650 0.990306 -0.128123 94.967712 0.780892 0.121577 0.612720 6.893906 0.000000 0.000000 0.000000 1.000000
0.635788 -0.067102 -0.768941 1.134732 -0.041384 0.991818 -0.120769 94.706200 0.770753 0.108606 0.627809 5.535529 0.000000 0.000000 0.000000 1.000000
0.641597 -0.067438 -0.764072 0.455056 -0.029492 0.993222 -0.112428 94.618408 0.766475 0.094668 0.635259 4.367133 0.000000 0.000000 0.000000 1.000000
0.643884 -0.067582 -0.762133 -0.148365 -0.018640 0.994410 -0.103927 94.668839 0.764896 0.081123 0.639025 3.346104 0.000000 0.000000 0.000000 1.000000
0.645382 -0.066697 -0.760942 -0.717791 -0.006572 0.995659 -0.092844 94.859230 0.763831 0.064921 0.642142 2.541996 0.000000 0.000000 0.000000 1.000000
0.648003 -0.067375 -0.758652 -1.230604 0.004944 0.996431 -0.084268 95.077103 0.761622 0.050855 0.646024 1.893859 0.000000 0.000000 0.000000 1.000000
0.649855 -0.066083 -0.757180 -1.689008 0.015118 0.997140 -0.074051 95.267586 0.759908 0.036675 0.648995 1.391587 0.000000 0.000000 0.000000 1.000000
0.654908 -0.063946 -0.752998 -2.096745 0.025130 0.997705 -0.062871 95.404411 0.755290 0.022252 0.655012 1.030118 0.000000 0.000000 0.000000 1.000000
0.658933 -0.063264 -0.749536 -2.410723 0.033856 0.997941 -0.054468 95.505173 0.751439 0.010514 0.659719 0.804466 0.000000 0.000000 0.000000 1.000000
0.664133 -0.061815 -0.745055 -2.682611 0.040811 0.998088 -0.046431 95.540230 0.746500 0.000430 0.665385 0.653643 0.000000 0.000000 0.000000 1.000000
0.669953 -0.058583 -0.740088 -2.905707 0.045279 0.998250 -0.038030 95.521439 0.741021 -0.008032 0.671433 0.585820 0.000000 0.000000 0.000000 1.000000
0.673992 -0.055595 -0.736644 -3.036064 0.048176 0.998349 -0.031267 95.458717 0.737166 -0.014415 0.675558 0.588831 0.000000 0.000000 0.000000 1.000000
0.676937 -0.051737 -0.734220 -3.078442 0.048336 0.998498 -0.025795 95.355728 0.734452 -0.018028 0.678421 0.649024 0.000000 0.000000 0.000000 1.000000
0.679966 -0.047472 -0.731705 -3.103335 0.048017 0.998643 -0.020170 95.189117 0.731670 -0.021419 0.681322 0.751762 0.000000 0.000000 0.000000 1.000000
0.683065 -0.042802 -0.729103 -3.173488 0.047189 0.998782 -0.014425 94.916168 0.728832 -0.024552 0.684252 0.873103 0.000000 0.000000 0.000000 1.000000
0.686212 -0.037758 -0.726421 -3.225784 0.045866 0.998911 -0.008594 94.472603 0.725954 -0.027421 0.687196 1.023745 0.000000 0.000000 0.000000 1.000000
0.689388 -0.032391 -0.723668 -3.251101 0.044093 0.999024 -0.002711 93.887947 0.723050 -0.030040 0.690143 1.209567 0.000000 0.000000 0.000000 1.000000
0.692560 -0.026825 -0.720861 -3.185055 0.042021 0.999112 0.003191 93.276314 0.720135 -0.032501 0.693072 1.388856 0.000000 0.000000 0.000000 1.000000
0.695706 -0.021158 -0.718015 -3.061311 0.039757 0.999168 0.009080 92.827629 0.717225 -0.034863 0.695969 1.559737 0.000000 0.000000 0.000000 1.000000
0.698793 -0.015355 -0.715159 -2.926942 0.037524 0.999180 0.015212 92.417274 0.714339 -0.037466 0.698796 1.678289 0.000000 0.000000 0.000000 1.000000
0.701831 -0.009585 -0.712279 -2.737163 0.034990 0.999166 0.021031 92.173332 0.711483 -0.039683 0.701582 1.735565 0.000000 0.000000 0.000000 1.000000
0.704809 -0.003811 -0.709387 -2.531657 0.032316 0.999120 0.026740 92.211044 0.708660 -0.041771 0.704312 1.845225 0.000000 0.000000 0.000000 1.000000
0.707693 0.001864 -0.706518 -2.359118 0.029618 0.999039 0.032303 92.484604 0.705899 -0.043786 0.706958 1.825617 0.000000 0.000000 0.000000 1.000000
0.710468 0.007442 -0.703690 -2.065620 0.026866 0.998928 0.037689 92.899132 0.703217 -0.045682 0.709507 1.810876 0.000000 0.000000 0.000000 1.000000
0.713123 0.012942 -0.700920 -1.776832 0.024006 0.998792 0.042866 93.261284 0.700628 -0.047395 0.711951 1.752527 0.000000 0.000000 0.000000 1.000000
0.715639 0.018355 -0.698229 -1.571220 0.021025 0.998636 0.047801 93.400627 0.698154 -0.048889 0.714277 1.681607 0.000000 0.000000 0.000000 1.000000
0.717977 0.023494 -0.695670 -1.401478 0.018162 0.998458 0.052463 93.458916 0.695830 -0.050302 0.716443 1.672015 0.000000 0.000000 0.000000 1.000000
0.720130 0.028321 -0.693261 -1.225613 0.015444 0.998265 0.056823 93.475540 0.693667 -0.051626 0.718443 1.593106 0.000000 0.000000 0.000000 1.000000
0.722103 0.032828 -0.691006 -1.079051 0.012854 0.998064 0.060849 93.481216 0.691666 -0.052821 0.720283 1.440521 0.000000 0.000000 0.000000 1.000000
0.723887 0.036992 -0.688926 -0.940142 0.010404 0.997863 0.064512 93.468193 0.689840 -0.053867 0.721955 1.317108 0.000000 0.000000 0.000000 1.000000
0.725466 0.040736 -0.687052 -0.767220 0.008173 0.997667 0.067783 93.441597 0.688210 -0.054789 0.723440 1.107736 0.000000 0.000000 0.000000 1.000000
0.726822 0.043999 -0.685416 -0.607842 0.006223 0.997483 0.070631 93.401550 0.686798 -0.055602 0.724718 0.853525 0.000000 0.000000 0.000000 1.000000
0.727954 0.046767 -0.684029 -0.497577 0.004550 0.997319 0.073028 93.350975 0.685611 -0.056274 0.725790 0.662525 0.000000 0.000000 0.000000 1.000000
0.728855 0.049005 -0.682912 -0.429462 0.003174 0.997183 0.074945 93.293259 0.684661 -0.056792 0.726646 0.491488 0.000000 0.000000 0.000000 1.000000
0.729519 0.050708 -0.682078 -0.377540 0.002080 0.997079 0.076351 93.231438 0.683957 -0.057118 0.727283 0.372081 0.000000 0.000000 0.000000 1.000000
0.729931 0.051787 -0.681556 -0.333426 0.001364 0.997013 0.077217 93.167221 0.683519 -0.057292 0.727681 0.272667 0.000000 0.000000 0.000000 1.000000
0.730069 0.052141 -0.681381 -0.293606 0.001119 0.996992 0.077491 93.101013 0.683372 -0.057336 0.727815 0.183799 0.000000 0.000000 0.000000 1.000000</float_array><technique_common><accessor source="#mixamorig7_Hips-Matrix-animation-output-transform-array" count="99" stride="16"><param type="float4x4"/></accessor></technique_common></source><source id="mixamorig7_Hips-Interpolations"><Name_array id="mixamorig7_Hips-Interpolations-array" count="99">
 LINEAR LINEAR LINEAR LINEAR LINEAR LINEAR LINEAR LINEAR LINEAR LINEAR LINEAR
LINEAR LINEAR LINEAR LINEAR LINEAR LINEAR LINEAR LINEAR LINEAR LINEAR LINEAR LINEAR
LINEAR LINEAR LINEAR LINEAR LINEAR LINEAR LINEAR LINEAR LINEAR LINEAR LINEAR LINEAR
LINEAR LINEAR LINEAR LINEAR LINEAR LINEAR LINEAR LINEAR LINEAR LINEAR LINEAR LINEAR
LINEAR LINEAR LINEAR LINEAR LINEAR LINEAR LINEAR LINEAR LINEAR LINEAR LINEAR LINEAR
LINEAR LINEAR LINEAR LINEAR LINEAR LINEAR LINEAR LINEAR LINEAR LINEAR LINEAR LINEAR
LINEAR LINEAR LINEAR LINEAR LINEAR LINEAR LINEAR LINEAR LINEAR LINEAR LINEAR LINEAR
LINEAR LINEAR LINEAR LINEAR LINEAR LINEAR LINEAR LINEAR LINEAR LINEAR LINEAR LINEAR
LINEAR LINEAR LINEAR LINEAR</Name_array><technique_common><accessor source="#mixamorig7_Hips-Interpolations-array" count="99"><param type="name"/></accessor></technique_common></source><sampler id="mixamorig7_Hips-Matrix-animation-transform"><input semantic="INPUT" source="#mixamorig7_Hips-Matrix-animation-input"/><input semantic="OUTPUT" source="#mixamorig7_Hips-Matrix-animation-output-transform"/><input semantic="INTERPOLATION" source="#mixamorig7_Hips-Interpolations"/></sampler><channel source="#mixamorig7_Hips-Matrix-animation-transform" target="mixamorig7_Hips/matrix"/></animation>
    <animation id="mixamorig7_Spine-anim" name="mixamorig7_Spine"><source id="mixamorig7_Spine-Matrix-animation-input"><float_array id="mixamorig7_Spine-Matrix-animation-input-array" count="99">

0.000000 0.033333 0.066667 0.100000 0.133333 0.166667 0.200000 0.233333 0.266667 0.300000 0.333333 0.366667 0.400000 0.433333 0.466667 0.500000
0.533333 0.566667 0.600000 0.633333 0.666667 0.700000 0.733333 0.766667 0.800000 0.833333 0.866667 0.900000 0.933333 0.966667 1.000000 1.033333
1.066667 1.100000 1.133333 1.166667 1.200000 1.233333 1.266667 1.300000 1.333333 1.366667 1.400000 1.433333 1.466667 1.500000 1.533333 1.566667
1.600000 1.633333 1.666667 1.700000 1.733333 1.766667 1.800000 1.833333 1.866667 1.900000 1.933333 1.966667 2.000000 2.033333 2.066667 2.100000
2.133333 2.166667 2.200000 2.233333 2.266667 2.300000 2.333333 2.366667 2.400000 2.433333 2.466667 2.500000 2.533333 2.566667 2.600000 2.633333
2.666667 2.700000 2.733333 2.766667 2.800000 2.833333 2.866667 2.900000 2.933333 2.966667 3.000000 3.033333 3.066667 3.100000 3.133333 3.166667
3.200000 3.233333 3.266667</float_array><technique_common><accessor source="#mixamorig7_Spine-Matrix-animation-input-array" count="99"><param name="TIME" type="float"/></accessor></technique_common></source><source id="mixamorig7_Spine-Matrix-animation-output-transform"><float_array id="mixamorig7_Spine-Matrix-animation-output-transform-array" count="1584">

0.996616 0.011203 0.081431 0.000000 -0.012268 0.999846 0.012587 9.694400 -0.081278 -0.013543 0.996599 -1.109700 0.000000 0.000000 0.000000 1.000000
0.996616 0.011203 0.081431 0.000000 -0.012268 0.999846 0.012587 9.694400 -0.081278 -0.013543 0.996599 -1.109700 0.000000 0.000000 0.000000 1.000000
0.996643 0.010921 0.081138 0.000000 -0.011971 0.999851 0.012473 9.694400 -0.080990 -0.013402 0.996625 -1.109700 0.000000 0.000000 0.000000 1.000000
0.996710 0.010364 0.080390 -0.000000 -0.011383 0.999860 0.012229 9.694400 -0.080252 -0.013104 0.996688 -1.109700 0.000000 0.000000 0.000000 1.000000
0.996761 0.009626 0.079845 0.000000 -0.010594 0.999875 0.011712 9.694400 -0.079722 -0.012520 0.996739 -1.109700 0.000000 0.000000 0.000000 1.000000
0.996748 0.008768 0.080101 0.000000 -0.009683 0.999892 0.011042 9.694400 -0.079996 -0.011782 0.996726 -1.109700 0.000000 0.000000 0.000000 1.000000
0.996712 0.008114 0.080620 -0.000000 -0.008972 0.999907 0.010287 9.694400 -0.080529 -0.010977 0.996692 -1.109700 0.000000 0.000000 0.000000 1.000000
0.996720 0.008236 0.080509 0.000000 -0.009027 0.999914 0.009473 9.694400 -0.080424 -0.010169 0.996709 -1.109700 0.000000 0.000000 0.000000 1.000000
0.996709 0.008878 0.080574 0.000000 -0.009587 0.999919 0.008420 9.694400 -0.080492 -0.009165 0.996713 -1.109700 0.000000 0.000000 0.000000 1.000000
0.996685 0.009849 0.080764 -0.000000 -0.010466 0.999919 0.007214 9.694400 -0.080687 -0.008035 0.996707 -1.109700 0.000000 0.000000 0.000000 1.000000
0.996647 0.011233 0.081051 0.000000 -0.011760 0.999913 0.006028 9.694400 -0.080976 -0.006961 0.996692 -1.109700 0.000000 0.000000 0.000000 1.000000
0.996553 0.012744 0.081976 -0.000000 -0.013179 0.999902 0.004771 9.694400 -0.081908 -0.005835 0.996623 -1.109700 0.000000 0.000000 0.000000 1.000000
0.996477 0.015075 0.082496 -0.000000 -0.015377 0.999877 0.003030 9.694400 -0.082440 -0.004288 0.996587 -1.109700 0.000000 0.000000 0.000000 1.000000
0.996519 0.017374 0.081539 0.000000 -0.017559 0.999845 0.001547 9.694400 -0.081499 -0.002974 0.996669 -1.109700 0.000000 0.000000 0.000000 1.000000
0.996506 0.020010 0.081092 -0.000000 -0.020239 0.999793 0.002010 9.694400 -0.081035 -0.003644 0.996705 -1.109700 0.000000 0.000000 0.000000 1.000000
0.996531 0.021987 0.080269 -0.000000 -0.022187 0.999753 0.001599 9.694400 -0.080214 -0.003375 0.996772 -1.109700 0.000000 0.000000 0.000000 1.000000
0.996640 0.023468 0.078474 -0.000000 -0.023570 0.999722 0.000376 9.694400 -0.078443 -0.002224 0.996916 -1.109700 0.000000 0.000000 0.000000 1.000000
0.996853 0.024243 0.075481 0.000000 -0.024278 0.999705 -0.000454 9.694400 -0.075470 -0.001380 0.997147 -1.109700 0.000000 0.000000 0.000000 1.000000
0.997045 0.023896 0.073004 0.000000 -0.023867 0.999714 -0.001276 9.694400 -0.073014 -0.000470 0.997331 -1.109700 0.000000 0.000000 0.000000 1.000000
0.997143 0.023150 0.071908 0.000000 -0.023081 0.999732 -0.001788 9.694400 -0.071930 0.000123 0.997410 -1.109700 0.000000 0.000000 0.000000 1.000000
0.997217 0.022605 0.071043 0.000000 -0.022472 0.999744 -0.002668 9.694400 -0.071085 0.001065 0.997470 -1.109700 0.000000 0.000000 0.000000 1.000000
0.997275 0.022214 0.070348 -0.000000 -0.022066 0.999752 -0.002885 9.694400 -0.070395 0.001324 0.997518 -1.109700 0.000000 0.000000 0.000000 1.000000
0.997312 0.022005 0.069895 0.000000 -0.021843 0.999757 -0.003076 9.694400 -0.069946 0.001541 0.997550 -1.109700 0.000000 0.000000 0.000000 1.000000
0.997272 0.023066 0.070115 0.000000 -0.022900 0.999733 -0.003168 9.694400 -0.070169 0.001553 0.997534 -1.109700 0.000000 0.000000 0.000000 1.000000
0.997251 0.023355 0.070323 -0.000000 -0.023214 0.999727 -0.002817 9.694400 -0.070370 0.001177 0.997520 -1.109700 0.000000 0.000000 0.000000 1.000000
0.997257 0.023029 0.070343 -0.000000 -0.022899 0.999734 -0.002648 9.694400 -0.070385 0.001030 0.997519 -1.109700 0.000000 0.000000 0.000000 1.000000
0.997245 0.023722 0.070283 -0.000000 -0.023598 0.999718 -0.002596 9.694400 -0.070325 0.000930 0.997524 -1.109700 0.000000 0.000000 0.000000 1.000000
0.997274 0.024945 0.069448 -0.000000 -0.024846 0.999689 -0.002281 9.694400 -0.069484 0.000550 0.997583 -1.109700 0.000000 0.000000 0.000000 1.000000
0.997327 0.023762 0.069097 -0.000000 -0.023680 0.999718 -0.002012 9.694400 -0.069125 0.000371 0.997608 -1.109700 0.000000 0.000000 0.000000 1.000000
0.997296 0.023160 0.069743 0.000000 -0.023074 0.999732 -0.002030 9.694400 -0.069771 0.000415 0.997563 -1.109700 0.000000 0.000000 0.000000 1.000000
0.997218 0.022578 0.071032 0.000000 -0.022522 0.999745 -0.001589 9.694400 -0.071050 -0.000015 0.997473 -1.109700 0.000000 0.000000 0.000000 1.000000
0.997100 0.022431 0.072719 0.000000 -0.022461 0.999748 -0.000404 9.694400 -0.072710 -0.001231 0.997352 -1.109700 0.000000 0.000000 0.000000 1.000000
0.996996 0.022378 0.074148 0.000000 -0.022544 0.999745 0.001400 9.694400 -0.074098 -0.003067 0.997246 -1.109700 0.000000 0.000000 0.000000 1.000000
0.996850 0.022911 0.075927 0.000000 -0.023219 0.999725 0.003168 9.694400 -0.075834 -0.004921 0.997108 -1.109700 0.000000 0.000000 0.000000 1.000000
0.996678 0.024589 0.077644 -0.000000 -0.024916 0.999684 0.003238 9.694400 -0.077539 -0.005162 0.996976 -1.109700 0.000000 0.000000 0.000000 1.000000
0.996721 0.025808 0.076694 0.000000 -0.026065 0.999657 0.002362 9.694400 -0.076607 -0.004353 0.997052 -1.109700 0.000000 0.000000 0.000000 1.000000
0.997025 0.026937 0.072218 0.000000 -0.027134 0.999630 0.001743 9.694400 -0.072144 -0.003698 0.997387 -1.109700 0.000000 0.000000 0.000000 1.000000
0.997281 0.029236 0.067652 0.000000 -0.029381 0.999568 0.001143 9.694400 -0.067589 -0.003127 0.997708 -1.109700 0.000000 0.000000 0.000000 1.000000
0.997414 0.032679 0.064010 0.000000 -0.032760 0.999463 0.000209 9.694400 -0.063969 -0.002306 0.997949 -1.109700 0.000000 0.000000 0.000000 1.000000
0.997345 0.035282 0.063699 -0.000000 -0.035331 0.999376 -0.000356 9.694400 -0.063672 -0.001895 0.997969 -1.109700 0.000000 0.000000 0.000000 1.000000
0.997242 0.035001 0.065449 -0.000000 -0.035014 0.999386 -0.000951 9.694400 -0.065442 -0.001344 0.997855 -1.109700 0.000000 0.000000 0.000000 1.000000
0.997116 0.034876 0.067404 -0.000000 -0.034894 0.999391 -0.000902 9.694400 -0.067394 -0.001453 0.997725 -1.109700 0.000000 0.000000 0.000000 1.000000
0.997033 0.034646 0.068735 0.000000 -0.034728 0.999397 0.000002 9.694400 -0.068693 -0.002389 0.997635 -1.109700 0.000000 0.000000 0.000000 1.000000
0.996996 0.033917 0.069638 0.000000 -0.034051 0.999420 0.000748 9.694400 -0.069572 -0.003117 0.997572 -1.109700 0.000000 0.000000 0.000000 1.000000
0.997065 0.032741 0.069203 -0.000000 -0.032891 0.999458 0.001038 9.694400 -0.069131 -0.003311 0.997602 -1.109700 0.000000 0.000000 0.000000 1.000000
0.997134 0.032508 0.068322 -0.000000 -0.032691 0.999464 0.001567 9.694400 -0.068234 -0.003796 0.997662 -1.109700 0.000000 0.000000 0.000000 1.000000
0.997191 0.032639 0.067422 0.000000 -0.032853 0.999458 0.002057 9.694400 -0.067318 -0.004267 0.997722 -1.109700 0.000000 0.000000 0.000000 1.000000
0.997201 0.032938 0.067129 0.000000 -0.033165 0.999447 0.002279 9.694400 -0.067016 -0.004499 0.997742 -1.109700 0.000000 0.000000 0.000000 1.000000
0.997149 0.033700 0.067511 -0.000000 -0.033926 0.999422 0.002208 9.694400 -0.067397 -0.004492 0.997716 -1.109700 0.000000 0.000000 0.000000 1.000000
0.997076 0.034312 0.068274 0.000000 -0.034549 0.999400 0.002292 9.694400 -0.068154 -0.004644 0.997664 -1.109700 0.000000 0.000000 0.000000 1.000000
0.996992 0.034995 0.069147 0.000000 -0.035251 0.999375 0.002487 9.694400 -0.069017 -0.004918 0.997603 -1.109700 0.000000 0.000000 0.000000 1.000000
0.996872 0.036329 0.070186 -0.000000 -0.036594 0.999327 0.002501 9.694400 -0.070047 -0.005062 0.997531 -1.109700 0.000000 0.000000 0.000000 1.000000
0.996782 0.037454 0.070872 -0.000000 -0.037755 0.999283 0.002910 9.694400 -0.070712 -0.005576 0.997481 -1.109700 0.000000 0.000000 0.000000 1.000000
0.996778 0.037594 0.070852 0.000000 -0.037927 0.999275 0.003358 9.694400 -0.070675 -0.006035 0.997481 -1.109700 0.000000 0.000000 0.000000 1.000000
0.996822 0.037002 0.070550 0.000000 -0.037341 0.999296 0.003488 9.694400 -0.070371 -0.006111 0.997502 -1.109700 0.000000 0.000000 0.000000 1.000000
0.996846 0.035773 0.070847 0.000000 -0.036120 0.999341 0.003636 9.694400 -0.070670 -0.006184 0.997481 -1.109700 0.000000 0.000000 0.000000 1.000000
0.996853 0.034947 0.071156 0.000000 -0.035303 0.999370 0.003750 9.694400 -0.070980 -0.006250 0.997458 -1.109700 0.000000 0.000000 0.000000 1.000000
0.996838 0.034634 0.071518 -0.000000 -0.034996 0.999380 0.003824 9.694400 -0.071341 -0.006315 0.997432 -1.109700 0.000000 0.000000 0.000000 1.000000
0.996869 0.034467 0.071167 0.000000 -0.034818 0.999387 0.003697 9.694400 -0.070996 -0.006164 0.997458 -1.109700 0.000000 0.000000 0.000000 1.000000
0.996972 0.033953 0.069952 0.000000 -0.034257 0.999408 0.003153 9.694400 -0.069803 -0.005540 0.997545 -1.109700 0.000000 0.000000 0.000000 1.000000
0.997114 0.032611 0.068565 0.000000 -0.032848 0.999458 0.002332 9.694400 -0.068451 -0.004577 0.997644 -1.109700 0.000000 0.000000 0.000000 1.000000
0.997290 0.030064 0.067143 -0.000000 -0.030271 0.999540 0.002072 9.694400 -0.067050 -0.004098 0.997741 -1.109700 0.000000 0.000000 0.000000 1.000000
0.997450 0.026440 0.066294 -0.000000 -0.026682 0.999640 0.002777 9.694400 -0.066197 -0.004539 0.997796 -1.109700 0.000000 0.000000 0.000000 1.000000
0.997496 0.023955 0.066538 0.000000 -0.024273 0.999697 0.003973 9.694400 -0.066423 -0.005578 0.997776 -1.109700 0.000000 0.000000 0.000000 1.000000
0.997458 0.022260 0.067685 0.000000 -0.022649 0.999731 0.004988 9.694400 -0.067555 -0.006508 0.997694 -1.109700 0.000000 0.000000 0.000000 1.000000
0.997374 0.020791 0.069378 0.000000 -0.021261 0.999756 0.006039 9.694400 -0.069236 -0.007498 0.997572 -1.109700 0.000000 0.000000 0.000000 1.000000
0.997300 0.020407 0.070545 -0.000000 -0.020905 0.999761 0.006330 9.694400 -0.070399 -0.007787 0.997489 -1.109700 0.000000 0.000000 0.000000 1.000000
0.997235 0.020530 0.071425 0.000000 -0.021093 0.999752 0.007139 9.694400 -0.071261 -0.008626 0.997420 -1.109700 0.000000 0.000000 0.000000 1.000000
0.997153 0.020395 0.072588 0.000000 -0.021006 0.999750 0.007660 9.694400 -0.072413 -0.009163 0.997333 -1.109700 0.000000 0.000000 0.000000 1.000000
0.997138 0.019999 0.072911 0.000000 -0.020635 0.999755 0.007977 9.694400 -0.072734 -0.009459 0.997307 -1.109700 0.000000 0.000000 0.000000 1.000000
0.997102 0.019642 0.073491 0.000000 -0.020336 0.999755 0.008702 9.694400 -0.073302 -0.010171 0.997258 -1.109700 0.000000 0.000000 0.000000 1.000000
0.997087 0.019272 0.073802 -0.000000 -0.020031 0.999754 0.009558 9.694400 -0.073600 -0.011009 0.997227 -1.109700 0.000000 0.000000 0.000000 1.000000
0.997083 0.018663 0.074015 0.000000 -0.019475 0.999758 0.010261 9.694400 -0.073805 -0.011673 0.997204 -1.109700 0.000000 0.000000 0.000000 1.000000
0.997044 0.018004 0.074692 -0.000000 -0.018875 0.999762 0.010969 9.694400 -0.074477 -0.012347 0.997146 -1.109700 0.000000 0.000000 0.000000 1.000000
0.996990 0.016660 0.075721 0.000000 -0.017608 0.999774 0.011872 9.694400 -0.075506 -0.013169 0.997058 -1.109700 0.000000 0.000000 0.000000 1.000000
0.996935 0.015611 0.076659 0.000000 -0.016625 0.999782 0.012602 9.694400 -0.076446 -0.013838 0.996978 -1.109700 0.000000 0.000000 0.000000 1.000000
0.996877 0.015164 0.077494 0.000000 -0.016276 0.999773 0.013742 9.694400 -0.077268 -0.014961 0.996898 -1.109700 0.000000 0.000000 0.000000 1.000000
0.996826 0.014789 0.078224 -0.000000 -0.016032 0.999755 0.015294 9.694400 -0.077979 -0.016500 0.996818 -1.109700 0.000000 0.000000 0.000000 1.000000
0.996784 0.014337 0.078838 0.000000 -0.015727 0.999731 0.017036 9.694400 -0.078573 -0.018221 0.996742 -1.109700 0.000000 0.000000 0.000000 1.000000
0.996754 0.013662 0.079340 -0.000000 -0.015170 0.999715 0.018433 9.694400 -0.079066 -0.019576 0.996677 -1.109700 0.000000 0.000000 0.000000 1.000000
0.996728 0.013271 0.079728 0.000000 -0.014865 0.999701 0.019427 9.694400 -0.079446 -0.020549 0.996627 -1.109700 0.000000 0.000000 0.000000 1.000000
0.996698 0.013602 0.080055 -0.000000 -0.015264 0.999680 0.020182 9.694400 -0.079755 -0.021338 0.996586 -1.109700 0.000000 0.000000 0.000000 1.000000
0.996674 0.013677 0.080334 0.000000 -0.015352 0.999677 0.020276 9.694400 -0.080031 -0.021442 0.996562 -1.109700 0.000000 0.000000 0.000000 1.000000
0.996660 0.013541 0.080530 -0.000000 -0.015231 0.999676 0.020410 9.694400 -0.080228 -0.021568 0.996543 -1.109700 0.000000 0.000000 0.000000 1.000000
0.996639 0.014200 0.080674 -0.000000 -0.015822 0.999684 0.019508 9.694400 -0.080371 -0.020719 0.996550 -1.109700 0.000000 0.000000 0.000000 1.000000
0.996637 0.013613 0.080801 -0.000000 -0.015089 0.999730 0.017693 9.694400 -0.080539 -0.018853 0.996573 -1.109700 0.000000 0.000000 0.000000 1.000000
0.996639 0.012877 0.080902 0.000000 -0.014211 0.999772 0.015938 9.694400 -0.080678 -0.017035 0.996595 -1.109700 0.000000 0.000000 0.000000 1.000000
0.996635 0.012784 0.080966 0.000000 -0.014073 0.999783 0.015366 9.694400 -0.080752 -0.016454 0.996598 -1.109700 0.000000 0.000000 0.000000 1.000000
0.996631 0.012555 0.081055 0.000000 -0.013883 0.999778 0.015846 9.694400 -0.080838 -0.016917 0.996584 -1.109700 0.000000 0.000000 0.000000 1.000000
0.996622 0.012566 0.081157 0.000000 -0.013959 0.999764 0.016621 9.694400 -0.080930 -0.017697 0.996563 -1.109700 0.000000 0.000000 0.000000 1.000000
0.996610 0.013006 0.081231 0.000000 -0.014423 0.999753 0.016891 9.694400 -0.080992 -0.018005 0.996552 -1.109700 0.000000 0.000000 0.000000 1.000000
0.996606 0.013064 0.081281 0.000000 -0.014476 0.999754 0.016804 9.694400 -0.081042 -0.017923 0.996550 -1.109700 0.000000 0.000000 0.000000 1.000000
0.996605 0.012802 0.081326 -0.000000 -0.014122 0.999777 0.015687 9.694400 -0.081107 -0.016782 0.996564 -1.109700 0.000000 0.000000 0.000000 1.000000
0.996607 0.012333 0.081378 0.000000 -0.013539 0.999806 0.014284 9.694400 -0.081186 -0.015337 0.996581 -1.109700 0.000000 0.000000 0.000000 1.000000
0.996610 0.011786 0.081422 0.000000 -0.012910 0.999828 0.013292 9.694400 -0.081252 -0.014298 0.996591 -1.109700 0.000000 0.000000 0.000000 1.000000
0.996611 0.011504 0.081451 -0.000000 -0.012577 0.999841 0.012665 9.694400 -0.081292 -0.013647 0.996597 -1.109700 0.000000 0.000000 0.000000 1.000000
0.996613 0.011255 0.081458 0.000000 -0.012319 0.999845 0.012569 9.694400 -0.081304 -0.013530 0.996598 -1.109700 0.000000 0.000000 0.000000 1.000000
0.996615 0.011033 0.081467 0.000000 -0.012110 0.999846 0.012733 9.694400 -0.081314 -0.013676 0.996595 -1.109700 0.000000 0.000000 0.000000 1.000000
0.996616 0.010937 0.081462 -0.000000 -0.012003 0.999848 0.012609 9.694400 -0.081311 -0.013544 0.996597 -1.109700 0.000000 0.000000 0.000000 1.000000</float_array><technique_common><accessor source="#mixamorig7_Spine-Matrix-animation-output-transform-array" count="99" stride="16"><param type="float4x4"/></accessor></technique_common></source><source id="mixamorig7_Spine-Interpolations"><Name_array id="mixamorig7_Spine-Interpolations-array" count="99">
 LINEAR LINEAR LINEAR LINEAR LINEAR LINEAR LINEAR LINEAR LINEAR LINEAR LINEAR
LINEAR LINEAR LINEAR LINEAR LINEAR LINEAR LINEAR LINEAR LINEAR LINEAR LINEAR LINEAR
LINEAR LINEAR LINEAR LINEAR LINEAR LINEAR LINEAR LINEAR LINEAR LINEAR LINEAR LINEAR
LINEAR LINEAR LINEAR LINEAR LINEAR LINEAR LINEAR LINEAR LINEAR LINEAR LINEAR LINEAR
LINEAR LINEAR LINEAR LINEAR LINEAR LINEAR LINEAR LINEAR LINEAR LINEAR LINEAR LINEAR
LINEAR LINEAR LINEAR LINEAR LINEAR LINEAR LINEAR LINEAR LINEAR LINEAR LINEAR LINEAR
LINEAR LINEAR LINEAR LINEAR LINEAR LINEAR LINEAR LINEAR LINEAR LINEAR LINEAR LINEAR
LINEAR LINEAR LINEAR LINEAR LINEAR LINEAR LINEAR LINEAR LINEAR LINEAR LINEAR LINEAR
LINEAR LINEAR LINEAR LINEAR</Name_array><technique_common><accessor source="#mixamorig7_Spine-Interpolations-array" count="99"><param type="name"/></accessor></technique_common></source><sampler id="mixamorig7_Spine-Matrix-animation-transform"><input semantic="INPUT" source="#mixamorig7_Spine-Matrix-animation-input"/><input semantic="OUTPUT" source="#mixamorig7_Spine-Matrix-animation-output-transform"/><input semantic="INTERPOLATION" source="#mixamorig7_Spine-Interpolations"/></sampler><channel source="#mixamorig7_Spine-Matrix-animation-transform" target="mixamorig7_Spine/matrix"/></animation>
    <animation id="mixamorig7_Spine1-anim" name="mixamorig7_Spine1"><source id="mixamorig7_Spine1-Matrix-animation-input"><float_array id="mixamorig7_Spine1-Matrix-animation-input-array" count="99">

0.000000 0.033333 0.066667 0.100000 0.133333 0.166667 0.200000 0.233333 0.266667 0.300000 0.333333 0.366667 0.400000 0.433333 0.466667 0.500000
0.533333 0.566667 0.600000 0.633333 0.666667 0.700000 0.733333 0.766667 0.800000 0.833333 0.866667 0.900000 0.933333 0.966667 1.000000 1.033333
1.066667 1.100000 1.133333 1.166667 1.200000 1.233333 1.266667 1.300000 1.333333 1.366667 1.400000 1.433333 1.466667 1.500000 1.533333 1.566667
1.600000 1.633333 1.666667 1.700000 1.733333 1.766667 1.800000 1.833333 1.866667 1.900000 1.933333 1.966667 2.000000 2.033333 2.066667 2.100000
2.133333 2.166667 2.200000 2.233333 2.266667 2.300000 2.333333 2.366667 2.400000 2.433333 2.466667 2.500000 2.533333 2.566667 2.600000 2.633333
2.666667 2.700000 2.733333 2.766667 2.800000 2.833333 2.866667 2.900000 2.933333 2.966667 3.000000 3.033333 3.066667 3.100000 3.133333 3.166667
3.200000 3.233333 3.266667</float_array><technique_common><accessor source="#mixamorig7_Spine1-Matrix-animation-input-array" count="99"><param name="TIME" type="float"/></accessor></technique_common></source><source id="mixamorig7_Spine1-Matrix-animation-output-transform"><float_array id="mixamorig7_Spine1-Matrix-animation-output-transform-array" count="1584">

0.986151 0.035317 0.162048 -0.000000 -0.002034 0.979567 -0.201106 11.384000 -0.165840 0.197992 0.966073 0.000000 0.000000 0.000000 0.000000 1.000000
0.986151 0.035317 0.162048 -0.000000 -0.002034 0.979567 -0.201106 11.384000 -0.165840 0.197992 0.966073 0.000000 0.000000 0.000000 0.000000 1.000000
0.986253 0.034928 0.161506 0.000000 -0.001719 0.979521 -0.201336 11.384000 -0.165231 0.198290 0.966116 0.000000 0.000000 0.000000 0.000000 1.000000
0.986509 0.034274 0.160077 0.000000 -0.001275 0.979417 -0.201845 11.384000 -0.163700 0.198918 0.966247 -0.000000 0.000000 0.000000 0.000000 1.000000
0.986707 0.033440 0.159029 0.000000 -0.000487 0.979203 -0.202883 11.384000 -0.162506 0.200109 0.966203 0.000000 0.000000 0.000000 0.000000 1.000000
0.986652 0.032617 0.159544 0.000000 0.000659 0.978927 -0.204209 11.384000 -0.162842 0.201589 0.965839 0.000000 0.000000 0.000000 0.000000 1.000000
0.986500 0.032350 0.160536 -0.000000 0.001387 0.978609 -0.205725 11.384000 -0.163757 0.203171 0.965352 0.000000 0.000000 0.000000 0.000000 1.000000
0.986519 0.033512 0.160179 0.000000 0.000448 0.978250 -0.207428 11.384000 -0.163647 0.204704 0.965047 0.000000 0.000000 0.000000 0.000000 1.000000
0.986457 0.035751 0.160078 0.000000 -0.001418 0.977779 -0.209635 11.384000 -0.164015 0.206568 0.964587 0.000000 0.000000 0.000000 0.000000 1.000000
0.986338 0.038637 0.160139 0.000000 -0.003835 0.977228 -0.212159 11.384000 -0.164689 0.208647 0.964025 0.000000 0.000000 0.000000 0.000000 1.000000
0.986159 0.042354 0.160298 0.000000 -0.007051 0.976660 -0.214676 11.384000 -0.165649 0.210574 0.963441 -0.000000 0.000000 0.000000 0.000000 1.000000
0.985759 0.046531 0.161599 0.000000 -0.010441 0.976038 -0.217349 11.384000 -0.167840 0.212567 0.962624 0.000000 0.000000 0.000000 0.000000 1.000000
0.985416 0.052214 0.161956 -0.000000 -0.015344 0.975148 -0.221022 11.384000 -0.169471 0.215313 0.961727 -0.000000 0.000000 0.000000 0.000000 1.000000
0.985529 0.057580 0.159430 -0.000000 -0.020658 0.974326 -0.224192 11.384000 -0.168245 0.217654 0.961416 0.000000 0.000000 0.000000 0.000000 1.000000
0.985431 0.063541 0.157761 0.000000 -0.027025 0.974304 -0.223610 11.384000 -0.167916 0.216088 0.961826 0.000000 0.000000 0.000000 0.000000 1.000000
0.985500 0.068175 0.155376 -0.000000 -0.031953 0.973913 -0.224659 11.384000 -0.166639 0.216436 0.961970 -0.000000 0.000000 0.000000 0.000000 1.000000
0.985905 0.071655 0.151183 0.000000 -0.035887 0.973182 -0.227219 11.384000 -0.163410 0.218591 0.962037 0.000000 0.000000 0.000000 0.000000 1.000000
0.986733 0.073485 0.144769 -0.000000 -0.038850 0.972667 -0.228933 11.384000 -0.157635 0.220271 0.962617 -0.000000 0.000000 0.000000 0.000000 1.000000
