<?xml version="1.0" encoding="utf-8"?>
<COLLADA xmlns="http://www.collada.org/2005/11/COLLADASchema" version="1.4.1">
  <asset><contributor><author>Mixamo</author><authoring_tool>COLLADA Mixamo exporter</authoring_tool><comments></comments></contributor><created>2020-08-08T15:15:27Z</created><modified>2020-08-08T15:15:27Z</modified><revision></revision><title></title><unit meter="0.010000"/><up_axis>Y_UP</up_axis></asset>
  <library_animations>
    <animation id="mixamorig7_Hips-anim" name="mixamorig7_Hips"><source id="mixamorig7_Hips-Matrix-animation-input"><float_array id="mixamorig7_Hips-Matrix-animation-input-array" count="49">

0.000000 0.033333 0.066667 0.100000 0.133333 0.166667 0.200000 0.233333 0.266667 0.300000 0.333333 0.366667 0.400000 0.433333 0.466667 0.500000
0.533333 0.566667 0.600000 0.633333 0.666667 0.700000 0.733333 0.766667 0.800000 0.833333 0.866667 0.900000 0.933333 0.966667 1.000000 1.033333
1.066667 1.100000 1.133333 1.166667 1.200000 1.233333 1.266667 1.300000 1.333333 1.366667 1.400000 1.433333 1.466667 1.500000 1.533333 1.566667
1.600000</float_array><technique_common><accessor source="#mixamorig7_Hips-Matrix-animation-input-array" count="49"><param name="TIME" type="float"/></accessor></technique_common></source><source id="mixamorig7_Hips-Matrix-animation-output-transform"><float_array id="mixamorig7_Hips-Matrix-animation-output-transform-array" count="784">

0.592351 0.023985 -0.805323 -0.340613 0.109423 0.987900 0.109909 90.208679 0.798215 -0.153225 0.582559 -0.121417 0.000000 0.000000 0.000000 1.000000
0.592352 0.023519 -0.805336 -0.442922 0.109420 0.987964 0.109334 90.166748 0.798214 -0.152884 0.582650 -0.061773 0.000000 0.000000 0.000000 1.000000
0.593999 0.023351 -0.804127 -0.598717 0.109425 0.987943 0.109519 90.087097 0.796989 -0.153046 0.584282 -0.019981 0.000000 0.000000 0.000000 1.000000
0.597870 0.015467 -0.801444 -0.461737 0.113944 0.988021 0.104069 89.955521 0.793453 -0.153540 0.588946 -0.041815 0.000000 0.000000 0.000000 1.000000
0.602033 -0.001740 -0.798469 0.085612 0.127684 0.987339 0.094121 89.740746 0.788196 -0.158616 0.594633 -0.010863 0.000000 0.000000 0.000000 1.000000
0.598554 0.018918 -0.800859 -1.111992 0.131534 0.983832 0.121547 89.691429 0.790210 -0.178093 0.586388 0.662250 0.000000 0.000000 0.000000 1.000000
0.568634 0.144551 -0.809790 -7.271928 0.094201 0.966520 0.238675 90.606430 0.817179 -0.212002 0.535980 2.556508 0.000000 0.000000 0.000000 1.000000
0.485712 0.292777 -0.823629 -13.633048 0.041203 0.933524 0.356140 92.008072 0.873147 -0.206917 0.441361 4.391406 0.000000 0.000000 0.000000 1.000000
0.412654 0.367678 -0.833384 -17.778294 -0.007132 0.916191 0.400679 93.195618 0.910860 -0.159398 0.380692 5.304243 0.000000 0.000000 0.000000 1.000000
0.362300 0.393093 -0.845113 -19.624250 -0.067081 0.915360 0.397010 93.443298 0.929645 -0.087145 0.358004 4.632895 0.000000 0.000000 0.000000 1.000000
0.321394 0.408702 -0.854206 -19.009729 -0.146285 0.912665 0.381633 92.442680 0.935578 0.002303 0.353112 3.253690 0.000000 0.000000 0.000000 1.000000
0.243752 0.403803 -0.881776 -16.704210 -0.195833 0.910964 0.363035 91.171593 0.949860 0.084190 0.301127 1.970133 0.000000 0.000000 0.000000 1.000000
0.157634 0.394761 -0.905160 -12.963763 -0.240031 0.904447 0.352648 89.993378 0.957881 0.161677 0.237327 1.220058 0.000000 0.000000 0.000000 1.000000
0.136395 0.373140 -0.917694 -10.235462 -0.275528 0.904090 0.326658 89.337837 0.951568 0.208296 0.226124 0.746646 0.000000 0.000000 0.000000 1.000000
0.156333 0.341252 -0.926880 -7.806540 -0.308948 0.908225 0.282275 88.712677 0.938142 0.242229 0.247415 0.274932 0.000000 0.000000 0.000000 1.000000
0.215535 0.292822 -0.931558 -5.525661 -0.345885 0.915023 0.207597 88.053215 0.913186 0.277468 0.298502 -0.291231 0.000000 0.000000 0.000000 1.000000
0.299640 0.237036 -0.924137 -3.373164 -0.375439 0.919786 0.114189 87.367004 0.877075 0.312741 0.364598 -0.879983 0.000000 0.000000 0.000000 1.000000
0.381715 0.177037 -0.907167 -1.350870 -0.385658 0.922471 0.017748 86.619949 0.839977 0.343082 0.420397 -1.373077 0.000000 0.000000 0.000000 1.000000
0.455482 0.117011 -0.882522 0.376392 -0.375293 0.924171 -0.071161 85.946030 0.807274 0.363617 0.464857 -1.746870 0.000000 0.000000 0.000000 1.000000
0.534890 0.055786 -0.843078 1.799187 -0.348428 0.923588 -0.159947 85.297363 0.769734 0.379306 0.513455 -2.133271 0.000000 0.000000 0.000000 1.000000
0.607128 -0.006766 -0.794576 2.812558 -0.301228 0.923366 -0.238028 84.811310 0.735294 0.383862 0.558563 -2.713857 0.000000 0.000000 0.000000 1.000000
0.660327 -0.051180 -0.749232 3.430009 -0.253611 0.923865 -0.286626 84.334206 0.706859 0.379280 0.597073 -3.372338 0.000000 0.000000 0.000000 1.000000
0.706190 -0.090165 -0.702258 3.665234 -0.202250 0.924840 -0.322126 83.716537 0.678521 0.369514 0.634877 -3.999072 0.000000 0.000000 0.000000 1.000000
0.747043 -0.128112 -0.652314 3.545818 -0.144497 0.926501 -0.347442 83.227798 0.648881 0.353811 0.673625 -4.649500 0.000000 0.000000 0.000000 1.000000
0.774094 -0.154356 -0.613965 3.307513 -0.095012 0.930509 -0.353730 82.725670 0.625901 0.332155 0.705636 -5.202281 0.000000 0.000000 0.000000 1.000000
0.793482 -0.172893 -0.583519 3.040654 -0.056838 0.933556 -0.353897 82.366745 0.605933 0.313977 0.730933 -5.703730 0.000000 0.000000 0.000000 1.000000
0.813038 -0.184939 -0.552057 2.739836 -0.024393 0.936555 -0.349671 82.189316 0.581699 0.297762 0.756944 -6.314744 0.000000 0.000000 0.000000 1.000000
0.828564 -0.199595 -0.523109 2.527275 0.011332 0.940087 -0.340746 82.233856 0.559780 0.276402 0.781184 -6.985750 0.000000 0.000000 0.000000 1.000000
0.835690 -0.230493 -0.498493 2.343343 0.061770 0.941357 -0.331710 82.599556 0.545717 0.246414 0.800920 -7.555137 0.000000 0.000000 0.000000 1.000000
0.834422 -0.248730 -0.491806 2.139948 0.099041 0.945513 -0.310154 83.168289 0.542153 0.210091 0.813592 -8.085174 0.000000 0.000000 0.000000 1.000000
0.828916 -0.254302 -0.498227 1.975389 0.124428 0.952196 -0.278999 83.636765 0.545359 0.169273 0.820932 -8.413144 0.000000 0.000000 0.000000 1.000000
0.811751 -0.254939 -0.525420 1.898124 0.139903 0.958379 -0.248872 84.098549 0.566998 0.128514 0.813632 -8.520016 0.000000 0.000000 0.000000 1.000000
0.787181 -0.245724 -0.565656 1.769063 0.149446 0.965862 -0.211603 84.835358 0.598342 0.082035 0.797030 -8.433975 0.000000 0.000000 0.000000 1.000000
0.762991 -0.224462 -0.606186 1.617967 0.148542 0.973562 -0.173531 85.534012 0.629111 0.042359 0.776161 -8.333605 0.000000 0.000000 0.000000 1.000000
0.742219 -0.204264 -0.638270 1.332929 0.149570 0.978884 -0.139340 86.262466 0.653254 0.007955 0.757097 -8.122934 0.000000 0.000000 0.000000 1.000000
0.722162 -0.177150 -0.668656 0.961269 0.148517 0.983816 -0.100246 86.935547 0.675593 -0.026913 0.736784 -7.818985 0.000000 0.000000 0.000000 1.000000
0.700282 -0.144655 -0.699056 0.581368 0.143568 0.987784 -0.060582 87.487724 0.699280 -0.057937 0.712496 -7.448381 0.000000 0.000000 0.000000 1.000000
0.679836 -0.113171 -0.724579 0.195145 0.137420 0.990179 -0.025721 87.934189 0.720374 -0.082085 0.688711 -6.946667 0.000000 0.000000 0.000000 1.000000
0.662121 -0.084483 -0.744620 -0.171860 0.132738 0.991135 0.005580 88.337105 0.737548 -0.102534 0.667465 -6.341379 0.000000 0.000000 0.000000 1.000000
0.642174 -0.055636 -0.764537 -0.476269 0.127437 0.991232 0.034908 88.708847 0.755892 -0.119847 0.643634 -5.681354 0.000000 0.000000 0.000000 1.000000
0.618606 -0.022998 -0.785365 -0.642365 0.122353 0.990197 0.067376 89.020607 0.776116 -0.137771 0.615356 -4.971674 0.000000 0.000000 0.000000 1.000000
0.601013 -0.001978 -0.799237 -0.774209 0.119530 0.988973 0.087437 89.300247 0.790251 -0.148083 0.594622 -4.183737 0.000000 0.000000 0.000000 1.000000
0.591695 0.010616 -0.806092 -0.863214 0.117823 0.988037 0.099498 89.564743 0.797506 -0.153848 0.583366 -3.379351 0.000000 0.000000 0.000000 1.000000
0.590134 0.016180 -0.807143 -0.854690 0.116216 0.987683 0.104769 89.766251 0.798896 -0.155631 0.580985 -2.647932 0.000000 0.000000 0.000000 1.000000
0.590019 0.019734 -0.807148 -0.777822 0.114403 0.987571 0.107773 89.893929 0.799243 -0.155928 0.580428 -2.055227 0.000000 0.000000 0.000000 1.000000
0.590608 0.021857 -0.806662 -0.678104 0.112670 0.987608 0.109253 90.002106 0.799054 -0.155413 0.580827 -1.483856 0.000000 0.000000 0.000000 1.000000
0.591412 0.023034 -0.806041 -0.563305 0.111210 0.987710 0.109824 90.090797 0.798664 -0.154591 0.581582 -0.952965 0.000000 0.000000 0.000000 1.000000
0.592128 0.023623 -0.805498 -0.442947 0.110118 0.987822 0.109918 90.161049 0.798285 -0.153785 0.582315 -0.478335 0.000000 0.000000 0.000000 1.000000
0.592442 0.023879 -0.805259 -0.340878 0.109587 0.987881 0.109919 90.208664 0.798124 -0.153367 0.582646 -0.121789 0.000000 0.000000 0.000000 1.000000</float_array><technique_common><accessor source="#mixamorig7_Hips-Matrix-animation-output-transform-array" count="49" stride="16"><param type="float4x4"/></accessor></technique_common></source><source id="mixamorig7_Hips-Interpolations"><Name_array id="mixamorig7_Hips-Interpolations-array" count="49">
 LINEAR LINEAR LINEAR LINEAR LINEAR LINEAR LINEAR LINEAR LINEAR LINEAR LINEAR
LINEAR LINEAR LINEAR LINEAR LINEAR LINEAR LINEAR LINEAR LINEAR LINEAR LINEAR LINEAR
LINEAR LINEAR LINEAR LINEAR LINEAR LINEAR LINEAR LINEAR LINEAR LINEAR LINEAR LINEAR
LINEAR LINEAR LINEAR LINEAR LINEAR LINEAR LINEAR LINEAR LINEAR LINEAR LINEAR LINEAR
LINEAR LINEAR</Name_array><technique_common><accessor source="#mixamorig7_Hips-Interpolations-array" count="49"><param type="name"/></accessor></technique_common></source><sampler id="mixamorig7_Hips-Matrix-animation-transform"><input semantic="INPUT" source="#mixamorig7_Hips-Matrix-animation-input"/><input semantic="OUTPUT" source="#mixamorig7_Hips-Matrix-animation-output-transform"/><input semantic="INTERPOLATION" source="#mixamorig7_Hips-Interpolations"/></sampler><channel source="#mixamorig7_Hips-Matrix-animation-transform" target="mixamorig7_Hips/matrix"/></animation>
    <animation id="mixamorig7_Spine-anim" name="mixamorig7_Spine"><source id="mixamorig7_Spine-Matrix-animation-input"><float_array id="mixamorig7_Spine-Matrix-animation-input-array" count="49">

0.000000 0.033333 0.066667 0.100000 0.133333 0.166667 0.200000 0.233333 0.266667 0.300000 0.333333 0.366667 0.400000 0.433333 0.466667 0.500000
0.533333 0.566667 0.600000 0.633333 0.666667 0.700000 0.733333 0.766667 0.800000 0.833333 0.866667 0.900000 0.933333 0.966667 1.000000 1.033333
1.066667 1.100000 1.133333 1.166667 1.200000 1.233333 1.266667 1.300000 1.333333 1.366667 1.400000 1.433333 1.466667 1.500000 1.533333 1.566667
1.600000</float_array><technique_common><accessor source="#mixamorig7_Spine-Matrix-animation-input-array" count="49"><param name="TIME" type="float"/></accessor></technique_common></source><source id="mixamorig7_Spine-Matrix-animation-output-transform"><float_array id="mixamorig7_Spine-Matrix-animation-output-transform-array" count="784">

0.998711 0.046094 0.021235 0.000000 -0.046037 0.998935 -0.003153 9.694400 -0.021358 0.002171 0.999770 -1.109700 0.000000 0.000000 0.000000 1.000000
0.998678 0.046697 0.021475 -0.000000 -0.046650 0.998908 -0.002664 9.694400 -0.021576 0.001658 0.999766 -1.109700 0.000000 0.000000 0.000000 1.000000
0.998654 0.047202 0.021489 0.000000 -0.047174 0.998885 -0.001798 9.694400 -0.021550 0.000782 0.999767 -1.109700 0.000000 0.000000 0.000000 1.000000
0.998783 0.045378 0.019319 0.000000 -0.045258 0.998953 -0.006613 9.694400 -0.019599 0.005731 0.999792 -1.109700 0.000000 0.000000 0.000000 1.000000
0.999058 0.039912 0.017026 0.000000 -0.039586 0.999034 -0.019070 9.694400 -0.017771 0.018378 0.999673 -1.109700 0.000000 0.000000 0.000000 1.000000
0.998471 0.045721 0.031066 -0.000000 -0.045375 0.998901 -0.011774 9.694400 -0.031571 0.010347 0.999448 -1.109700 0.000000 0.000000 0.000000 1.000000
0.994251 0.077745 0.073621 0.000000 -0.082228 0.994808 0.059960 9.694400 -0.068577 -0.065669 0.995482 -1.109700 0.000000 0.000000 0.000000 1.000000
0.988321 0.105475 0.109986 0.000000 -0.120039 0.983476 0.135517 9.694400 -0.093875 -0.147137 0.984651 -1.109700 0.000000 0.000000 0.000000 1.000000
0.985978 0.134397 0.098918 -0.000000 -0.149811 0.974007 0.169904 9.694400 -0.073512 -0.182341 0.980483 -1.109700 0.000000 0.000000 0.000000 1.000000
0.984455 0.167274 0.053558 0.000000 -0.174502 0.966138 0.190068 9.694400 -0.019951 -0.196459 0.980309 -1.109700 0.000000 0.000000 0.000000 1.000000
0.984455 0.175050 -0.014317 0.000000 -0.168945 0.966092 0.195254 9.694400 0.048011 -0.189800 0.980648 -1.109700 0.000000 0.000000 0.000000 1.000000
0.982818 0.173621 -0.062642 0.000000 -0.159252 0.969221 0.187750 9.694400 0.093311 -0.174548 0.980217 -1.109700 0.000000 0.000000 0.000000 1.000000
0.981656 0.170184 -0.085961 -0.000000 -0.155447 0.975448 0.156006 9.694400 0.110400 -0.139781 0.984009 -1.109700 0.000000 0.000000 0.000000 1.000000
0.979747 0.179602 -0.088538 0.000000 -0.167880 0.977762 0.125688 9.694400 0.109143 -0.108279 0.988111 -1.109700 0.000000 0.000000 0.000000 1.000000
0.977238 0.193744 -0.086421 0.000000 -0.185536 0.978067 0.094668 9.694400 0.102867 -0.076479 0.991751 -1.109700 0.000000 0.000000 0.000000 1.000000
0.974307 0.209146 -0.083575 -0.000000 -0.204018 0.976747 0.065886 9.694400 0.095411 -0.047142 0.994321 -1.109700 0.000000 0.000000 0.000000 1.000000
0.973175 0.218676 -0.071485 0.000000 -0.216658 0.975621 0.034961 9.694400 0.077388 -0.018535 0.996829 -1.109700 0.000000 0.000000 0.000000 1.000000
0.973202 0.224740 -0.048684 0.000000 -0.225028 0.974352 -0.000446 9.694400 0.047335 0.011389 0.998814 -1.109700 0.000000 0.000000 0.000000 1.000000
0.974660 0.222504 -0.023021 0.000000 -0.223214 0.974137 -0.035095 9.694400 0.014617 0.039345 0.999119 -1.109700 0.000000 0.000000 0.000000 1.000000
0.976579 0.215131 -0.003373 -0.000000 -0.214983 0.975036 -0.055557 9.694400 -0.008663 0.054981 0.998450 -1.109700 0.000000 0.000000 0.000000 1.000000
0.978440 0.206139 0.012744 0.000000 -0.204859 0.976500 -0.066945 9.694400 -0.026245 0.062890 0.997675 -1.109700 0.000000 0.000000 0.000000 1.000000
0.981064 0.191668 0.027873 0.000000 -0.188714 0.978330 -0.085193 9.694400 -0.043598 0.078320 0.995975 -1.109700 0.000000 0.000000 0.000000 1.000000
0.984439 0.172342 0.034312 0.000000 -0.168306 0.980867 -0.097841 9.694400 -0.050518 0.090544 0.994610 -1.109700 0.000000 0.000000 0.000000 1.000000
0.987523 0.152324 0.039955 0.000000 -0.147372 0.983337 -0.106444 9.694400 -0.055503 0.099227 0.993516 -1.109700 0.000000 0.000000 0.000000 1.000000
0.989770 0.130023 0.058737 0.000000 -0.122310 0.985223 -0.119900 9.694400 -0.073459 0.111489 0.991047 -1.109700 0.000000 0.000000 0.000000 1.000000
0.992007 0.102706 0.073305 -0.000000 -0.092607 0.987190 -0.129919 9.694400 -0.085709 0.122092 0.988811 -1.109700 0.000000 0.000000 0.000000 1.000000
0.994637 0.073790 0.072478 -0.000000 -0.063650 0.989013 -0.133421 9.694400 -0.081527 0.128092 0.988406 -1.109700 0.000000 0.000000 0.000000 1.000000
0.996478 0.054064 0.064100 -0.000000 -0.045060 0.989898 -0.134428 9.694400 -0.070720 0.131066 0.988848 -1.109700 0.000000 0.000000 0.000000 1.000000
0.997648 0.046560 0.050309 0.000000 -0.039558 0.990437 -0.132171 9.694400 -0.055981 0.129870 0.989949 -1.109700 0.000000 0.000000 0.000000 1.000000
0.998226 0.038444 0.045456 -0.000000 -0.032166 0.990783 -0.131581 9.694400 -0.050096 0.129886 0.990263 -1.109700 0.000000 0.000000 0.000000 1.000000
0.998757 0.032289 0.037978 -0.000000 -0.027363 0.991935 -0.123762 9.694400 -0.041667 0.122569 0.991585 -1.109700 0.000000 0.000000 0.000000 1.000000
0.999001 0.027116 0.035529 0.000000 -0.022812 0.992941 -0.116392 9.694400 -0.038434 0.115465 0.992568 -1.109700 0.000000 0.000000 0.000000 1.000000
0.999166 0.027385 0.030282 0.000000 -0.023655 0.992814 -0.117305 9.694400 -0.033277 0.116491 0.992634 -1.109700 0.000000 0.000000 0.000000 1.000000
0.999350 0.028064 0.022636 0.000000 -0.025284 0.993052 -0.114928 9.694400 -0.025704 0.114281 0.993116 -1.109700 0.000000 0.000000 0.000000 1.000000
0.999497 0.028500 0.013882 0.000000 -0.026829 0.993739 -0.108458 9.694400 -0.016886 0.108031 0.994004 -1.109700 0.000000 0.000000 0.000000 1.000000
0.999508 0.030778 0.005980 0.000000 -0.029992 0.994157 -0.103696 9.694400 -0.009137 0.103466 0.994591 -1.109700 0.000000 0.000000 0.000000 1.000000
0.999476 0.032354 0.001135 -0.000000 -0.032085 0.994610 -0.098594 9.694400 -0.004319 0.098506 0.995127 -1.109700 0.000000 0.000000 0.000000 1.000000
0.999378 0.035200 -0.001914 -0.000000 -0.035231 0.995405 -0.089040 9.694400 -0.001229 0.089052 0.996026 -1.109700 0.000000 0.000000 0.000000 1.000000
0.999239 0.038912 -0.002692 0.000000 -0.039003 0.996233 -0.077444 9.694400 -0.000332 0.077490 0.996993 -1.109700 0.000000 0.000000 0.000000 1.000000
0.999170 0.040727 -0.001107 0.000000 -0.040707 0.996816 -0.068557 9.694400 -0.001688 0.068545 0.997647 -1.109700 0.000000 0.000000 0.000000 1.000000
0.998990 0.044903 0.001570 0.000000 -0.044704 0.996863 -0.065309 9.694400 -0.004497 0.065173 0.997864 -1.109700 0.000000 0.000000 0.000000 1.000000
0.998791 0.048744 0.006340 0.000000 -0.048303 0.997194 -0.057188 9.694400 -0.009110 0.056813 0.998343 -1.109700 0.000000 0.000000 0.000000 1.000000
0.998549 0.052565 0.011737 0.000000 -0.051983 0.997618 -0.045351 9.694400 -0.014093 0.044676 0.998902 -1.109700 0.000000 0.000000 0.000000 1.000000
0.998366 0.054854 0.016012 -0.000000 -0.054292 0.997958 -0.033651 9.694400 -0.017825 0.032727 0.999305 -1.109700 0.000000 0.000000 0.000000 1.000000
0.998248 0.056024 0.019041 0.000000 -0.055530 0.998130 -0.025538 9.694400 -0.020436 0.024436 0.999493 -1.109700 0.000000 0.000000 0.000000 1.000000
0.998337 0.054037 0.020088 -0.000000 -0.053663 0.998384 -0.018716 9.694400 -0.021066 0.017607 0.999623 -1.109700 0.000000 0.000000 0.000000 1.000000
0.998472 0.051320 0.020474 -0.000000 -0.051073 0.998617 -0.012450 9.694400 -0.021085 0.011385 0.999713 -1.109700 0.000000 0.000000 0.000000 1.000000
0.998606 0.048380 0.021090 -0.000000 -0.048239 0.998810 -0.007126 9.694400 -0.021409 0.006099 0.999752 -1.109700 0.000000 0.000000 0.000000 1.000000
0.998711 0.046101 0.021237 0.000000 -0.046044 0.998934 -0.003153 9.694400 -0.021359 0.002171 0.999770 -1.109700 0.000000 0.000000 0.000000 1.000000</float_array><technique_common><accessor source="#mixamorig7_Spine-Matrix-animation-output-transform-array" count="49" stride="16"><param type="float4x4"/></accessor></technique_common></source><source id="mixamorig7_Spine-Interpolations"><Name_array id="mixamorig7_Spine-Interpolations-array" count="49">
 LINEAR LINEAR LINEAR LINEAR LINEAR LINEAR LINEAR LINEAR LINEAR LINEAR LINEAR
LINEAR LINEAR LINEAR LINEAR LINEAR LINEAR LINEAR LINEAR LINEAR LINEAR LINEAR LINEAR
LINEAR LINEAR LINEAR LINEAR LINEAR LINEAR LINEAR LINEAR LINEAR LINEAR LINEAR LINEAR
LINEAR LINEAR LINEAR LINEAR LINEAR LINEAR LINEAR LINEAR LINEAR LINEAR LINEAR LINEAR
LINEAR LINEAR</Name_array><technique_common><accessor source="#mixamorig7_Spine-Interpolations-array" count="49"><param type="name"/></accessor></technique_common></source><sampler id="mixamorig7_Spine-Matrix-animation-transform"><input semantic="INPUT" source="#mixamorig7_Spine-Matrix-animation-input"/><input semantic="OUTPUT" source="#mixamorig7_Spine-Matrix-animation-output-transform"/><input semantic="INTERPOLATION" source="#mixamorig7_Spine-Interpolations"/></sampler><channel source="#mixamorig7_Spine-Matrix-animation-transform" target="mixamorig7_Spine/matrix"/></animation>
    <animation id="mixamorig7_Spine1-anim" name="mixamorig7_Spine1"><source id="mixamorig7_Spine1-Matrix-animation-input"><float_array id="mixamorig7_Spine1-Matrix-animation-input-array" count="49">

0.000000 0.033333 0.066667 0.100000 0.133333 0.166667 0.200000 0.233333 0.266667 0.300000 0.333333 0.366667 0.400000 0.433333 0.466667 0.500000
0.533333 0.566667 0.600000 0.633333 0.666667 0.700000 0.733333 0.766667 0.800000 0.833333 0.866667 0.900000 0.933333 0.966667 1.000000 1.033333
1.066667 1.100000 1.133333 1.166667 1.200000 1.233333 1.266667 1.300000 1.333333 1.366667 1.400000 1.433333 1.466667 1.500000 1.533333 1.566667
1.600000</float_array><technique_common><accessor source="#mixamorig7_Spine1-Matrix-animation-input-array" count="49"><param name="TIME" type="float"/></accessor></technique_common></source><source id="mixamorig7_Spine1-Matrix-animation-output-transform"><float_array id="mixamorig7_Spine1-Matrix-animation-output-transform-array" count="784">

0.995409 0.088448 0.036582 0.000000 -0.077591 0.969454 -0.232678 11.384000 -0.056045 0.228771 0.971866 0.000000 0.000000 0.000000 0.000000 1.000000
0.995350 0.089076 0.036654 0.000000 -0.078213 0.969515 -0.232216 11.384000 -0.056221 0.228269 0.971973 0.000000 0.000000 0.000000 0.000000 1.000000
0.995301 0.089705 0.036441 -0.000000 -0.078913 0.969621 -0.231535 11.384000 -0.056104 0.227572 0.972144 -0.000000 0.000000 0.000000 0.000000 1.000000
0.994937 0.094038 0.035452 -0.000000 -0.083798 0.971004 -0.223897 11.384000 -0.055479 0.219792 0.973968 0.000000 0.000000 0.000000 0.000000 1.000000
0.993875 0.104467 0.036041 0.000000 -0.094957 0.974138 -0.205033 11.384000 -0.056528 0.200355 0.978091 0.000000 0.000000 0.000000 0.000000 1.000000
0.992001 0.117215 0.046846 0.000000 -0.106223 0.975658 -0.191854 11.384000 -0.068194 0.185343 0.980305 0.000000 0.000000 0.000000 0.000000 1.000000
0.989884 0.124222 0.068548 -0.000000 -0.108391 0.973868 -0.199580 11.384000 -0.091549 0.190131 0.977481 0.000000 0.000000 0.000000 0.000000 1.000000
0.987825 0.133170 0.080418 0.000000 -0.117887 0.978087 -0.171607 11.384000 -0.101509 0.160037 0.981878 0.000000 0.000000 0.000000 0.000000 1.000000
0.985626 0.159163 0.056647 -0.000000 -0.152989 0.983117 -0.100372 11.384000 -0.071666 0.090262 0.993336 0.000000 0.000000 0.000000 0.000000 1.000000
0.982280 0.187349 0.005116 0.000000 -0.187133 0.981923 -0.028430 11.384000 -0.010350 0.026968 0.999583 0.000000 0.000000 0.000000 0.000000 1.000000
0.980466 0.188675 -0.055579 -0.000000 -0.189623 0.981781 -0.012255 11.384000 0.052254 0.022555 0.998379 0.000000 0.000000 0.000000 0.000000 1.000000
0.978843 0.179464 -0.098282 0.000000 -0.182700 0.982853 -0.024899 11.384000 0.092129 0.042328 0.994847 0.000000 0.000000 0.000000 0.000000 1.000000
0.978509 0.172075 -0.113624 0.000000 -0.180256 0.981398 -0.066070 11.384000 0.100141 0.085131 0.991325 0.000000 0.000000 0.000000 0.000000 1.000000
0.977531 0.177711 -0.113363 -0.000000 -0.189317 0.976662 -0.101442 11.384000 0.092690 0.120625 0.988361 0.000000 0.000000 0.000000 0.000000 1.000000
0.975971 0.188191 -0.109838 0.000000 -0.202202 0.970043 -0.134650 11.384000 0.081208 0.153624 0.984787 0.000000 0.000000 0.000000 0.000000 1.000000
0.973566 0.202171 -0.106281 0.000000 -0.217608 0.962384 -0.162677 11.384000 0.069395 0.181505 0.980939 0.000000 0.000000 0.000000 0.000000 1.000000
0.971615 0.217438 -0.093192 -0.000000 -0.231669 0.954306 -0.188757 11.384000 0.047890 0.204989 0.977592 -0.000000 0.000000 0.000000 0.000000 1.000000
0.970183 0.232047 -0.069998 0.000000 -0.241856 0.945745 -0.216960 11.384000 0.015855 0.227420 0.973668 -0.000000 0.000000 0.000000 0.000000 1.000000
0.970010 0.239174 -0.043324 0.000000 -0.242406 0.938761 -0.244881 11.384000 -0.017899 0.248039 0.968585 0.000000 0.000000 0.000000 0.000000 1.000000
0.970369 0.240432 -0.023991 0.000000 -0.238185 0.935127 -0.262310 11.384000 -0.040633 0.260252 0.964685 0.000000 0.000000 0.000000 0.000000 1.000000
0.971756 0.235857 -0.007815 0.000000 -0.228983 0.934394 -0.272902 11.384000 -0.057064 0.266984 0.962010 0.000000 0.000000 0.000000 0.000000 1.000000
0.973581 0.228091 0.010651 0.000000 -0.215226 0.932247 -0.290850 11.384000 -0.076270 0.280874 0.956709 0.000000 0.000000 0.000000 0.000000 1.000000
0.976523 0.214253 0.022347 0.000000 -0.197533 0.932011 -0.303869 11.384000 -0.085932 0.292320 0.952452 0.000000 0.000000 0.000000 0.000000 1.000000
0.979564 0.199233 0.027588 0.000000 -0.180976 0.932911 -0.311329 11.384000 -0.087764 0.299974 0.949902 -0.000000 0.000000 0.000000 0.000000 1.000000
0.982249 0.183559 0.038645 0.000000 -0.162184 0.934551 -0.316719 11.384000 -0.094253 0.304829 0.947732 0.000000 0.000000 0.000000 0.000000 1.000000
0.985470 0.162453 0.049578 0.000000 -0.137821 0.935413 -0.325589 11.384000 -0.099269 0.314025 0.944211 0.000000 0.000000 0.000000 0.000000 1.000000
0.988583 0.140626 0.054107 0.000000 -0.114852 0.935719 -0.333525 11.384000 -0.097531 0.323503 0.941187 0.000000 0.000000 0.000000 0.000000 1.000000
0.990555 0.125932 0.054242 -0.000000 -0.100276 0.935122 -0.339839 11.384000 -0.093520 0.331190 0.938918 -0.000000 0.000000 0.000000 0.000000 1.000000
0.992327 0.110609 0.055254 0.000000 -0.085100 0.935194 -0.343760 11.384000 -0.089696 0.336420 0.937431 0.000000 0.000000 0.000000 0.000000 1.000000
0.993396 0.099354 0.057380 0.000000 -0.073744 0.936044 -0.344070 11.384000 -0.087895 0.337566 0.937189 0.000000 0.000000 0.000000 0.000000 1.000000
0.994277 0.092802 0.052921 0.000000 -0.069520 0.938189 -0.339070 11.384000 -0.081117 0.333451 0.939271 0.000000 0.000000 0.000000 0.000000 1.000000
0.994689 0.089847 0.050207 0.000000 -0.068085 0.940225 -0.333677 11.384000 -0.077186 0.328487 0.941349 -0.000000 0.000000 0.000000 0.000000 1.000000
0.994925 0.088612 0.047663 0.000000 -0.067726 0.940112 -0.334069 11.384000 -0.074411 0.329146 0.941343 0.000000 0.000000 0.000000 0.000000 1.000000
0.995341 0.086923 0.041729 -0.000000 -0.068227 0.940739 -0.332196 11.384000 -0.068131 0.327801 0.942287 0.000000 0.000000 0.000000 0.000000 1.000000
0.995787 0.085395 0.033397 -0.000000 -0.069850 0.942419 -0.327060 11.384000 -0.059403 0.323349 0.944413 0.000000 0.000000 0.000000 0.000000 1.000000
0.995978 0.085709 0.026117 0.000000 -0.072724 0.943558 -0.323125 11.384000 -0.052337 0.319926 0.945996 0.000000 0.000000 0.000000 0.000000 1.000000
0.996159 0.084711 0.022165 0.000000 -0.073228 0.944732 -0.319560 11.384000 -0.048010 0.316709 0.947307 0.000000 0.000000 0.000000 0.000000 1.000000
0.996272 0.084145 0.019034 0.000000 -0.073979 0.946771 -0.313292 11.384000 -0.044383 0.310716 0.949466 0.000000 0.000000 0.000000 0.000000 1.000000
0.996198 0.085386 0.017289 -0.000000 -0.076072 0.949295 -0.305043 11.384000 -0.042459 0.302568 0.952182 0.000000 0.000000 0.000000 0.000000 1.000000
0.996220 0.084883 0.018464 0.000000 -0.075537 0.951443 -0.298414 11.384000 -0.042898 0.295892 0.954258 0.000000 0.000000 0.000000 0.000000 1.000000
0.996104 0.085723 0.020683 0.000000 -0.075904 0.952871 -0.293726 11.384000 -0.044887 0.291012 0.955666 0.000000 0.000000 0.000000 0.000000 1.000000
0.995969 0.086272 0.024565 0.000000 -0.075737 0.955513 -0.285059 11.384000 -0.048065 0.282049 0.958195 0.000000 0.000000 0.000000 0.000000 1.000000
0.995805 0.086929 0.028551 0.000000 -0.075810 0.958591 -0.274510 11.384000 -0.051232 0.271194 0.961160 0.000000 0.000000 0.000000 0.000000 1.000000
0.995510 0.089602 0.030507 0.000000 -0.078462 0.961457 -0.263523 11.384000 -0.052943 0.259946 0.964171 0.000000 0.000000 0.000000 0.000000 1.000000
0.995264 0.091736 0.032149 -0.000000 -0.080577 0.963571 -0.255025 11.384000 -0.054373 0.251227 0.966400 0.000000 0.000000 0.000000 0.000000 1.000000
0.995228 0.091499 0.033911 -0.000000 -0.080304 0.965402 -0.248093 11.384000 -0.055438 0.244186 0.968142 0.000000 0.000000 0.000000 0.000000 1.000000
0.995238 0.090858 0.035311 0.000000 -0.079707 0.967053 -0.241773 11.384000 -0.056115 0.237807 0.969690 0.000000 0.000000 0.000000 0.000000 1.000000
0.995322 0.089626 0.036086 -0.000000 -0.078640 0.968480 -0.236354 11.384000 -0.056132 0.232410 0.970997 0.000000 0.000000 0.000000 0.000000 1.000000
0.995410 0.088442 0.036576 -0.000000 -0.077587 0.969456 -0.232672 11.384000 -0.056037 0.228766 0.971867 0.000000 0.000000 0.000000 0.000000 1.000000</float_array><technique_common><accessor source="#mixamorig7_Spine1-Matrix-animation-output-transform-array" count="49" stride="16"><param type="float4x4"/></accessor></technique_common></source><source id="mixamorig7_Spine1-Interpolations"><Name_array id="mixamorig7_Spine1-Interpolations-array" count="49">
 LINEAR LINEAR LINEAR LINEAR LINEAR LINEAR LINEAR LINEAR LINEAR LINEAR LINEAR
LINEAR LINEAR LINEAR LINEAR LINEAR LINEAR LINEAR LINEAR LINEAR LINEAR LINEAR LINEAR
LINEAR LINEAR LINEAR LINEAR LINEAR LINEAR LINEAR LINEAR LINEAR LINEAR LINEAR LINEAR
LINEAR LINEAR LINEAR LINEAR LINEAR LINEAR LINEAR LINEAR LINEAR LINEAR LINEAR LINEAR
LINEAR LINEAR</Name_array><technique_common><accessor source="#mixamorig7_Spine1-Interpolations-array" count="49"><param type="name"/></accessor></technique_common></source><sampler id="mixamorig7_Spine1-Matrix-animation-transform"><input semantic="INPUT" source="#mixamorig7_Spine1-Matrix-animation-input"/><input semantic="OUTPUT" source="#mixamorig7_Spine1-Matrix-animation-output-transform"/><input semantic="INTERPOLATION" source="#mixamorig7_Spine1-Interpolations"/></sampler><channel source="#mixamorig7_Spine1-Matrix-animation-transform" target="mixamorig7_Spine1/matrix"/></animation>
    <animation id="mixamorig7_Spine2-anim" name="mixamorig7_Spine2"><source id="mixamorig7_Spine2-Matrix-animation-input"><float_array id="mixamorig7_Spine2-Matrix-animation-input-array" count="49">

0.000000 0.033333 0.066667 0.100000 0.133333 0.166667 0.200000 0.233333 0.266667 0.300000 0.333333 0.366667 0.400000 0.433333 0.466667 0.500000
0.533333 0.566667 0.600000 0.633333 0.666667 0.700000 0.733333 0.766667 0.800000 0.833333 0.866667 0.900000 0.933333 0.966667 1.000000 1.033333
1.066667 1.100000 1.133333 1.166667 1.200000 1.233333 1.266667 1.300000 1.333333 1.366667 1.400000 1.433333 1.466667 1.500000 1.533333 1.566667
1.600000</float_array><technique_common><accessor source="#mixamorig7_Spine2-Matrix-animation-input-array" count="49"><param name="TIME" type="float"/></accessor></technique_common></source><source id="mixamorig7_Spine2-Matrix-animation-output-transform"><float_array id="mixamorig7_Spine2-Matrix-animation-output-transform-array" count="784">

0.995412 0.088476 0.036441 0.000000 -0.077650 0.969449 -0.232679 13.010300 -0.055914 0.228781 0.971871 0.000000 0.000000 0.000000 0.000000 1.000000
0.995355 0.089078 0.036510 -0.000000 -0.078248 0.969516 -0.232196 13.010300 -0.056080 0.228261 0.971984 0.000000 0.000000 0.000000 0.000000 1.000000
0.995305 0.089723 0.036313 0.000000 -0.078961 0.969621 -0.231518 13.010300 -0.055983 0.227564 0.972153 0.000000 0.000000 0.000000 0.000000 1.000000
0.994974 0.094228 0.033895 0.000000 -0.084316 0.970920 -0.224067 13.010300 -0.054023 0.220083 0.973984 0.000000 0.000000 0.000000 0.000000 1.000000
0.993955 0.105222 0.031319 0.000000 -0.096617 0.973861 -0.205573 13.010300 -0.052132 0.201304 0.978141 0.000000 0.000000 0.000000 0.000000 1.000000
0.992216 0.117683 0.040713 0.000000 -0.107786 0.975363 -0.192481 13.010300 -0.062362 0.186595 0.980456 0.000000 0.000000 0.000000 0.000000 1.000000
0.990322 0.121883 0.066381 0.000000 -0.106485 0.974031 -0.199809 13.010300 -0.089011 0.190807 0.977584 -0.000000 0.000000 0.000000 0.000000 1.000000
0.988216 0.129952 0.080881 -0.000000 -0.114634 0.978487 -0.171528 13.010300 -0.101432 0.160235 0.981854 0.000000 0.000000 0.000000 0.000000 1.000000
0.986095 0.158156 0.051024 -0.000000 -0.152481 0.983172 -0.100613 13.010300 -0.066077 0.091434 0.993616 0.000000 0.000000 0.000000 0.000000 1.000000
0.982257 0.187361 -0.008222 0.000000 -0.187521 0.981853 -0.028288 13.010300 0.002772 0.029328 0.999566 0.000000 0.000000 0.000000 0.000000 1.000000
0.979853 0.186800 -0.070671 0.000000 -0.188088 0.982079 -0.011961 13.010300 0.067170 0.025013 0.997428 0.000000 0.000000 0.000000 0.000000 1.000000
0.977981 0.177130 -0.110351 0.000000 -0.180859 0.983199 -0.024673 13.010300 0.104127 0.044088 0.993586 -0.000000 0.000000 0.000000 0.000000 1.000000
0.977830 0.172195 -0.119157 -0.000000 -0.180745 0.981377 -0.065039 13.010300 0.105739 0.085134 0.990743 0.000000 0.000000 0.000000 0.000000 1.000000
0.977025 0.179988 -0.114137 0.000000 -0.191494 0.976448 -0.099399 13.010300 0.093558 0.118972 0.988480 -0.000000 0.000000 0.000000 0.000000 1.000000
0.975531 0.191992 -0.107132 -0.000000 -0.205338 0.969768 -0.131855 13.010300 0.078578 0.150627 0.985463 0.000000 0.000000 0.000000 0.000000 1.000000
0.973070 0.206718 -0.101995 0.000000 -0.221102 0.962137 -0.159395 13.010300 0.065183 0.177654 0.981932 0.000000 0.000000 0.000000 0.000000 1.000000
0.971000 0.221925 -0.088927 -0.000000 -0.235050 0.954136 -0.185405 13.010300 0.043703 0.200930 0.978630 0.000000 0.000000 0.000000 0.000000 1.000000
0.969447 0.236375 -0.065572 0.000000 -0.245031 0.945683 -0.213644 13.010300 0.011510 0.223184 0.974708 0.000000 0.000000 0.000000 0.000000 1.000000
0.969199 0.243208 -0.038763 0.000000 -0.245256 0.938830 -0.241761 13.010300 -0.022407 0.243821 0.969561 0.000000 0.000000 0.000000 0.000000 1.000000
0.969560 0.244039 -0.019972 0.000000 -0.240752 0.935266 -0.259452 13.010300 -0.044637 0.256363 0.965549 0.000000 0.000000 0.000000 0.000000 1.000000
0.971034 0.238899 -0.004546 -0.000000 -0.231192 0.934560 -0.270458 13.010300 -0.060364 0.263674 0.962721 0.000000 0.000000 0.000000 0.000000 1.000000
0.973002 0.230412 0.013301 0.000000 -0.216853 0.932431 -0.289044 13.010300 -0.079002 0.278356 0.957223 0.000000 0.000000 0.000000 0.000000 1.000000
0.976118 0.215893 0.024140 0.000000 -0.198686 0.932159 -0.302662 13.010300 -0.087845 0.290637 0.952792 0.000000 0.000000 0.000000 0.000000 1.000000
0.979304 0.200365 0.028574 -0.000000 -0.181832 0.933006 -0.310543 13.010300 -0.088882 0.298921 0.950130 0.000000 0.000000 0.000000 0.000000 1.000000
0.982135 0.184170 0.038630 0.000000 -0.162811 0.934579 -0.316313 13.010300 -0.094358 0.304373 0.947868 0.000000 0.000000 0.000000 0.000000 1.000000
0.985464 0.162524 0.049456 0.000000 -0.137936 0.935426 -0.325504 13.010300 -0.099164 0.313951 0.944246 0.000000 0.000000 0.000000 0.000000 1.000000
0.988691 0.140071 0.053572 0.000000 -0.114480 0.935694 -0.333724 13.010300 -0.096872 0.323817 0.941147 0.000000 0.000000 0.000000 0.000000 1.000000
0.990766 0.124817 0.052949 -0.000000 -0.099611 0.935035 -0.340276 13.010300 -0.091982 0.331860 0.938834 0.000000 0.000000 0.000000 0.000000 1.000000
0.992472 0.109411 0.055027 0.000000 -0.084017 0.935174 -0.344080 13.010300 -0.089106 0.336867 0.937326 0.000000 0.000000 0.000000 0.000000 1.000000
0.993522 0.098021 0.057492 -0.000000 -0.072424 0.936046 -0.344343 13.010300 -0.087568 0.337949 0.937082 0.000000 0.000000 0.000000 0.000000 1.000000
0.994417 0.091387 0.052748 0.000000 -0.068218 0.938179 -0.339361 13.010300 -0.080501 0.333868 0.939176 -0.000000 0.000000 0.000000 0.000000 1.000000
0.994782 0.088773 0.050285 0.000000 -0.067028 0.940233 -0.333869 13.010300 -0.076918 0.328756 0.941277 0.000000 0.000000 0.000000 0.000000 1.000000
0.994969 0.087801 0.048238 -0.000000 -0.066763 0.940148 -0.334162 13.010300 -0.074691 0.329261 0.941280 -0.000000 0.000000 0.000000 0.000000 1.000000
0.995348 0.086398 0.042640 -0.000000 -0.067430 0.940789 -0.332218 13.010300 -0.068818 0.327798 0.942238 -0.000000 0.000000 0.000000 0.000000 1.000000
0.995772 0.085151 0.034462 0.000000 -0.069275 0.942467 -0.327042 13.010300 -0.060327 0.323272 0.944381 -0.000000 0.000000 0.000000 0.000000 1.000000
0.995939 0.085743 0.027470 -0.000000 -0.072327 0.943611 -0.323059 13.010300 -0.053621 0.319760 0.945980 0.000000 0.000000 0.000000 0.000000 1.000000
0.996105 0.084923 0.023739 0.000000 -0.072935 0.944788 -0.319462 13.010300 -0.049558 0.316486 0.947302 0.000000 0.000000 0.000000 0.000000 1.000000
0.996214 0.084505 0.020418 0.000000 -0.073896 0.946815 -0.313177 13.010300 -0.045797 0.310483 0.949475 -0.000000 0.000000 0.000000 0.000000 1.000000
0.996140 0.085864 0.018234 0.000000 -0.076248 0.949324 -0.304910 13.010300 -0.043491 0.302342 0.952207 0.000000 0.000000 0.000000 0.000000 1.000000
0.996161 0.085406 0.019197 0.000000 -0.075826 0.951465 -0.298269 13.010300 -0.043740 0.295668 0.954289 0.000000 0.000000 0.000000 0.000000 1.000000
0.996045 0.086184 0.021597 0.000000 -0.076086 0.952902 -0.293578 13.010300 -0.045881 0.290774 0.955691 0.000000 0.000000 0.000000 0.000000 1.000000
0.995914 0.086641 0.025484 -0.000000 -0.075838 0.955548 -0.284915 13.010300 -0.049037 0.281818 0.958214 0.000000 0.000000 0.000000 0.000000 1.000000
0.995754 0.087327 0.029106 -0.000000 -0.076049 0.958609 -0.274383 13.010300 -0.051862 0.271004 0.961180 0.000000 0.000000 0.000000 0.000000 1.000000
0.995460 0.090158 0.030508 0.000000 -0.079007 0.961454 -0.263372 13.010300 -0.053077 0.259766 0.964212 0.000000 0.000000 0.000000 0.000000 1.000000
0.995235 0.092185 0.031760 0.000000 -0.081116 0.963555 -0.254915 13.010300 -0.054102 0.251124 0.966442 0.000000 0.000000 0.000000 0.000000 1.000000
0.995214 0.091779 0.033543 0.000000 -0.080667 0.965379 -0.248067 13.010300 -0.055150 0.244174 0.968162 0.000000 0.000000 0.000000 0.000000 1.000000
0.995249 0.090805 0.035119 0.000000 -0.079699 0.967044 -0.241813 13.010300 -0.055919 0.237866 0.969687 0.000000 0.000000 0.000000 0.000000 1.000000
0.995324 0.089621 0.036025 0.000000 -0.078649 0.968477 -0.236361 13.010300 -0.056073 0.232422 0.970997 0.000000 0.000000 0.000000 0.000000 1.000000
0.995410 0.088442 0.036576 -0.000000 -0.077587 0.969456 -0.232672 13.010300 -0.056037 0.228766 0.971867 0.000000 0.000000 0.000000 0.000000 1.000000</float_array><technique_common><accessor source="#mixamorig7_Spine2-Matrix-animation-output-transform-array" count="49" stride="16"><param type="float4x4"/></accessor></technique_common></source><source id="mixamorig7_Spine2-Interpolations"><Name_array id="mixamorig7_Spine2-Interpolations-array" count="49">
 LINEAR LINEAR LINEAR LINEAR LINEAR LINEAR LINEAR LINEAR LINEAR LINEAR LINEAR
LINEAR LINEAR LINEAR LINEAR LINEAR LINEAR LINEAR LINEAR LINEAR LINEAR LINEAR LINEAR
LINEAR LINEAR LINEAR LINEAR LINEAR LINEAR LINEAR LINEAR LINEAR LINEAR LINEAR LINEAR
LINEAR LINEAR LINEAR LINEAR LINEAR LINEAR LINEAR LINEAR LINEAR LINEAR LINEAR LINEAR
LINEAR LINEAR</Name_array><technique_common><accessor source="#mixamorig7_Spine2-Interpolations-array" count="49"><param type="name"/></accessor></technique_common></source><sampler id="mixamorig7_Spine2-Matrix-animation-transform"><input semantic="INPUT" source="#mixamorig7_Spine2-Matrix-animation-input"/><input semantic="OUTPUT" source="#mixamorig7_Spine2-Matrix-animation-output-transform"/><input semantic="INTERPOLATION" source="#mixamorig7_Spine2-Interpolations"/></sampler><channel source="#mixamorig7_Spine2-Matrix-animation-transform" target="mixamorig7_Spine2/matrix"/></animation>
    <animation id="mixamorig7_Neck-anim" name="mixamorig7_Neck"><source id="mixamorig7_Neck-Matrix-animation-input"><float_array id="mixamorig7_Neck-Matrix-animation-input-array" count="49">

0.000000 0.033333 0.066667 0.100000 0.133333 0.166667 0.200000 0.233333 0.266667 0.300000 0.333333 0.366667 0.400000 0.433333 0.466667 0.500000
0.533333 0.566667 0.600000 0.633333 0.666667 0.700000 0.733333 0.766667 0.800000 0.833333 0.866667 0.900000 0.933333 0.966667 1.000000 1.033333
1.066667 1.100000 1.133333 1.166667 1.200000 1.233333 1.266667 1.300000 1.333333 1.366667 1.400000 1.433333 1.466667 1.500000 1.533333 1.566667
1.600000</float_array><technique_common><accessor source="#mixamorig7_Neck-Matrix-animation-input-array" count="49"><param name="TIME" type="float"/></accessor></technique_common></source><source id="mixamorig7_Neck-Matrix-animation-output-transform"><float_array id="mixamorig7_Neck-Matrix-animation-output-transform-array" count="784">

0.998932 0.008131 0.045493 0.000000 0.000308 0.983206 -0.182501 14.636600 -0.046213 0.182320 0.982153 0.000000 0.000000 0.000000 0.000000 1.000000
0.998956 0.007542 0.045055 0.000000 0.000790 0.983280 -0.182096 14.636600 -0.045675 0.181942 0.982248 0.000000 0.000000 0.000000 0.000000 1.000000
0.998963 0.006756 0.045023 0.000000 0.001565 0.983247 -0.182273 14.636600 -0.045500 0.182154 0.982217 0.000000 0.000000 0.000000 0.000000 1.000000
0.998941 0.006560 0.045530 0.000000 0.001872 0.983162 -0.182729 14.636600 -0.045962 0.182621 0.982109 0.000000 0.000000 0.000000 0.000000 1.000000
