<?xml version="1.0" encoding="utf-8"?>
<COLLADA xmlns="http://www.collada.org/2005/11/COLLADASchema" version="1.4.1">
  <asset><contributor><author>Mixamo</author><authoring_tool>COLLADA Mixamo exporter</authoring_tool><comments></comments></contributor><created>2020-08-11T21:06:47Z</created><modified>2020-08-11T21:06:47Z</modified><revision></revision><title></title><unit meter="0.010000"/><up_axis>Y_UP</up_axis></asset>
  <library_animations>
    <animation id="swat_Hips-anim" name="swat_Hips"><source id="swat_Hips-Matrix-animation-input"><float_array id="swat_Hips-Matrix-animation-input-array" count="7">

0.000000 0.033333 0.066667 0.100000 0.133333 0.166667 0.200000</float_array><technique_common><accessor source="#swat_Hips-Matrix-animation-input-array" count="7"><param name="TIME" type="float"/></accessor></technique_common></source><source id="swat_Hips-Matrix-animation-output-transform"><float_array id="swat_Hips-Matrix-animation-output-transform-array" count="112">

0.528535 0.055213 -0.847114 -0.691683 -0.060657 0.997788 0.027188 85.439522 0.846742 0.037013 0.530715 0.002929 0.000000 0.000000 0.000000 1.000000
0.561335 0.068378 -0.824759 -0.194483 -0.059797 0.997327 0.041986 85.646301 0.825425 0.025750 0.563924 -0.091072 0.000000 0.000000 0.000000 1.000000
0.546740 0.071455 -0.834248 0.454982 -0.048348 0.997384 0.053742 85.280518 0.835906 0.010952 0.548764 -0.126368 0.000000 0.000000 0.000000 1.000000
0.536691 0.080511 -0.839929 0.919386 -0.044177 0.996753 0.067315 85.135269 0.842622 0.000978 0.538505 -0.110821 0.000000 0.000000 0.000000 1.000000
0.531722 0.068375 -0.844155 0.519693 -0.047945 0.997567 0.050602 85.109306 0.845561 0.013567 0.533706 -0.109973 0.000000 0.000000 0.000000 1.000000
0.537195 0.058293 -0.841441 -0.044746 -0.055293 0.997897 0.033831 85.259407 0.841643 0.028352 0.539289 -0.062746 0.000000 0.000000 0.000000 1.000000
0.528535 0.055213 -0.847114 -0.691686 -0.060657 0.997788 0.027188 85.439522 0.846742 0.037013 0.530715 0.002923 0.000000 0.000000 0.000000 1.000000</float_array><technique_common><accessor source="#swat_Hips-Matrix-animation-output-transform-array" count="7" stride="16"><param type="float4x4"/></accessor></technique_common></source><source id="swat_Hips-Interpolations"><Name_array id="swat_Hips-Interpolations-array" count="7">
 LINEAR LINEAR LINEAR LINEAR LINEAR LINEAR LINEAR</Name_array><technique_common><accessor source="#swat_Hips-Interpolations-array" count="7"><param type="name"/></accessor></technique_common></source><sampler id="swat_Hips-Matrix-animation-transform"><input semantic="INPUT" source="#swat_Hips-Matrix-animation-input"/><input semantic="OUTPUT" source="#swat_Hips-Matrix-animation-output-transform"/><input semantic="INTERPOLATION" source="#swat_Hips-Interpolations"/></sampler><channel source="#swat_Hips-Matrix-animation-transform" target="swat_Hips/matrix"/></animation>
    <animation id="swat_Spine-anim" name="swat_Spine"><source id="swat_Spine-Matrix-animation-input"><float_array id="swat_Spine-Matrix-animation-input-array" count="7">

0.000000 0.033333 0.066667 0.100000 0.133333 0.166667 0.200000</float_array><technique_common><accessor source="#swat_Spine-Matrix-animation-input-array" count="7"><param name="TIME" type="float"/></accessor></technique_common></source><source id="swat_Spine-Matrix-animation-output-transform"><float_array id="swat_Spine-Matrix-animation-output-transform-array" count="112">

0.998375 -0.002464 0.056936 0.000000 0.002125 0.999980 0.005999 9.226300 -0.056950 -0.005868 0.998360 1.577100 0.000000 0.000000 0.000000 1.000000
0.998630 0.005056 0.052081 0.000000 -0.005268 0.999978 0.003925 9.226300 -0.052060 -0.004194 0.998635 1.577100 0.000000 0.000000 0.000000 1.000000
0.999493 0.005258 0.031418 0.000000 -0.005173 0.999983 -0.002773 9.226300 -0.031432 0.002609 0.999502 1.577100 0.000000 0.000000 0.000000 1.000000
0.998854 0.012874 0.046107 0.000000 -0.012513 0.999889 -0.008106 9.226300 -0.046206 0.007520 0.998904 1.577100 0.000000 0.000000 0.000000 1.000000
0.998809 0.005031 0.048536 -0.000000 -0.004764 0.999973 -0.005607 9.226300 -0.048563 0.005369 0.998806 1.577100 0.000000 0.000000 0.000000 1.000000
0.998641 0.000278 0.052111 0.000000 -0.000392 0.999998 0.002176 9.226300 -0.052111 -0.002193 0.998639 1.577100 0.000000 0.000000 0.000000 1.000000
0.998375 -0.002464 0.056936 0.000000 0.002125 0.999980 0.005999 9.226300 -0.056949 -0.005868 0.998360 1.577100 0.000000 0.000000 0.000000 1.000000</float_array><technique_common><accessor source="#swat_Spine-Matrix-animation-output-transform-array" count="7" stride="16"><param type="float4x4"/></accessor></technique_common></source><source id="swat_Spine-Interpolations"><Name_array id="swat_Spine-Interpolations-array" count="7">
 LINEAR LINEAR LINEAR LINEAR LINEAR LINEAR LINEAR</Name_array><technique_common><accessor source="#swat_Spine-Interpolations-array" count="7"><param type="name"/></accessor></technique_common></source><sampler id="swat_Spine-Matrix-animation-transform"><input semantic="INPUT" source="#swat_Spine-Matrix-animation-input"/><input semantic="OUTPUT" source="#swat_Spine-Matrix-animation-output-transform"/><input semantic="INTERPOLATION" source="#swat_Spine-Interpolations"/></sampler><channel source="#swat_Spine-Matrix-animation-transform" target="swat_Spine/matrix"/></animation>
    <animation id="swat_Spine1-anim" name="swat_Spine1"><source id="swat_Spine1-Matrix-animation-input"><float_array id="swat_Spine1-Matrix-animation-input-array" count="7">

0.000000 0.033333 0.066667 0.100000 0.133333 0.166667 0.200000</float_array><technique_common><accessor source="#swat_Spine1-Matrix-animation-input-array" count="7"><param name="TIME" type="float"/></accessor></technique_common></source><source id="swat_Spine1-Matrix-animation-output-transform"><float_array id="swat_Spine1-Matrix-animation-output-transform-array" count="112">

0.996013 -0.006376 0.088976 0.000000 0.006498 0.999978 -0.001081 16.254000 -0.088968 0.001655 0.996033 -0.165600 0.000000 0.000000 0.000000 1.000000
0.996632 -0.000124 0.082009 0.000000 0.000510 0.999989 -0.004687 16.254000 -0.082008 0.004713 0.996621 -0.165600 0.000000 0.000000 0.000000 1.000000
0.998708 0.001540 0.050792 0.000000 -0.000976 0.999938 -0.011133 16.254000 -0.050806 0.011069 0.998647 -0.165600 0.000000 0.000000 0.000000 1.000000
0.997283 0.002644 0.073624 0.000000 -0.001626 0.999902 -0.013880 16.254000 -0.073654 0.013722 0.997189 -0.165600 0.000000 0.000000 0.000000 1.000000
0.997048 -0.002219 0.076747 0.000000 0.003070 0.999935 -0.010972 16.254000 -0.076717 0.011175 0.996990 -0.165600 0.000000 0.000000 0.000000 1.000000
0.996636 -0.004206 0.081853 0.000000 0.004593 0.999979 -0.004545 16.254000 -0.081833 0.004906 0.996634 -0.165600 0.000000 0.000000 0.000000 1.000000
0.996013 -0.006376 0.088976 0.000000 0.006498 0.999978 -0.001081 16.254000 -0.088968 0.001655 0.996033 -0.165600 0.000000 0.000000 0.000000 1.000000</float_array><technique_common><accessor source="#swat_Spine1-Matrix-animation-output-transform-array" count="7" stride="16"><param type="float4x4"/></accessor></technique_common></source><source id="swat_Spine1-Interpolations"><Name_array id="swat_Spine1-Interpolations-array" count="7">
 LINEAR LINEAR LINEAR LINEAR LINEAR LINEAR LINEAR</Name_array><technique_common><accessor source="#swat_Spine1-Interpolations-array" count="7"><param type="name"/></accessor></technique_common></source><sampler id="swat_Spine1-Matrix-animation-transform"><input semantic="INPUT" source="#swat_Spine1-Matrix-animation-input"/><input semantic="OUTPUT" source="#swat_Spine1-Matrix-animation-output-transform"/><input semantic="INTERPOLATION" source="#swat_Spine1-Interpolations"/></sampler><channel source="#swat_Spine1-Matrix-animation-transform" target="swat_Spine1/matrix"/></animation>
    <animation id="swat_Spine2-anim" name="swat_Spine2"><source id="swat_Spine2-Matrix-animation-input"><float_array id="swat_Spine2-Matrix-animation-input-array" count="7">

0.000000 0.033333 0.066667 0.100000 0.133333 0.166667 0.200000</float_array><technique_common><accessor source="#swat_Spine2-Matrix-animation-input-array" count="7"><param name="TIME" type="float"/></accessor></technique_common></source><source id="swat_Spine2-Matrix-animation-output-transform"><float_array id="swat_Spine2-Matrix-animation-output-transform-array" count="112">

0.996002 -0.006550 0.089087 -0.000000 0.006527 0.999979 0.000543 13.639600 -0.089088 0.000041 0.996024 -1.292300 0.000000 0.000000 0.000000 1.000000
0.996615 -0.000525 0.082205 0.000000 0.000783 0.999995 -0.003102 13.639600 -0.082203 0.003156 0.996611 -1.292300 0.000000 0.000000 0.000000 1.000000
0.998704 0.001058 0.050877 0.000000 -0.000509 0.999942 -0.010792 13.639600 -0.050885 0.010753 0.998647 -1.292300 0.000000 0.000000 0.000000 1.000000
0.997276 0.001940 0.073733 0.000000 -0.000970 0.999913 -0.013182 13.639600 -0.073752 0.013074 0.997191 -1.292300 0.000000 0.000000 0.000000 1.000000
0.997040 -0.002647 0.076836 0.000000 0.003443 0.999942 -0.010227 13.639600 -0.076804 0.010462 0.996991 -1.292300 0.000000 0.000000 0.000000 1.000000
0.996625 -0.004499 0.081963 0.000000 0.004787 0.999983 -0.003319 13.639600 -0.081946 0.003700 0.996630 -1.292300 0.000000 0.000000 0.000000 1.000000
0.996002 -0.006550 0.089087 0.000000 0.006527 0.999979 0.000543 13.639600 -0.089088 0.000041 0.996024 -1.292300 0.000000 0.000000 0.000000 1.000000</float_array><technique_common><accessor source="#swat_Spine2-Matrix-animation-output-transform-array" count="7" stride="16"><param type="float4x4"/></accessor></technique_common></source><source id="swat_Spine2-Interpolations"><Name_array id="swat_Spine2-Interpolations-array" count="7">
 LINEAR LINEAR LINEAR LINEAR LINEAR LINEAR LINEAR</Name_array><technique_common><accessor source="#swat_Spine2-Interpolations-array" count="7"><param type="name"/></accessor></technique_common></source><sampler id="swat_Spine2-Matrix-animation-transform"><input semantic="INPUT" source="#swat_Spine2-Matrix-animation-input"/><input semantic="OUTPUT" source="#swat_Spine2-Matrix-animation-output-transform"/><input semantic="INTERPOLATION" source="#swat_Spine2-Interpolations"/></sampler><channel source="#swat_Spine2-Matrix-animation-transform" target="swat_Spine2/matrix"/></animation>
    <animation id="swat_Neck-anim" name="swat_Neck"><source id="swat_Neck-Matrix-animation-input"><float_array id="swat_Neck-Matrix-animation-input-array" count="7">

0.000000 0.033333 0.066667 0.100000 0.133333 0.166667 0.200000</float_array><technique_common><accessor source="#swat_Neck-Matrix-animation-input-array" count="7"><param name="TIME" type="float"/></accessor></technique_common></source><source id="swat_Neck-Matrix-animation-output-transform"><float_array id="swat_Neck-Matrix-animation-output-transform-array" count="112">

0.997264 -0.068627 0.027483 0.000000 0.072508 0.980493 -0.182691 13.877400 -0.014410 0.184184 0.982786 -4.354200 0.000000 0.000000 0.000000 1.000000
0.997202 -0.069523 0.027462 0.000000 0.073356 0.980793 -0.180730 13.877400 -0.014370 0.182239 0.983149 -4.354200 0.000000 0.000000 0.000000 1.000000
0.998432 -0.043185 0.035622 0.000000 0.048888 0.982633 -0.179001 13.877400 -0.027274 0.180462 0.983204 -4.354200 0.000000 0.000000 0.000000 1.000000
0.997230 -0.070241 0.024461 0.000000 0.073423 0.982211 -0.172830 13.877400 -0.011887 0.174148 0.984648 -4.354200 0.000000 0.000000 0.000000 1.000000
0.997493 -0.065346 0.027171 0.000000 0.069110 0.982110 -0.175166 13.877400 -0.015239 0.176604 0.984164 -4.354200 0.000000 0.000000 0.000000 1.000000
0.997488 -0.065598 0.026717 0.000000 0.069404 0.980509 -0.183807 13.877400 -0.014139 0.185199 0.982599 -4.354200 0.000000 0.000000 0.000000 1.000000
0.997264 -0.068627 0.027483 -0.000000 0.072508 0.980493 -0.182691 13.877400 -0.014410 0.184184 0.982786 -4.354200 0.000000 0.000000 0.000000 1.000000</float_array><technique_common><accessor source="#swat_Neck-Matrix-animation-output-transform-array" count="7" stride="16"><param type="float4x4"/></accessor></technique_common></source><source id="swat_Neck-Interpolations"><Name_array id="swat_Neck-Interpolations-array" count="7">
 LINEAR LINEAR LINEAR LINEAR LINEAR LINEAR LINEAR</Name_array><technique_common><accessor source="#swat_Neck-Interpolations-array" count="7"><param type="name"/></accessor></technique_common></source><sampler id="swat_Neck-Matrix-animation-transform"><input semantic="INPUT" source="#swat_Neck-Matrix-animation-input"/><input semantic="OUTPUT" source="#swat_Neck-Matrix-animation-output-transform"/><input semantic="INTERPOLATION" source="#swat_Neck-Interpolations"/></sampler><channel source="#swat_Neck-Matrix-animation-transform" target="swat_Neck/matrix"/></animation>
    <animation id="swat_Neck1-anim" name="swat_Neck1"><source id="swat_Neck1-Matrix-animation-input"><float_array id="swat_Neck1-Matrix-animation-input-array" count="7">

0.000000 0.033333 0.066667 0.100000 0.133333 0.166667 0.200000</float_array><technique_common><accessor source="#swat_Neck1-Matrix-animation-input-array" count="7"><param name="TIME" type="float"/></accessor></technique_common></source><source id="swat_Neck1-Matrix-animation-output-transform"><float_array id="swat_Neck1-Matrix-animation-output-transform-array" count="112">

0.997264 -0.068628 0.027483 0.000000 0.072509 0.980492 -0.182696 4.340000 -0.014409 0.184189 0.982785 0.926900 0.000000 0.000000 0.000000 1.000000
0.997202 -0.069523 0.027463 0.000000 0.073356 0.980793 -0.180730 4.340000 -0.014371 0.182239 0.983149 0.926900 0.000000 0.000000 0.000000 1.000000
0.998432 -0.043185 0.035622 -0.000000 0.048888 0.982633 -0.179001 4.340000 -0.027273 0.180462 0.983204 0.926900 0.000000 0.000000 0.000000 1.000000
0.997230 -0.070241 0.024461 0.000000 0.073423 0.982211 -0.172831 4.340000 -0.011886 0.174148 0.984648 0.926900 0.000000 0.000000 0.000000 1.000000
0.997493 -0.065346 0.027171 -0.000000 0.069110 0.982110 -0.175166 4.340000 -0.015239 0.176605 0.984164 0.926900 0.000000 0.000000 0.000000 1.000000
0.997488 -0.065598 0.026717 -0.000000 0.069404 0.980509 -0.183807 4.340000 -0.014139 0.185200 0.982599 0.926900 0.000000 0.000000 0.000000 1.000000
0.997264 -0.068628 0.027483 0.000000 0.072508 0.980493 -0.182691 4.340000 -0.014409 0.184184 0.982786 0.926900 0.000000 0.000000 0.000000 1.000000</float_array><technique_common><accessor source="#swat_Neck1-Matrix-animation-output-transform-array" count="7" stride="16"><param type="float4x4"/></accessor></technique_common></source><source id="swat_Neck1-Interpolations"><Name_array id="swat_Neck1-Interpolations-array" count="7">
 LINEAR LINEAR LINEAR LINEAR LINEAR LINEAR LINEAR</Name_array><technique_common><accessor source="#swat_Neck1-Interpolations-array" count="7"><param type="name"/></accessor></technique_common></source><sampler id="swat_Neck1-Matrix-animation-transform"><input semantic="INPUT" source="#swat_Neck1-Matrix-animation-input"/><input semantic="OUTPUT" source="#swat_Neck1-Matrix-animation-output-transform"/><input semantic="INTERPOLATION" source="#swat_Neck1-Interpolations"/></sampler><channel source="#swat_Neck1-Matrix-animation-transform" target="swat_Neck1/matrix"/></animation>
    <animation id="swat_Head-anim" name="swat_Head"><source id="swat_Head-Matrix-animation-input"><float_array id="swat_Head-Matrix-animation-input-array" count="7">

0.000000 0.033333 0.066667 0.100000 0.133333 0.166667 0.200000</float_array><technique_common><accessor source="#swat_Head-Matrix-animation-input-array" count="7"><param name="TIME" type="float"/></accessor></technique_common></source><source id="swat_Head-Matrix-animation-output-transform"><float_array id="swat_Head-Matrix-animation-output-transform-array" count="112">

0.997264 -0.068627 0.027483 -0.000000 0.072507 0.980494 -0.182687 4.026600 -0.014410 0.184180 0.982787 0.858500 0.000000 0.000000 0.000000 1.000000
0.997202 -0.069523 0.027463 0.000000 0.073356 0.980793 -0.180730 4.026600 -0.014370 0.182239 0.983149 0.858500 0.000000 0.000000 0.000000 1.000000
0.998432 -0.043185 0.035622 0.000000 0.048888 0.982633 -0.179001 4.026600 -0.027273 0.180462 0.983204 0.858500 0.000000 0.000000 0.000000 1.000000
0.997230 -0.070241 0.024462 -0.000000 0.073423 0.982211 -0.172830 4.026600 -0.011887 0.174147 0.984648 0.858500 0.000000 0.000000 0.000000 1.000000
0.997493 -0.065346 0.027171 0.000000 0.069110 0.982110 -0.175165 4.026600 -0.015239 0.176604 0.984164 0.858500 0.000000 0.000000 0.000000 1.000000
0.997488 -0.065597 0.026717 -0.000000 0.069404 0.980509 -0.183806 4.026600 -0.014139 0.185199 0.982599 0.858500 0.000000 0.000000 0.000000 1.000000
0.997264 -0.068627 0.027483 0.000000 0.072508 0.980493 -0.182691 4.026600 -0.014410 0.184184 0.982786 0.858500 0.000000 0.000000 0.000000 1.000000</float_array><technique_common><accessor source="#swat_Head-Matrix-animation-output-transform-array" count="7" stride="16"><param type="float4x4"/></accessor></technique_common></source><source id="swat_Head-Interpolations"><Name_array id="swat_Head-Interpolations-array" count="7">
 LINEAR LINEAR LINEAR LINEAR LINEAR LINEAR LINEAR</Name_array><technique_common><accessor source="#swat_Head-Interpolations-array" count="7"><param type="name"/></accessor></technique_common></source><sampler id="swat_Head-Matrix-animation-transform"><input semantic="INPUT" source="#swat_Head-Matrix-animation-input"/><input semantic="OUTPUT" source="#swat_Head-Matrix-animation-output-transform"/><input semantic="INTERPOLATION" source="#swat_Head-Interpolations"/></sampler><channel source="#swat_Head-Matrix-animation-transform" target="swat_Head/matrix"/></animation>
    <animation id="swat_LeftShoulder-anim" name="swat_LeftShoulder"><source id="swat_LeftShoulder-Matrix-animation-input"><float_array id="swat_LeftShoulder-Matrix-animation-input-array" count="7">

0.000000 0.033333 0.066667 0.100000 0.133333 0.166667 0.200000</float_array><technique_common><accessor source="#swat_LeftShoulder-Matrix-animation-input-array" count="7"><param name="TIME" type="float"/></accessor></technique_common></source><source id="swat_LeftShoulder-Matrix-animation-output-transform"><float_array id="swat_LeftShoulder-Matrix-animation-output-transform-array" count="112">

0.996397 0.077487 -0.034486 6.144200 -0.077837 0.996926 -0.008914 10.187000 0.033689 0.011567 0.999365 -3.793200 0.000000 0.000000 0.000000 1.000000
0.997576 0.059743 -0.035689 6.144200 -0.060091 0.998154 -0.008764 10.187000 0.035099 0.010887 0.999325 -3.793200 0.000000 0.000000 0.000000 1.000000
0.990818 0.134770 0.010758 6.144200 -0.134679 0.990850 -0.008835 10.187000 -0.011850 0.007305 0.999903 -3.793200 0.000000 0.000000 0.000000 1.000000
0.990738 0.131385 -0.034284 6.144200 -0.131782 0.991233 -0.009564 10.187000 0.032726 0.013993 0.999366 -3.793200 0.000000 0.000000 0.000000 1.000000
0.991664 0.125770 -0.028008 6.144200 -0.126071 0.991978 -0.009277 10.187000 0.026617 0.012731 0.999565 -3.793200 0.000000 0.000000 0.000000 1.000000
0.994305 0.100040 -0.036724 6.144200 -0.100444 0.994899 -0.009312 10.187000 0.035605 0.012948 0.999282 -3.793200 0.000000 0.000000 0.000000 1.000000
0.996397 0.077487 -0.034486 6.144200 -0.077837 0.996926 -0.008914 10.187000 0.033689 0.011567 0.999365 -3.793200 0.000000 0.000000 0.000000 1.000000</float_array><technique_common><accessor source="#swat_LeftShoulder-Matrix-animation-output-transform-array" count="7" stride="16"><param type="float4x4"/></accessor></technique_common></source><source id="swat_LeftShoulder-Interpolations"><Name_array id="swat_LeftShoulder-Interpolations-array" count="7">
 LINEAR LINEAR LINEAR LINEAR LINEAR LINEAR LINEAR</Name_array><technique_common><accessor source="#swat_LeftShoulder-Interpolations-array" count="7"><param type="name"/></accessor></technique_common></source><sampler id="swat_LeftShoulder-Matrix-animation-transform"><input semantic="INPUT" source="#swat_LeftShoulder-Matrix-animation-input"/><input semantic="OUTPUT" source="#swat_LeftShoulder-Matrix-animation-output-transform"/><input semantic="INTERPOLATION" source="#swat_LeftShoulder-Interpolations"/></sampler><channel source="#swat_LeftShoulder-Matrix-animation-transform" target="swat_LeftShoulder/matrix"/></animation>
    <animation id="swat_LeftArm-anim" name="swat_LeftArm"><source id="swat_LeftArm-Matrix-animation-input"><float_array id="swat_LeftArm-Matrix-animation-input-array" count="7">

0.000000 0.033333 0.066667 0.100000 0.133333 0.166667 0.200000</float_array><technique_common><accessor source="#swat_LeftArm-Matrix-animation-input-array" count="7"><param name="TIME" type="float"/></accessor></technique_common></source><source id="swat_LeftArm-Matrix-animation-output-transform"><float_array id="swat_LeftArm-Matrix-animation-output-transform-array" count="112">

0.601274 0.747791 -0.281564 12.319100 -0.403749 0.588414 0.700540 -1.113000 0.689534 -0.307535 0.655718 -1.793500 0.000000 0.000000 0.000000 1.000000
0.571434 0.763362 -0.301232 12.319100 -0.418486 0.586812 0.693196 -1.113000 0.705927 -0.270055 0.654781 -1.793500 0.000000 0.000000 0.000000 1.000000
0.611375 0.759439 -0.222423 12.319100 -0.459343 0.569446 0.681715 -1.113000 0.644379 -0.314615 0.696988 -1.793500 0.000000 0.000000 0.000000 1.000000
0.602075 0.758496 -0.249379 12.319100 -0.435691 0.573837 0.693458 -1.113000 0.669088 -0.308862 0.675963 -1.793500 0.000000 0.000000 0.000000 1.000000
0.608348 0.754520 -0.246195 12.319100 -0.418902 0.568722 0.707868 -1.113000 0.674117 -0.327498 0.662051 -1.793500 0.000000 0.000000 0.000000 1.000000
0.599658 0.749452 -0.280594 12.319100 -0.414362 0.590750 0.692328 -1.113000 0.684627 -0.298893 0.664792 -1.793500 0.000000 0.000000 0.000000 1.000000
0.601274 0.747791 -0.281564 12.319100 -0.403749 0.588414 0.700540 -1.113000 0.689534 -0.307535 0.655717 -1.793500 0.000000 0.000000 0.000000 1.000000</float_array><technique_common><accessor source="#swat_LeftArm-Matrix-animation-output-transform-array" count="7" stride="16"><param type="float4x4"/></accessor></technique_common></source><source id="swat_LeftArm-Interpolations"><Name_array id="swat_LeftArm-Interpolations-array" count="7">
 LINEAR LINEAR LINEAR LINEAR LINEAR LINEAR LINEAR</Name_array><technique_common><accessor source="#swat_LeftArm-Interpolations-array" count="7"><param type="name"/></accessor></technique_common></source><sampler id="swat_LeftArm-Matrix-animation-transform"><input semantic="INPUT" source="#swat_LeftArm-Matrix-animation-input"/><input semantic="OUTPUT" source="#swat_LeftArm-Matrix-animation-output-transform"/><input semantic="INTERPOLATION" source="#swat_LeftArm-Interpolations"/></sampler><channel source="#swat_LeftArm-Matrix-animation-transform" target="swat_LeftArm/matrix"/></animation>
    <animation id="swat_LeftForeArm-anim" name="swat_LeftForeArm"><source id="swat_LeftForeArm-Matrix-animation-input"><float_array id="swat_LeftForeArm-Matrix-animation-input-array" count="7">

0.000000 0.033333 0.066667 0.100000 0.133333 0.166667 0.200000</float_array><technique_common><accessor source="#swat_LeftForeArm-Matrix-animation-input-array" count="7"><param name="TIME" type="float"/></accessor></technique_common></source><source id="swat_LeftForeArm-Matrix-animation-output-transform"><float_array id="swat_LeftForeArm-Matrix-animation-output-transform-array" count="112">

0.440581 0.000000 -0.897713 27.687000 -0.000000 1.000000 0.000000 -0.000000 0.897713 -0.000000 0.440581 0.000000 0.000000 0.000000 0.000000 1.000000
0.409801 -0.000000 -0.912175 27.687000 0.000000 1.000000 -0.000000 0.000000 0.912175 0.000000 0.409801 0.000000 0.000000 0.000000 0.000000 1.000000
0.218870 0.000000 -0.975754 27.687000 0.000000 1.000000 0.000000 0.000000 0.975754 -0.000000 0.218870 0.000000 0.000000 0.000000 0.000000 1.000000
0.351970 0.000001 -0.936011 27.687000 0.000000 1.000000 0.000001 -0.000000 0.936011 -0.000000 0.351970 -0.000000 0.000000 0.000000 0.000000 1.000000
0.383212 0.000000 -0.923661 27.687000 -0.000000 1.000000 0.000000 0.000000 0.923661 0.000000 0.383212 0.000000 0.000000 0.000000 0.000000 1.000000
0.436959 -0.000001 -0.899482 27.687000 0.000000 1.000000 -0.000000 0.000000 0.899482 0.000000 0.436959 -0.000000 0.000000 0.000000 0.000000 1.000000
0.440580 -0.000001 -0.897713 27.687000 0.000000 1.000000 -0.000001 0.000000 0.897713 0.000000 0.440580 0.000000 0.000000 0.000000 0.000000 1.000000</float_array><technique_common><accessor source="#swat_LeftForeArm-Matrix-animation-output-transform-array" count="7" stride="16"><param type="float4x4"/></accessor></technique_common></source><source id="swat_LeftForeArm-Interpolations"><Name_array id="swat_LeftForeArm-Interpolations-array" count="7">
 LINEAR LINEAR LINEAR LINEAR LINEAR LINEAR LINEAR</Name_array><technique_common><accessor source="#swat_LeftForeArm-Interpolations-array" count="7"><param type="name"/></accessor></technique_common></source><sampler id="swat_LeftForeArm-Matrix-animation-transform"><input semantic="INPUT" source="#swat_LeftForeArm-Matrix-animation-input"/><input semantic="OUTPUT" source="#swat_LeftForeArm-Matrix-animation-output-transform"/><input semantic="INTERPOLATION" source="#swat_LeftForeArm-Interpolations"/></sampler><channel source="#swat_LeftForeArm-Matrix-animation-transform" target="swat_LeftForeArm/matrix"/></animation>
    <animation id="swat_LeftHand-anim" name="swat_LeftHand"><source id="swat_LeftHand-Matrix-animation-input"><float_array id="swat_LeftHand-Matrix-animation-input-array" count="7">

0.000000 0.033333 0.066667 0.100000 0.133333 0.166667 0.200000</float_array><technique_common><accessor source="#swat_LeftHand-Matrix-animation-input-array" count="7"><param name="TIME" type="float"/></accessor></technique_common></source><source id="swat_LeftHand-Matrix-animation-output-transform"><float_array id="swat_LeftHand-Matrix-animation-output-transform-array" count="112">

0.840135 -0.533834 -0.095886 27.873800 -0.418713 -0.750736 0.510955 0.000000 -0.344751 -0.389123 -0.854243 0.000000 0.000000 0.000000 0.000000 1.000000
0.833238 -0.535615 -0.137228 27.873800 -0.397595 -0.752897 0.524466 0.000000 -0.384230 -0.382443 -0.840300 -0.000000 0.000000 0.000000 0.000000 1.000000
0.787137 -0.577783 -0.215829 27.873800 -0.364355 -0.717939 0.593134 -0.000000 -0.497655 -0.388240 -0.775635 0.000000 0.000000 0.000000 0.000000 1.000000
0.841077 -0.524203 -0.133422 27.873800 -0.355649 -0.721765 0.593775 0.000000 -0.407558 -0.451959 -0.793492 0.000000 0.000000 0.000000 0.000000 1.000000
0.835349 -0.538629 -0.109869 27.873800 -0.393701 -0.725681 0.564257 0.000000 -0.383655 -0.428096 -0.818256 -0.000000 0.000000 0.000000 0.000000 1.000000
0.851006 -0.515117 -0.102199 27.873800 -0.390406 -0.750709 0.532934 0.000000 -0.351245 -0.413631 -0.839962 -0.000000 0.000000 0.000000 0.000000 1.000000
0.840135 -0.533834 -0.095886 27.873800 -0.418712 -0.750736 0.510955 0.000000 -0.344751 -0.389123 -0.854243 0.000000 0.000000 0.000000 0.000000 1.000000</float_array><technique_common><accessor source="#swat_LeftHand-Matrix-animation-output-transform-array" count="7" stride="16"><param type="float4x4"/></accessor></technique_common></source><source id="swat_LeftHand-Interpolations"><Name_array id="swat_LeftHand-Interpolations-array" count="7">
 LINEAR LINEAR LINEAR LINEAR LINEAR LINEAR LINEAR</Name_array><technique_common><accessor source="#swat_LeftHand-Interpolations-array" count="7"><param type="name"/></accessor></technique_common></source><sampler id="swat_LeftHand-Matrix-animation-transform"><input semantic="INPUT" source="#swat_LeftHand-Matrix-animation-input"/><input semantic="OUTPUT" source="#swat_LeftHand-Matrix-animation-output-transform"/><input semantic="INTERPOLATION" source="#swat_LeftHand-Interpolations"/></sampler><channel source="#swat_LeftHand-Matrix-animation-transform" target="swat_LeftHand/matrix"/></animation>
    <animation id="swat_LeftHandThumb1-anim" name="swat_LeftHandThumb1"><source id="swat_LeftHandThumb1-Matrix-animation-input"><float_array id="swat_LeftHandThumb1-Matrix-animation-input-array" count="7">

0.000000 0.033333 0.066667 0.100000 0.133333 0.166667 0.200000</float_array><technique_common><accessor source="#swat_LeftHandThumb1-Matrix-animation-input-array" count="7"><param name="TIME" type="float"/></accessor></technique_common></source><source id="swat_LeftHandThumb1-Matrix-animation-output-transform"><float_array id="swat_LeftHandThumb1-Matrix-animation-output-transform-array" count="112">

0.992194 -0.106856 0.064288 2.421000 0.105314 0.994075 0.026915 -1.394900 -0.066783 -0.019934 0.997568 2.392700 0.000000 0.000000 0.000000 1.000000
0.992194 -0.106856 0.064288 2.421000 0.105314 0.994075 0.026915 -1.394900 -0.066783 -0.019934 0.997568 2.392700 0.000000 0.000000 0.000000 1.000000
0.992194 -0.106856 0.064288 2.421000 0.105314 0.994075 0.026915 -1.394900 -0.066783 -0.019934 0.997568 2.392700 0.000000 0.000000 0.000000 1.000000
0.992194 -0.106856 0.064288 2.421000 0.105314 0.994075 0.026915 -1.394900 -0.066783 -0.019934 0.997568 2.392700 0.000000 0.000000 0.000000 1.000000
0.992194 -0.106856 0.064288 2.421000 0.105314 0.994075 0.026915 -1.394900 -0.066783 -0.019934 0.997568 2.392700 0.000000 0.000000 0.000000 1.000000
0.992194 -0.106856 0.064288 2.421000 0.105314 0.994075 0.026915 -1.394900 -0.066783 -0.019934 0.997568 2.392700 0.000000 0.000000 0.000000 1.000000
0.992194 -0.106856 0.064288 2.421000 0.105314 0.994075 0.026915 -1.394900 -0.066783 -0.019934 0.997568 2.392700 0.000000 0.000000 0.000000 1.000000</float_array><technique_common><accessor source="#swat_LeftHandThumb1-Matrix-animation-output-transform-array" count="7" stride="16"><param type="float4x4"/></accessor></technique_common></source><source id="swat_LeftHandThumb1-Interpolations"><Name_array id="swat_LeftHandThumb1-Interpolations-array" count="7">
 LINEAR LINEAR LINEAR LINEAR LINEAR LINEAR LINEAR</Name_array><technique_common><accessor source="#swat_LeftHandThumb1-Interpolations-array" count="7"><param type="name"/></accessor></technique_common></source><sampler id="swat_LeftHandThumb1-Matrix-animation-transform"><input semantic="INPUT" source="#swat_LeftHandThumb1-Matrix-animation-input"/><input semantic="OUTPUT" source="#swat_LeftHandThumb1-Matrix-animation-output-transform"/><input semantic="INTERPOLATION" source="#swat_LeftHandThumb1-Interpolations"/></sampler><channel source="#swat_LeftHandThumb1-Matrix-animation-transform" target="swat_LeftHandThumb1/matrix"/></animation>
    <animation id="swat_LeftHandThumb2-anim" name="swat_LeftHandThumb2"><source id="swat_LeftHandThumb2-Matrix-animation-input"><float_array id="swat_LeftHandThumb2-Matrix-animation-input-array" count="7">

0.000000 0.033333 0.066667 0.100000 0.133333 0.166667 0.200000</float_array><technique_common><accessor source="#swat_LeftHandThumb2-Matrix-animation-input-array" count="7"><param name="TIME" type="float"/></accessor></technique_common></source><source id="swat_LeftHandThumb2-Matrix-animation-output-transform"><float_array id="swat_LeftHandThumb2-Matrix-animation-output-transform-array" count="112">

0.990309 -0.012883 0.138286 3.496500 0.022479 0.997429 -0.068051 -2.018700 -0.137053 0.070500 0.988052 2.018700 0.000000 0.000000 0.000000 1.000000
0.990309 -0.012883 0.138286 3.496500 0.022479 0.997429 -0.068051 -2.018700 -0.137053 0.070500 0.988052 2.018700 0.000000 0.000000 0.000000 1.000000
0.990309 -0.012884 0.138286 3.496500 0.022479 0.997429 -0.068051 -2.018700 -0.137053 0.070500 0.988052 2.018700 0.000000 0.000000 0.000000 1.000000
0.990309 -0.012883 0.138286 3.496500 0.022479 0.997429 -0.068051 -2.018700 -0.137053 0.070500 0.988052 2.018700 0.000000 0.000000 0.000000 1.000000
0.990309 -0.012884 0.138286 3.496500 0.022479 0.997429 -0.068051 -2.018700 -0.137053 0.070500 0.988052 2.018700 0.000000 0.000000 0.000000 1.000000
0.990309 -0.012883 0.138286 3.496500 0.022479 0.997429 -0.068051 -2.018700 -0.137053 0.070500 0.988052 2.018700 0.000000 0.000000 0.000000 1.000000
0.990309 -0.012883 0.138285 3.496500 0.022479 0.997429 -0.068051 -2.018700 -0.137053 0.070500 0.988052 2.018700 0.000000 0.000000 0.000000 1.000000</float_array><technique_common><accessor source="#swat_LeftHandThumb2-Matrix-animation-output-transform-array" count="7" stride="16"><param type="float4x4"/></accessor></technique_common></source><source id="swat_LeftHandThumb2-Interpolations"><Name_array id="swat_LeftHandThumb2-Interpolations-array" count="7">
 LINEAR LINEAR LINEAR LINEAR LINEAR LINEAR LINEAR</Name_array><technique_common><accessor source="#swat_LeftHandThumb2-Interpolations-array" count="7"><param type="name"/></accessor></technique_common></source><sampler id="swat_LeftHandThumb2-Matrix-animation-transform"><input semantic="INPUT" source="#swat_LeftHandThumb2-Matrix-animation-input"/><input semantic="OUTPUT" source="#swat_LeftHandThumb2-Matrix-animation-output-transform"/><input semantic="INTERPOLATION" source="#swat_LeftHandThumb2-Interpolations"/></sampler><channel source="#swat_LeftHandThumb2-Matrix-animation-transform" target="swat_LeftHandThumb2/matrix"/></animation>
    <animation id="swat_LeftHandThumb3-anim" name="swat_LeftHandThumb3"><source id="swat_LeftHandThumb3-Matrix-animation-input"><float_array id="swat_LeftHandThumb3-Matrix-animation-input-array" count="7">

0.000000 0.033333 0.066667 0.100000 0.133333 0.166667 0.200000</float_array><technique_common><accessor source="#swat_LeftHandThumb3-Matrix-animation-input-array" count="7"><param name="TIME" type="float"/></accessor></technique_common></source><source id="swat_LeftHandThumb3-Matrix-animation-output-transform"><float_array id="swat_LeftHandThumb3-Matrix-animation-output-transform-array" count="112">

0.998642 -0.044267 0.027486 4.011400 0.044004 0.998980 0.010103 -2.316000 -0.027905 -0.008880 0.999571 2.316000 0.000000 0.000000 0.000000 1.000000
0.998642 -0.044267 0.027486 4.011400 0.044004 0.998980 0.010103 -2.316000 -0.027905 -0.008880 0.999571 2.316000 0.000000 0.000000 0.000000 1.000000
0.998642 -0.044267 0.027486 4.011400 0.044004 0.998980 0.010103 -2.316000 -0.027905 -0.008880 0.999571 2.316000 0.000000 0.000000 0.000000 1.000000
0.998642 -0.044267 0.027486 4.011400 0.044004 0.998980 0.010103 -2.316000 -0.027905 -0.008880 0.999571 2.316000 0.000000 0.000000 0.000000 1.000000
0.998642 -0.044267 0.027486 4.011400 0.044004 0.998980 0.010103 -2.316000 -0.027905 -0.008880 0.999571 2.316000 0.000000 0.000000 0.000000 1.000000
0.998642 -0.044267 0.027486 4.011400 0.044004 0.998980 0.010103 -2.316000 -0.027905 -0.008880 0.999571 2.316000 0.000000 0.000000 0.000000 1.000000
0.998642 -0.044267 0.027486 4.011400 0.044004 0.998980 0.010103 -2.316000 -0.027905 -0.008880 0.999571 2.316000 0.000000 0.000000 0.000000 1.000000</float_array><technique_common><accessor source="#swat_LeftHandThumb3-Matrix-animation-output-transform-array" count="7" stride="16"><param type="float4x4"/></accessor></technique_common></source><source id="swat_LeftHandThumb3-Interpolations"><Name_array id="swat_LeftHandThumb3-Interpolations-array" count="7">
 LINEAR LINEAR LINEAR LINEAR LINEAR LINEAR LINEAR</Name_array><technique_common><accessor source="#swat_LeftHandThumb3-Interpolations-array" count="7"><param type="name"/></accessor></technique_common></source><sampler id="swat_LeftHandThumb3-Matrix-animation-transform"><input semantic="INPUT" source="#swat_LeftHandThumb3-Matrix-animation-input"/><input semantic="OUTPUT" source="#swat_LeftHandThumb3-Matrix-animation-output-transform"/><input semantic="INTERPOLATION" source="#swat_LeftHandThumb3-Interpolations"/></sampler><channel source="#swat_LeftHandThumb3-Matrix-animation-transform" target="swat_LeftHandThumb3/matrix"/></animation>
    <animation id="swat_LeftHandMiddle1-anim" name="swat_LeftHandMiddle1"><source id="swat_LeftHandMiddle1-Matrix-animation-input"><float_array id="swat_LeftHandMiddle1-Matrix-animation-input-array" count="7">

0.000000 0.033333 0.066667 0.100000 0.133333 0.166667 0.200000</float_array><technique_common><accessor source="#swat_LeftHandMiddle1-Matrix-animation-input-array" count="7"><param name="TIME" type="float"/></accessor></technique_common></source><source id="swat_LeftHandMiddle1-Matrix-animation-output-transform"><float_array id="swat_LeftHandMiddle1-Matrix-animation-output-transform-array" count="112">

0.929673 0.365744 0.044042 10.490800 -0.365744 0.930678 -0.008348 -0.000000 -0.044042 -0.008347 0.998995 -0.000000 0.000000 0.000000 0.000000 1.000000
0.929673 0.365744 0.044042 10.490800 -0.365744 0.930678 -0.008348 0.000000 -0.044042 -0.008348 0.998995 0.000000 0.000000 0.000000 0.000000 1.000000
0.929673 0.365744 0.044042 10.490800 -0.365744 0.930678 -0.008348 0.000000 -0.044042 -0.008347 0.998995 -0.000000 0.000000 0.000000 0.000000 1.000000
0.929673 0.365744 0.044042 10.490800 -0.365744 0.930678 -0.008347 0.000000 -0.044042 -0.008348 0.998995 0.000000 0.000000 0.000000 0.000000 1.000000
0.929673 0.365744 0.044042 10.490800 -0.365744 0.930678 -0.008347 0.000000 -0.044042 -0.008348 0.998995 0.000000 0.000000 0.000000 0.000000 1.000000
0.929673 0.365744 0.044042 10.490800 -0.365744 0.930678 -0.008348 -0.000000 -0.044042 -0.008347 0.998995 0.000000 0.000000 0.000000 0.000000 1.000000
0.929673 0.365744 0.044042 10.490800 -0.365744 0.930678 -0.008348 0.000000 -0.044042 -0.008347 0.998995 0.000000 0.000000 0.000000 0.000000 1.000000</float_array><technique_common><accessor source="#swat_LeftHandMiddle1-Matrix-animation-output-transform-array" count="7" stride="16"><param type="float4x4"/></accessor></technique_common></source><source id="swat_LeftHandMiddle1-Interpolations"><Name_array id="swat_LeftHandMiddle1-Interpolations-array" count="7">
 LINEAR LINEAR LINEAR LINEAR LINEAR LINEAR LINEAR</Name_array><technique_common><accessor source="#swat_LeftHandMiddle1-Interpolations-array" count="7"><param type="name"/></accessor></technique_common></source><sampler id="swat_LeftHandMiddle1-Matrix-animation-transform"><input semantic="INPUT" source="#swat_LeftHandMiddle1-Matrix-animation-input"/><input semantic="OUTPUT" source="#swat_LeftHandMiddle1-Matrix-animation-output-transform"/><input semantic="INTERPOLATION" source="#swat_LeftHandMiddle1-Interpolations"/></sampler><channel source="#swat_LeftHandMiddle1-Matrix-animation-transform" target="swat_LeftHandMiddle1/matrix"/></animation>
    <animation id="swat_LeftHandMiddle2-anim" name="swat_LeftHandMiddle2"><source id="swat_LeftHandMiddle2-Matrix-animation-input"><float_array id="swat_LeftHandMiddle2-Matrix-animation-input-array" count="7">

0.000000 0.033333 0.066667 0.100000 0.133333 0.166667 0.200000</float_array><technique_common><accessor source="#swat_LeftHandMiddle2-Matrix-animation-input-array" count="7"><param name="TIME" type="float"/></accessor></technique_common></source><source id="swat_LeftHandMiddle2-Matrix-animation-output-transform"><float_array id="swat_LeftHandMiddle2-Matrix-animation-output-transform-array" count="112">

0.929466 0.366263 0.044104 5.792100 -0.366263 0.930474 -0.008372 0.000000 -0.044104 -0.008372 0.998992 0.000000 0.000000 0.000000 0.000000 1.000000
0.929466 0.366263 0.044104 5.792100 -0.366263 0.930474 -0.008372 0.000000 -0.044104 -0.008372 0.998992 0.000000 0.000000 0.000000 0.000000 1.000000
0.929466 0.366263 0.044104 5.792100 -0.366263 0.930474 -0.008372 0.000000 -0.044104 -0.008372 0.998992 0.000000 0.000000 0.000000 0.000000 1.000000
0.929466 0.366263 0.044104 5.792100 -0.366263 0.930474 -0.008372 0.000000 -0.044104 -0.008372 0.998992 0.000000 0.000000 0.000000 0.000000 1.000000
0.929466 0.366263 0.044104 5.792100 -0.366263 0.930474 -0.008372 0.000000 -0.044104 -0.008372 0.998992 0.000000 0.000000 0.000000 0.000000 1.000000
0.929465 0.366263 0.044104 5.792100 -0.366263 0.930474 -0.008372 0.000000 -0.044104 -0.008372 0.998992 0.000000 0.000000 0.000000 0.000000 1.000000
