<?xml version="1.0" encoding="utf-8"?>
<COLLADA xmlns="http://www.collada.org/2005/11/COLLADASchema" version="1.4.1">
  <asset><contributor><author>Mixamo</author><authoring_tool>COLLADA Mixamo exporter</authoring_tool><comments></comments></contributor><created>2020-08-11T20:00:53Z</created><modified>2020-08-11T20:00:53Z</modified><revision></revision><title></title><unit meter="0.010000"/><up_axis>Y_UP</up_axis></asset>
  <library_animations>
    <animation id="swat_Hips-anim" name="swat_Hips"><source id="swat_Hips-Matrix-animation-input"><float_array id="swat_Hips-Matrix-animation-input-array" count="94">

0.000000 0.033333 0.066667 0.100000 0.133333 0.166667 0.200000 0.233333 0.266667 0.300000 0.333333 0.366667 0.400000 0.433333 0.466667 0.500000
0.533333 0.566667 0.600000 0.633333 0.666667 0.700000 0.733333 0.766667 0.800000 0.833333 0.866667 0.900000 0.933333 0.966667 1.000000 1.033333
1.066667 1.100000 1.133333 1.166667 1.200000 1.233333 1.266667 1.300000 1.333333 1.366667 1.400000 1.433333 1.466667 1.500000 1.533333 1.566667
1.600000 1.633333 1.666667 1.700000 1.733333 1.766667 1.800000 1.833333 1.866667 1.900000 1.933333 1.966667 2.000000 2.033333 2.066667 2.100000
2.133333 2.166667 2.200000 2.233333 2.266667 2.300000 2.333333 2.366667 2.400000 2.433333 2.466667 2.500000 2.533333 2.566667 2.600000 2.633333
2.666667 2.700000 2.733333 2.766667 2.800000 2.833333 2.866667 2.900000 2.933333 2.966667 3.000000 3.033333 3.066667 3.100000</float_array><technique_common><accessor source="#swat_Hips-Matrix-animation-input-array" count="94"><param name="TIME" type="float"/></accessor></technique_common></source><source id="swat_Hips-Matrix-animation-output-transform"><float_array id="swat_Hips-Matrix-animation-output-transform-array" count="1504">

0.767027 0.126746 -0.628971 0.017048 0.024438 0.973812 0.226037 92.613815 0.641149 -0.188747 0.743843 -0.033630 0.000000 0.000000 0.000000 1.000000
0.767047 0.126732 -0.628950 0.024482 0.024453 0.973811 0.226042 92.609795 0.641125 -0.188764 0.743859 -0.043993 0.000000 0.000000 0.000000 1.000000
0.767099 0.126697 -0.628894 0.031766 0.024488 0.973807 0.226053 92.606369 0.641062 -0.188806 0.743903 -0.055450 0.000000 0.000000 0.000000 1.000000
0.767176 0.126644 -0.628810 0.038849 0.024544 0.973802 0.226071 92.603523 0.640967 -0.188870 0.743969 -0.067807 0.000000 0.000000 0.000000 1.000000
0.767272 0.126576 -0.628707 0.045664 0.024618 0.973794 0.226095 92.601341 0.640849 -0.188954 0.744049 -0.080888 0.000000 0.000000 0.000000 1.000000
0.767380 0.126494 -0.628592 0.052233 0.024709 0.973785 0.226123 92.599861 0.640717 -0.189054 0.744137 -0.094498 0.000000 0.000000 0.000000 1.000000
0.767491 0.126404 -0.628474 0.058522 0.024814 0.973775 0.226157 92.599144 0.640579 -0.189169 0.744227 -0.108448 0.000000 0.000000 0.000000 1.000000
0.767600 0.126306 -0.628361 0.064589 0.024934 0.973763 0.226194 92.599937 0.640444 -0.189294 0.744311 -0.122530 0.000000 0.000000 0.000000 1.000000
0.767698 0.126205 -0.628261 0.069731 0.025065 0.973750 0.226234 92.601875 0.640321 -0.189426 0.744383 -0.136586 0.000000 0.000000 0.000000 1.000000
0.767779 0.126102 -0.628182 0.073570 0.025205 0.973737 0.226276 92.604752 0.640218 -0.189563 0.744437 -0.150430 0.000000 0.000000 0.000000 1.000000
0.767836 0.126002 -0.628133 0.076052 0.025354 0.973723 0.226319 92.608475 0.640144 -0.189702 0.744465 -0.163872 0.000000 0.000000 0.000000 1.000000
0.767861 0.125907 -0.628122 0.077514 0.025509 0.973709 0.226364 92.612831 0.640108 -0.189839 0.744461 -0.176713 0.000000 0.000000 0.000000 1.000000
0.767834 0.125824 -0.628172 0.078260 0.025669 0.973694 0.226409 92.617432 0.640135 -0.189969 0.744405 -0.188770 0.000000 0.000000 0.000000 1.000000
0.767787 0.125744 -0.628245 0.078508 0.025830 0.973680 0.226451 92.622017 0.640185 -0.190094 0.744330 -0.199847 0.000000 0.000000 0.000000 1.000000
0.767756 0.125654 -0.628301 0.078464 0.025992 0.973668 0.226486 92.626724 0.640215 -0.190217 0.744273 -0.209787 0.000000 0.000000 0.000000 1.000000
0.767677 0.125577 -0.628412 0.078470 0.026160 0.973654 0.226525 92.631752 0.640303 -0.190337 0.744167 -0.218410 0.000000 0.000000 0.000000 1.000000
0.767594 0.125499 -0.628530 0.078731 0.026323 0.973643 0.226554 92.636963 0.640396 -0.190446 0.744059 -0.225516 0.000000 0.000000 0.000000 1.000000
0.767631 0.125377 -0.628509 0.078425 0.026475 0.973638 0.226559 92.642502 0.640345 -0.190553 0.744075 -0.230998 0.000000 0.000000 0.000000 1.000000
0.767645 0.125261 -0.628515 0.077452 0.026622 0.973634 0.226558 92.645813 0.640323 -0.190648 0.744070 -0.235522 0.000000 0.000000 0.000000 1.000000
0.767618 0.125158 -0.628568 0.075707 0.026766 0.973631 0.226552 92.648415 0.640348 -0.190729 0.744027 -0.239173 0.000000 0.000000 0.000000 1.000000
0.767628 0.125040 -0.628580 0.072997 0.026902 0.973632 0.226533 92.651985 0.640331 -0.190803 0.744023 -0.241926 0.000000 0.000000 0.000000 1.000000
0.767640 0.124920 -0.628588 0.069295 0.027033 0.973635 0.226505 92.656372 0.640310 -0.190867 0.744024 -0.243736 0.000000 0.000000 0.000000 1.000000
0.767609 0.124815 -0.628648 0.064674 0.027161 0.973638 0.226476 92.660934 0.640343 -0.190920 0.743983 -0.244566 0.000000 0.000000 0.000000 1.000000
0.767492 0.124738 -0.628805 0.059714 0.027290 0.973640 0.226454 92.665207 0.640477 -0.190962 0.743857 -0.244366 0.000000 0.000000 0.000000 1.000000
0.767417 0.124648 -0.628915 0.054293 0.027416 0.973643 0.226426 92.670067 0.640562 -0.191005 0.743772 -0.243177 0.000000 0.000000 0.000000 1.000000
0.767443 0.124524 -0.628908 0.048207 0.027539 0.973648 0.226387 92.675262 0.640526 -0.191059 0.743790 -0.241053 0.000000 0.000000 0.000000 1.000000
0.767520 0.124351 -0.628848 0.041505 0.027684 0.973658 0.226325 92.680794 0.640427 -0.191118 0.743860 -0.238311 0.000000 0.000000 0.000000 1.000000
0.767564 0.124189 -0.628826 0.034413 0.027832 0.973668 0.226265 92.686607 0.640367 -0.191175 0.743896 -0.234997 0.000000 0.000000 0.000000 1.000000
0.767655 0.124010 -0.628750 0.026956 0.027976 0.973679 0.226198 92.692688 0.640252 -0.191232 0.743981 -0.231146 0.000000 0.000000 0.000000 1.000000
0.767858 0.123792 -0.628546 0.019203 0.028115 0.973695 0.226115 92.698959 0.640003 -0.191296 0.744179 -0.226809 0.000000 0.000000 0.000000 1.000000
0.767992 0.123595 -0.628421 0.011402 0.028254 0.973710 0.226034 92.705414 0.639836 -0.191347 0.744309 -0.221954 0.000000 0.000000 0.000000 1.000000
0.767981 0.123447 -0.628464 0.003659 0.028395 0.973722 0.225964 92.712006 0.639843 -0.191381 0.744294 -0.216578 0.000000 0.000000 0.000000 1.000000
0.767950 0.123306 -0.628529 -0.003975 0.028533 0.973735 0.225891 92.718712 0.639874 -0.191407 0.744261 -0.210759 0.000000 0.000000 0.000000 1.000000
0.767891 0.123175 -0.628626 -0.011386 0.028669 0.973747 0.225820 92.725616 0.639939 -0.191427 0.744200 -0.204529 0.000000 0.000000 0.000000 1.000000
0.767776 0.123067 -0.628789 -0.018705 0.028803 0.973759 0.225753 92.732468 0.640071 -0.191438 0.744084 -0.197916 0.000000 0.000000 0.000000 1.000000
0.767634 0.122969 -0.628981 -0.026139 0.028934 0.973770 0.225688 92.739449 0.640235 -0.191445 0.743941 -0.190967 0.000000 0.000000 0.000000 1.000000
0.767576 0.122845 -0.629076 -0.033807 0.029057 0.973784 0.225613 92.746887 0.640299 -0.191454 0.743883 -0.183748 0.000000 0.000000 0.000000 1.000000
0.767460 0.122746 -0.629236 -0.041525 0.029173 0.973797 0.225541 92.755013 0.640432 -0.191451 0.743770 -0.176232 0.000000 0.000000 0.000000 1.000000
0.767477 0.122609 -0.629243 -0.049425 0.029270 0.973815 0.225449 92.763496 0.640408 -0.191445 0.743792 -0.168507 0.000000 0.000000 0.000000 1.000000
0.767517 0.122475 -0.629220 -0.057217 0.029326 0.973842 0.225325 92.771805 0.640358 -0.191393 0.743848 -0.160416 0.000000 0.000000 0.000000 1.000000
0.767491 0.122377 -0.629271 -0.064671 0.029350 0.973873 0.225189 92.779633 0.640388 -0.191299 0.743847 -0.151986 0.000000 0.000000 0.000000 1.000000
0.767582 0.122255 -0.629183 -0.072069 0.029342 0.973909 0.225034 92.787064 0.640279 -0.191193 0.743968 -0.143375 0.000000 0.000000 0.000000 1.000000
0.767654 0.122156 -0.629114 -0.078911 0.029308 0.973947 0.224876 92.794365 0.640194 -0.191065 0.744074 -0.134576 0.000000 0.000000 0.000000 1.000000
0.767726 0.122075 -0.629043 -0.085653 0.029232 0.973991 0.224694 92.801567 0.640111 -0.190891 0.744190 -0.125581 0.000000 0.000000 0.000000 1.000000
0.767718 0.122036 -0.629059 -0.091957 0.029114 0.974040 0.224494 92.807961 0.640126 -0.190663 0.744236 -0.116357 0.000000 0.000000 0.000000 1.000000
0.767653 0.122036 -0.629140 -0.097983 0.028959 0.974094 0.224283 92.813522 0.640212 -0.190391 0.744231 -0.106952 0.000000 0.000000 0.000000 1.000000
0.767526 0.122076 -0.629286 -0.103554 0.028775 0.974148 0.224072 92.817917 0.640372 -0.190089 0.744171 -0.097440 0.000000 0.000000 0.000000 1.000000
0.767458 0.122116 -0.629362 -0.108780 0.028564 0.974203 0.223857 92.820656 0.640463 -0.189778 0.744172 -0.087975 0.000000 0.000000 0.000000 1.000000
0.767348 0.122192 -0.629481 -0.113208 0.028342 0.974254 0.223667 92.821556 0.640605 -0.189471 0.744128 -0.079026 0.000000 0.000000 0.000000 1.000000
0.767170 0.122314 -0.629674 -0.117220 0.028104 0.974299 0.223498 92.821487 0.640827 -0.189158 0.744016 -0.070150 0.000000 0.000000 0.000000 1.000000
0.767032 0.122444 -0.629817 -0.120643 0.027847 0.974343 0.223338 92.821960 0.641004 -0.188846 0.743942 -0.061368 0.000000 0.000000 0.000000 1.000000
0.766939 0.122578 -0.629905 -0.123936 0.027575 0.974386 0.223186 92.823700 0.641128 -0.188540 0.743914 -0.052762 0.000000 0.000000 0.000000 1.000000
0.766908 0.122708 -0.629917 -0.125929 0.027296 0.974425 0.223051 92.826149 0.641176 -0.188254 0.743945 -0.044376 0.000000 0.000000 0.000000 1.000000
0.766870 0.122855 -0.629934 -0.127653 0.027025 0.974456 0.222945 92.827942 0.641233 -0.187994 0.743961 -0.036273 0.000000 0.000000 0.000000 1.000000
0.766838 0.123013 -0.629943 -0.129056 0.026765 0.974480 0.222873 92.828133 0.641283 -0.187768 0.743975 -0.028501 0.000000 0.000000 0.000000 1.000000
0.766914 0.123144 -0.629824 -0.130278 0.026521 0.974497 0.222828 92.826401 0.641201 -0.187594 0.744090 -0.021147 0.000000 0.000000 0.000000 1.000000
0.766962 0.123295 -0.629736 -0.131138 0.026297 0.974504 0.222824 92.823311 0.641154 -0.187457 0.744165 -0.014135 0.000000 0.000000 0.000000 1.000000
0.766984 0.123461 -0.629677 -0.131651 0.026078 0.974507 0.222836 92.819473 0.641136 -0.187333 0.744211 -0.007406 0.000000 0.000000 0.000000 1.000000
0.767042 0.123617 -0.629576 -0.131902 0.025862 0.974509 0.222853 92.815689 0.641075 -0.187219 0.744292 -0.001275 0.000000 0.000000 0.000000 1.000000
0.767023 0.123800 -0.629563 -0.131725 0.025648 0.974509 0.222879 92.812485 0.641107 -0.187100 0.744295 0.003779 0.000000 0.000000 0.000000 1.000000
0.767074 0.123955 -0.629470 -0.131423 0.025434 0.974511 0.222894 92.809906 0.641054 -0.186986 0.744370 0.006885 0.000000 0.000000 0.000000 1.000000
0.767184 0.124086 -0.629310 -0.131020 0.025225 0.974514 0.222904 92.807587 0.640931 -0.186882 0.744502 0.008734 0.000000 0.000000 0.000000 1.000000
0.767181 0.124252 -0.629281 -0.130319 0.025025 0.974514 0.222927 92.804474 0.640942 -0.186774 0.744519 0.010364 0.000000 0.000000 0.000000 1.000000
0.767157 0.124421 -0.629277 -0.129499 0.024833 0.974513 0.222954 92.799759 0.640978 -0.186668 0.744515 0.011934 0.000000 0.000000 0.000000 1.000000
0.767178 0.124572 -0.629221 -0.128485 0.024645 0.974512 0.222980 92.793030 0.640961 -0.186572 0.744554 0.013108 0.000000 0.000000 0.000000 1.000000
0.767158 0.124706 -0.629220 -0.127334 0.024486 0.974512 0.222994 92.784927 0.640991 -0.186478 0.744551 0.013984 0.000000 0.000000 0.000000 1.000000
0.767085 0.124846 -0.629281 -0.125861 0.024341 0.974512 0.223009 92.775635 0.641084 -0.186384 0.744495 0.015134 0.000000 0.000000 0.000000 1.000000
0.767033 0.124978 -0.629318 -0.123917 0.024205 0.974510 0.223033 92.766182 0.641151 -0.186306 0.744456 0.016564 0.000000 0.000000 0.000000 1.000000
0.766964 0.125114 -0.629375 -0.121614 0.024090 0.974503 0.223078 92.757782 0.641238 -0.186255 0.744394 0.017798 0.000000 0.000000 0.000000 1.000000
0.766875 0.125251 -0.629455 -0.118896 0.023997 0.974490 0.223143 92.751129 0.641347 -0.186228 0.744307 0.018781 0.000000 0.000000 0.000000 1.000000
0.766785 0.125388 -0.629538 -0.115614 0.023916 0.974475 0.223220 92.745934 0.641458 -0.186218 0.744214 0.019724 0.000000 0.000000 0.000000 1.000000
0.766710 0.125517 -0.629604 -0.111889 0.023847 0.974456 0.223307 92.740753 0.641550 -0.186226 0.744133 0.020606 0.000000 0.000000 0.000000 1.000000
0.766604 0.125656 -0.629705 -0.107821 0.023786 0.974436 0.223403 92.734535 0.641679 -0.186240 0.744018 0.021475 0.000000 0.000000 0.000000 1.000000
0.766498 0.125792 -0.629807 -0.103679 0.023739 0.974412 0.223512 92.727127 0.641808 -0.186272 0.743899 0.022249 0.000000 0.000000 0.000000 1.000000
0.766449 0.125907 -0.629844 -0.099576 0.023702 0.974387 0.223624 92.719223 0.641868 -0.186324 0.743834 0.022874 0.000000 0.000000 0.000000 1.000000
0.766409 0.126015 -0.629870 -0.095516 0.023674 0.974361 0.223742 92.711441 0.641916 -0.186390 0.743776 0.023346 0.000000 0.000000 0.000000 1.000000
0.766434 0.126099 -0.629824 -0.091623 0.023651 0.974335 0.223856 92.704056 0.641888 -0.186467 0.743781 0.023623 0.000000 0.000000 0.000000 1.000000
0.766448 0.126182 -0.629790 -0.087865 0.023638 0.974308 0.223975 92.697220 0.641872 -0.186552 0.743774 0.023703 0.000000 0.000000 0.000000 1.000000
0.766486 0.126241 -0.629732 -0.084389 0.023643 0.974282 0.224090 92.691055 0.641826 -0.186650 0.743788 0.023521 0.000000 0.000000 0.000000 1.000000
0.766527 0.126295 -0.629671 -0.081048 0.023656 0.974255 0.224205 92.685730 0.641776 -0.186755 0.743805 0.023078 0.000000 0.000000 0.000000 1.000000
0.766571 0.126347 -0.629608 -0.077283 0.023671 0.974227 0.224323 92.681000 0.641723 -0.186863 0.743823 0.022355 0.000000 0.000000 0.000000 1.000000
0.766617 0.126397 -0.629541 -0.071897 0.023690 0.974199 0.224444 92.676186 0.641668 -0.186977 0.743843 0.021343 0.000000 0.000000 0.000000 1.000000
0.766664 0.126446 -0.629474 -0.066256 0.023713 0.974170 0.224567 92.670692 0.641611 -0.187094 0.743863 0.020018 0.000000 0.000000 0.000000 1.000000
0.766711 0.126492 -0.629407 -0.060346 0.023739 0.974141 0.224691 92.664772 0.641553 -0.187215 0.743882 0.018347 0.000000 0.000000 0.000000 1.000000
0.766758 0.126536 -0.629341 -0.054180 0.023769 0.974111 0.224816 92.659073 0.641496 -0.187338 0.743900 0.016286 0.000000 0.000000 0.000000 1.000000
0.766804 0.126577 -0.629277 -0.047807 0.023805 0.974082 0.224941 92.654068 0.641439 -0.187466 0.743917 0.013157 0.000000 0.000000 0.000000 1.000000
0.766848 0.126614 -0.629217 -0.041252 0.023847 0.974052 0.225066 92.649437 0.641386 -0.187596 0.743930 0.009185 0.000000 0.000000 0.000000 1.000000
0.766888 0.126647 -0.629160 -0.034535 0.023894 0.974022 0.225190 92.644928 0.641336 -0.187729 0.743940 0.004798 0.000000 0.000000 0.000000 1.000000
0.766925 0.126676 -0.629109 -0.027680 0.023947 0.973992 0.225314 92.640503 0.641289 -0.187864 0.743946 0.000090 0.000000 0.000000 0.000000 1.000000
0.766958 0.126700 -0.629065 -0.020715 0.024007 0.973962 0.225436 92.636177 0.641248 -0.188002 0.743946 -0.004837 0.000000 0.000000 0.000000 1.000000
0.766985 0.126720 -0.629028 -0.013662 0.024073 0.973933 0.225555 92.631889 0.641213 -0.188140 0.743941 -0.009895 0.000000 0.000000 0.000000 1.000000
0.767006 0.126735 -0.628999 -0.007125 0.024146 0.973904 0.225672 92.627670 0.641185 -0.188280 0.743930 -0.014425 0.000000 0.000000 0.000000 1.000000
0.767021 0.126744 -0.628980 0.002149 0.024227 0.973875 0.225787 92.623375 0.641165 -0.188421 0.743912 -0.021644 0.000000 0.000000 0.000000 1.000000
0.767027 0.126748 -0.628971 0.017047 0.024316 0.973847 0.225899 92.619049 0.641154 -0.188564 0.743885 -0.034427 0.000000 0.000000 0.000000 1.000000</float_array><technique_common><accessor source="#swat_Hips-Matrix-animation-output-transform-array" count="94" stride="16"><param type="float4x4"/></accessor></technique_common></source><source id="swat_Hips-Interpolations"><Name_array id="swat_Hips-Interpolations-array" count="94">
 LINEAR LINEAR LINEAR LINEAR LINEAR LINEAR LINEAR LINEAR LINEAR LINEAR LINEAR
LINEAR LINEAR LINEAR LINEAR LINEAR LINEAR LINEAR LINEAR LINEAR LINEAR LINEAR LINEAR
LINEAR LINEAR LINEAR LINEAR LINEAR LINEAR LINEAR LINEAR LINEAR LINEAR LINEAR LINEAR
LINEAR LINEAR LINEAR LINEAR LINEAR LINEAR LINEAR LINEAR LINEAR LINEAR LINEAR LINEAR
LINEAR LINEAR LINEAR LINEAR LINEAR LINEAR LINEAR LINEAR LINEAR LINEAR LINEAR LINEAR
LINEAR LINEAR LINEAR LINEAR LINEAR LINEAR LINEAR LINEAR LINEAR LINEAR LINEAR LINEAR
LINEAR LINEAR LINEAR LINEAR LINEAR LINEAR LINEAR LINEAR LINEAR LINEAR LINEAR LINEAR
LINEAR LINEAR LINEAR LINEAR LINEAR LINEAR LINEAR LINEAR LINEAR LINEAR LINEAR</Name_array><technique_common><accessor source="#swat_Hips-Interpolations-array" count="94"><param type="name"/></accessor></technique_common></source><sampler id="swat_Hips-Matrix-animation-transform"><input semantic="INPUT" source="#swat_Hips-Matrix-animation-input"/><input semantic="OUTPUT" source="#swat_Hips-Matrix-animation-output-transform"/><input semantic="INTERPOLATION" source="#swat_Hips-Interpolations"/></sampler><channel source="#swat_Hips-Matrix-animation-transform" target="swat_Hips/matrix"/></animation>
    <animation id="swat_Spine-anim" name="swat_Spine"><source id="swat_Spine-Matrix-animation-input"><float_array id="swat_Spine-Matrix-animation-input-array" count="94">

0.000000 0.033333 0.066667 0.100000 0.133333 0.166667 0.200000 0.233333 0.266667 0.300000 0.333333 0.366667 0.400000 0.433333 0.466667 0.500000
0.533333 0.566667 0.600000 0.633333 0.666667 0.700000 0.733333 0.766667 0.800000 0.833333 0.866667 0.900000 0.933333 0.966667 1.000000 1.033333
1.066667 1.100000 1.133333 1.166667 1.200000 1.233333 1.266667 1.300000 1.333333 1.366667 1.400000 1.433333 1.466667 1.500000 1.533333 1.566667
1.600000 1.633333 1.666667 1.700000 1.733333 1.766667 1.800000 1.833333 1.866667 1.900000 1.933333 1.966667 2.000000 2.033333 2.066667 2.100000
2.133333 2.166667 2.200000 2.233333 2.266667 2.300000 2.333333 2.366667 2.400000 2.433333 2.466667 2.500000 2.533333 2.566667 2.600000 2.633333
2.666667 2.700000 2.733333 2.766667 2.800000 2.833333 2.866667 2.900000 2.933333 2.966667 3.000000 3.033333 3.066667 3.100000</float_array><technique_common><accessor source="#swat_Spine-Matrix-animation-input-array" count="94"><param name="TIME" type="float"/></accessor></technique_common></source><source id="swat_Spine-Matrix-animation-output-transform"><float_array id="swat_Spine-Matrix-animation-output-transform-array" count="1504">

0.999996 0.002589 -0.001074 -0.000000 -0.002713 0.990278 -0.139074 9.226300 0.000703 0.139076 0.990281 1.577100 0.000000 0.000000 0.000000 1.000000
0.999997 0.002402 -0.001079 -0.000000 -0.002529 0.990294 -0.138962 9.226300 0.000735 0.138965 0.990297 1.577100 0.000000 0.000000 0.000000 1.000000
0.999997 0.002213 -0.001100 0.000000 -0.002344 0.990317 -0.138804 9.226300 0.000782 0.138806 0.990319 1.577100 0.000000 0.000000 0.000000 1.000000
0.999997 0.002021 -0.001122 -0.000000 -0.002158 0.990347 -0.138594 9.226300 0.000831 0.138596 0.990349 1.577100 0.000000 0.000000 0.000000 1.000000
0.999998 0.001846 -0.001164 -0.000000 -0.001990 0.990385 -0.138325 9.226300 0.000897 0.138327 0.990386 1.577100 0.000000 0.000000 0.000000 1.000000
0.999998 0.001687 -0.001244 0.000000 -0.001842 0.990432 -0.137988 9.226300 0.000999 0.137990 0.990433 1.577100 0.000000 0.000000 0.000000 1.000000
0.999998 0.001527 -0.001345 0.000000 -0.001697 0.990493 -0.137554 9.226300 0.001122 0.137556 0.990493 1.577100 0.000000 0.000000 0.000000 1.000000
0.999998 0.001370 -0.001448 0.000000 -0.001556 0.990559 -0.137081 9.226300 0.001247 0.137083 0.990559 1.577100 0.000000 0.000000 0.000000 1.000000
0.999998 0.001209 -0.001536 0.000000 -0.001407 0.990626 -0.136597 9.226300 0.001357 0.136599 0.990625 1.577100 0.000000 0.000000 0.000000 1.000000
0.999998 0.001032 -0.001582 0.000000 -0.001238 0.990693 -0.136113 9.226300 0.001427 0.136115 0.990692 1.577100 0.000000 0.000000 0.000000 1.000000
0.999998 0.000854 -0.001606 0.000000 -0.001064 0.990759 -0.135633 9.226300 0.001475 0.135635 0.990758 1.577100 0.000000 0.000000 0.000000 1.000000
0.999998 0.000671 -0.001619 -0.000000 -0.000884 0.990828 -0.135123 9.226300 0.001513 0.135124 0.990828 1.577100 0.000000 0.000000 0.000000 1.000000
0.999999 0.000484 -0.001623 0.000000 -0.000698 0.990904 -0.134566 9.226300 0.001543 0.134567 0.990903 1.577100 0.000000 0.000000 0.000000 1.000000
0.999999 0.000288 -0.001618 0.000000 -0.000503 0.990986 -0.133965 9.226300 0.001565 0.133966 0.990985 1.577100 0.000000 0.000000 0.000000 1.000000
0.999999 0.000084 -0.001606 0.000000 -0.000297 0.991073 -0.133317 9.226300 0.001581 0.133317 0.991072 1.577100 0.000000 0.000000 0.000000 1.000000
0.999999 -0.000131 -0.001586 -0.000000 -0.000080 0.991168 -0.132611 9.226300 0.001589 0.132611 0.991167 1.577100 0.000000 0.000000 0.000000 1.000000
0.999999 -0.000371 -0.001558 0.000000 0.000162 0.991271 -0.131837 9.226300 0.001594 0.131837 0.991270 1.577100 0.000000 0.000000 0.000000 1.000000
0.999999 -0.000637 -0.001491 0.000000 0.000436 0.991383 -0.130992 9.226300 0.001561 0.130992 0.991382 1.577100 0.000000 0.000000 0.000000 1.000000
0.999999 -0.000897 -0.001415 0.000000 0.000706 0.991502 -0.130090 9.226300 0.001520 0.130089 0.991501 1.577100 0.000000 0.000000 0.000000 1.000000
0.999998 -0.001151 -0.001339 -0.000000 0.000968 0.991627 -0.129132 9.226300 0.001477 0.129131 0.991626 1.577100 0.000000 0.000000 0.000000 1.000000
0.999998 -0.001393 -0.001275 0.000000 0.001218 0.991757 -0.128125 9.226300 0.001443 0.128123 0.991757 1.577100 0.000000 0.000000 0.000000 1.000000
0.999998 -0.001613 -0.001222 0.000000 0.001445 0.991892 -0.127079 9.226300 0.001417 0.127077 0.991892 1.577100 0.000000 0.000000 0.000000 1.000000
0.999998 -0.001823 -0.001177 0.000000 0.001660 0.992028 -0.126004 9.226300 0.001397 0.126001 0.992029 1.577100 0.000000 0.000000 0.000000 1.000000
0.999997 -0.002027 -0.001136 0.000000 0.001869 0.992165 -0.124920 9.226300 0.001380 0.124918 0.992166 1.577100 0.000000 0.000000 0.000000 1.000000
0.999997 -0.002225 -0.001095 -0.000000 0.002072 0.992300 -0.123838 9.226300 0.001362 0.123835 0.992302 1.577100 0.000000 0.000000 0.000000 1.000000
0.999997 -0.002416 -0.001052 -0.000000 0.002269 0.992434 -0.122755 9.226300 0.001341 0.122752 0.992436 1.577100 0.000000 0.000000 0.000000 1.000000
0.999996 -0.002601 -0.001009 0.000000 0.002459 0.992568 -0.121664 9.226300 0.001318 0.121661 0.992571 1.577100 0.000000 0.000000 0.000000 1.000000
0.999996 -0.002778 -0.000971 0.000000 0.002641 0.992701 -0.120570 9.226300 0.001299 0.120567 0.992704 1.577100 0.000000 0.000000 0.000000 1.000000
0.999995 -0.002950 -0.000949 0.000000 0.002816 0.992832 -0.119481 9.226300 0.001295 0.119478 0.992836 1.577100 0.000000 0.000000 0.000000 1.000000
0.999995 -0.003117 -0.000932 0.000000 0.002985 0.992961 -0.118401 9.226300 0.001295 0.118398 0.992965 1.577100 0.000000 0.000000 0.000000 1.000000
0.999994 -0.003278 -0.000920 0.000000 0.003148 0.993087 -0.117334 9.226300 0.001298 0.117331 0.993092 1.577100 0.000000 0.000000 0.000000 1.000000
0.999994 -0.003434 -0.000908 0.000000 0.003305 0.993210 -0.116285 9.226300 0.001301 0.116281 0.993215 1.577100 0.000000 0.000000 0.000000 1.000000
0.999993 -0.003584 -0.000896 0.000000 0.003457 0.993329 -0.115264 9.226300 0.001303 0.115260 0.993334 1.577100 0.000000 0.000000 0.000000 1.000000
0.999993 -0.003728 -0.000883 -0.000000 0.003603 0.993443 -0.114275 9.226300 0.001303 0.114271 0.993449 1.577100 0.000000 0.000000 0.000000 1.000000
0.999992 -0.003868 -0.000866 -0.000000 0.003745 0.993551 -0.113321 9.226300 0.001299 0.113317 0.993558 1.577100 0.000000 0.000000 0.000000 1.000000
0.999992 -0.004003 -0.000846 0.000000 0.003883 0.993655 -0.112406 9.226300 0.001290 0.112402 0.993662 1.577100 0.000000 0.000000 0.000000 1.000000
0.999991 -0.004134 -0.000817 0.000000 0.004017 0.993752 -0.111534 9.226300 0.001273 0.111530 0.993760 1.577100 0.000000 0.000000 0.000000 1.000000
0.999991 -0.004259 -0.000776 0.000000 0.004147 0.993843 -0.110718 9.226300 0.001243 0.110713 0.993852 1.577100 0.000000 0.000000 0.000000 1.000000
0.999990 -0.004382 -0.000706 0.000000 0.004278 0.993927 -0.109958 9.226300 0.001183 0.109954 0.993936 1.577100 0.000000 0.000000 0.000000 1.000000
0.999990 -0.004505 -0.000615 0.000000 0.004410 0.994001 -0.109279 9.226300 0.001104 0.109275 0.994011 1.577100 0.000000 0.000000 0.000000 1.000000
0.999989 -0.004626 -0.000567 -0.000000 0.004537 0.994060 -0.108741 9.226300 0.001067 0.108737 0.994070 1.577100 0.000000 0.000000 0.000000 1.000000
0.999989 -0.004745 -0.000544 0.000000 0.004658 0.994099 -0.108379 9.226300 0.001055 0.108375 0.994110 1.577100 0.000000 0.000000 0.000000 1.000000
0.999988 -0.004860 -0.000537 0.000000 0.004774 0.994118 -0.108200 9.226300 0.001059 0.108196 0.994129 1.577100 0.000000 0.000000 0.000000 1.000000
0.999988 -0.004949 -0.000546 -0.000000 0.004861 0.994119 -0.108181 9.226300 0.001078 0.108177 0.994131 1.577100 0.000000 0.000000 0.000000 1.000000
0.999987 -0.005016 -0.000602 -0.000000 0.004921 0.994112 -0.108246 9.226300 0.001142 0.108242 0.994124 1.577100 0.000000 0.000000 0.000000 1.000000
0.999987 -0.005059 -0.000685 0.000000 0.004955 0.994099 -0.108365 9.226300 0.001229 0.108361 0.994111 1.577100 0.000000 0.000000 0.000000 1.000000
0.999987 -0.005080 -0.000778 -0.000000 0.004965 0.994083 -0.108511 9.226300 0.001325 0.108506 0.994095 1.577100 0.000000 0.000000 0.000000 1.000000
0.999987 -0.005079 -0.000861 0.000000 0.004956 0.994067 -0.108654 9.226300 0.001408 0.108649 0.994079 1.577100 0.000000 0.000000 0.000000 1.000000
0.999987 -0.005046 -0.000924 -0.000000 0.004916 0.994058 -0.108736 9.226300 0.001467 0.108730 0.994070 1.577100 0.000000 0.000000 0.000000 1.000000
0.999987 -0.005002 -0.000976 0.000000 0.004867 0.994056 -0.108759 9.226300 0.001514 0.108753 0.994068 1.577100 0.000000 0.000000 0.000000 1.000000
0.999987 -0.004959 -0.001018 0.000000 0.004819 0.994059 -0.108736 9.226300 0.001551 0.108730 0.994070 1.577100 0.000000 0.000000 0.000000 1.000000
0.999987 -0.004915 -0.001042 0.000000 0.004773 0.994065 -0.108680 9.226300 0.001570 0.108674 0.994076 1.577100 0.000000 0.000000 0.000000 1.000000
0.999988 -0.004865 -0.001065 0.000000 0.004720 0.994072 -0.108619 9.226300 0.001587 0.108613 0.994083 1.577100 0.000000 0.000000 0.000000 1.000000
0.999988 -0.004806 -0.001086 0.000000 0.004659 0.994075 -0.108592 9.226300 0.001601 0.108586 0.994086 1.577100 0.000000 0.000000 0.000000 1.000000
0.999988 -0.004747 -0.001101 0.000000 0.004600 0.994073 -0.108616 9.226300 0.001610 0.108609 0.994083 1.577100 0.000000 0.000000 0.000000 1.000000
0.999988 -0.004684 -0.001110 0.000000 0.004536 0.994064 -0.108706 9.226300 0.001613 0.108700 0.994073 1.577100 0.000000 0.000000 0.000000 1.000000
0.999989 -0.004621 -0.001113 0.000000 0.004472 0.994040 -0.108923 9.226300 0.001609 0.108916 0.994050 1.577100 0.000000 0.000000 0.000000 1.000000
0.999989 -0.004551 -0.001106 0.000000 0.004403 0.994001 -0.109284 9.226300 0.001597 0.109278 0.994010 1.577100 0.000000 0.000000 0.000000 1.000000
0.999989 -0.004472 -0.001089 0.000000 0.004325 0.993951 -0.109740 9.226300 0.001573 0.109734 0.993960 1.577100 0.000000 0.000000 0.000000 1.000000
0.999990 -0.004383 -0.001039 0.000000 0.004242 0.993892 -0.110275 9.226300 0.001516 0.110270 0.993901 1.577100 0.000000 0.000000 0.000000 1.000000
0.999990 -0.004278 -0.001004 0.000000 0.004140 0.993824 -0.110888 9.226300 0.001472 0.110883 0.993832 1.577100 0.000000 0.000000 0.000000 1.000000
0.999991 -0.004159 -0.000993 0.000000 0.004022 0.993747 -0.111579 9.226300 0.001450 0.111574 0.993755 1.577100 0.000000 0.000000 0.000000 1.000000
0.999991 -0.004028 -0.000986 0.000000 0.003892 0.993663 -0.112333 9.226300 0.001433 0.112329 0.993670 1.577100 0.000000 0.000000 0.000000 1.000000
0.999992 -0.003889 -0.000980 0.000000 0.003753 0.993571 -0.113148 9.226300 0.001414 0.113143 0.993578 1.577100 0.000000 0.000000 0.000000 1.000000
0.999993 -0.003741 -0.000968 0.000000 0.003606 0.993471 -0.114027 9.226300 0.001388 0.114023 0.993477 1.577100 0.000000 0.000000 0.000000 1.000000
0.999993 -0.003587 -0.000940 0.000000 0.003455 0.993363 -0.114970 9.226300 0.001346 0.114966 0.993369 1.577100 0.000000 0.000000 0.000000 1.000000
0.999994 -0.003429 -0.000896 0.000000 0.003302 0.993250 -0.115949 9.226300 0.001288 0.115946 0.993255 1.577100 0.000000 0.000000 0.000000 1.000000
0.999994 -0.003266 -0.000827 0.000000 0.003147 0.993132 -0.116957 9.226300 0.001203 0.116954 0.993137 1.577100 0.000000 0.000000 0.000000 1.000000
0.999995 -0.003096 -0.000751 0.000000 0.002985 0.993011 -0.117987 9.226300 0.001111 0.117984 0.993015 1.577100 0.000000 0.000000 0.000000 1.000000
0.999996 -0.002914 -0.000684 0.000000 0.002812 0.992886 -0.119038 9.226300 0.001026 0.119036 0.992889 1.577100 0.000000 0.000000 0.000000 1.000000
0.999996 -0.002723 -0.000640 0.000000 0.002627 0.992758 -0.120102 9.226300 0.000963 0.120100 0.992761 1.577100 0.000000 0.000000 0.000000 1.000000
0.999997 -0.002496 -0.000617 0.000000 0.002403 0.992628 -0.121178 9.226300 0.000915 0.121176 0.992631 1.577100 0.000000 0.000000 0.000000 1.000000
0.999997 -0.002257 -0.000604 0.000000 0.002167 0.992495 -0.122269 9.226300 0.000875 0.122267 0.992497 1.577100 0.000000 0.000000 0.000000 1.000000
0.999998 -0.002006 -0.000593 -0.000000 0.001917 0.992358 -0.123373 9.226300 0.000836 0.123372 0.992360 1.577100 0.000000 0.000000 0.000000 1.000000
0.999998 -0.001743 -0.000567 0.000000 0.001659 0.992220 -0.124483 9.226300 0.000779 0.124482 0.992222 1.577100 0.000000 0.000000 0.000000 1.000000
0.999999 -0.001466 -0.000529 0.000000 0.001388 0.992080 -0.125603 9.226300 0.000709 0.125602 0.992080 1.577100 0.000000 0.000000 0.000000 1.000000
0.999999 -0.001167 -0.000480 -0.000000 0.001096 0.991938 -0.126722 9.226300 0.000624 0.126722 0.991938 1.577100 0.000000 0.000000 0.000000 1.000000
1.000000 -0.000847 -0.000450 0.000000 0.000782 0.991796 -0.127828 9.226300 0.000554 0.127828 0.991796 1.577100 0.000000 0.000000 0.000000 1.000000
1.000000 -0.000507 -0.000438 0.000000 0.000447 0.991657 -0.128907 9.226300 0.000500 0.128907 0.991657 1.577100 0.000000 0.000000 0.000000 1.000000
1.000000 -0.000159 -0.000436 0.000000 0.000101 0.991520 -0.129951 9.226300 0.000453 0.129951 0.991520 1.577100 0.000000 0.000000 0.000000 1.000000
1.000000 0.000187 -0.000445 -0.000000 -0.000243 0.991389 -0.130952 9.226300 0.000417 0.130952 0.991389 1.577100 0.000000 0.000000 0.000000 1.000000
1.000000 0.000519 -0.000487 -0.000000 -0.000579 0.991261 -0.131912 9.226300 0.000414 0.131912 0.991261 1.577100 0.000000 0.000000 0.000000 1.000000
1.000000 0.000785 -0.000550 0.000000 -0.000851 0.991139 -0.132826 9.226300 0.000441 0.132827 0.991139 1.577100 0.000000 0.000000 0.000000 1.000000
0.999999 0.001014 -0.000649 0.000000 -0.001092 0.991021 -0.133700 9.226300 0.000508 0.133700 0.991022 1.577100 0.000000 0.000000 0.000000 1.000000
0.999999 0.001223 -0.000744 -0.000000 -0.001312 0.990909 -0.134529 9.226300 0.000573 0.134530 0.990909 1.577100 0.000000 0.000000 0.000000 1.000000
0.999999 0.001415 -0.000817 0.000000 -0.001513 0.990803 -0.135305 9.226300 0.000618 0.135306 0.990804 1.577100 0.000000 0.000000 0.000000 1.000000
0.999998 0.001596 -0.000867 0.000000 -0.001699 0.990706 -0.136013 9.226300 0.000642 0.136015 0.990707 1.577100 0.000000 0.000000 0.000000 1.000000
0.999998 0.001769 -0.000905 0.000000 -0.001876 0.990614 -0.136677 9.226300 0.000655 0.136679 0.990615 1.577100 0.000000 0.000000 0.000000 1.000000
0.999998 0.001940 -0.000931 -0.000000 -0.002049 0.990528 -0.137293 9.226300 0.000656 0.137294 0.990530 1.577100 0.000000 0.000000 0.000000 1.000000
0.999997 0.002090 -0.000957 -0.000000 -0.002202 0.990454 -0.137826 9.226300 0.000659 0.137828 0.990456 1.577100 0.000000 0.000000 0.000000 1.000000
0.999997 0.002190 -0.000981 0.000000 -0.002305 0.990394 -0.138253 9.226300 0.000668 0.138255 0.990397 1.577100 0.000000 0.000000 0.000000 1.000000
0.999997 0.002255 -0.000994 0.000000 -0.002371 0.990347 -0.138587 9.226300 0.000672 0.138589 0.990350 1.577100 0.000000 0.000000 0.000000 1.000000
0.999997 0.002302 -0.000995 0.000000 -0.002418 0.990314 -0.138825 9.226300 0.000665 0.138826 0.990316 1.577100 0.000000 0.000000 0.000000 1.000000
0.999997 0.002346 -0.000995 0.000000 -0.002462 0.990293 -0.138977 9.226300 0.000659 0.138979 0.990295 1.577100 0.000000 0.000000 0.000000 1.000000</float_array><technique_common><accessor source="#swat_Spine-Matrix-animation-output-transform-array" count="94" stride="16"><param type="float4x4"/></accessor></technique_common></source><source id="swat_Spine-Interpolations"><Name_array id="swat_Spine-Interpolations-array" count="94">
 LINEAR LINEAR LINEAR LINEAR LINEAR LINEAR LINEAR LINEAR LINEAR LINEAR LINEAR
LINEAR LINEAR LINEAR LINEAR LINEAR LINEAR LINEAR LINEAR LINEAR LINEAR LINEAR LINEAR
LINEAR LINEAR LINEAR LINEAR LINEAR LINEAR LINEAR LINEAR LINEAR LINEAR LINEAR LINEAR
LINEAR LINEAR LINEAR LINEAR LINEAR LINEAR LINEAR LINEAR LINEAR LINEAR LINEAR LINEAR
LINEAR LINEAR LINEAR LINEAR LINEAR LINEAR LINEAR LINEAR LINEAR LINEAR LINEAR LINEAR
LINEAR LINEAR LINEAR LINEAR LINEAR LINEAR LINEAR LINEAR LINEAR LINEAR LINEAR LINEAR
LINEAR LINEAR LINEAR LINEAR LINEAR LINEAR LINEAR LINEAR LINEAR LINEAR LINEAR LINEAR
LINEAR LINEAR LINEAR LINEAR LINEAR LINEAR LINEAR LINEAR LINEAR LINEAR LINEAR</Name_array><technique_common><accessor source="#swat_Spine-Interpolations-array" count="94"><param type="name"/></accessor></technique_common></source><sampler id="swat_Spine-Matrix-animation-transform"><input semantic="INPUT" source="#swat_Spine-Matrix-animation-input"/><input semantic="OUTPUT" source="#swat_Spine-Matrix-animation-output-transform"/><input semantic="INTERPOLATION" source="#swat_Spine-Interpolations"/></sampler><channel source="#swat_Spine-Matrix-animation-transform" target="swat_Spine/matrix"/></animation>
    <animation id="swat_Spine1-anim" name="swat_Spine1"><source id="swat_Spine1-Matrix-animation-input"><float_array id="swat_Spine1-Matrix-animation-input-array" count="94">

0.000000 0.033333 0.066667 0.100000 0.133333 0.166667 0.200000 0.233333 0.266667 0.300000 0.333333 0.366667 0.400000 0.433333 0.466667 0.500000
0.533333 0.566667 0.600000 0.633333 0.666667 0.700000 0.733333 0.766667 0.800000 0.833333 0.866667 0.900000 0.933333 0.966667 1.000000 1.033333
1.066667 1.100000 1.133333 1.166667 1.200000 1.233333 1.266667 1.300000 1.333333 1.366667 1.400000 1.433333 1.466667 1.500000 1.533333 1.566667
1.600000 1.633333 1.666667 1.700000 1.733333 1.766667 1.800000 1.833333 1.866667 1.900000 1.933333 1.966667 2.000000 2.033333 2.066667 2.100000
2.133333 2.166667 2.200000 2.233333 2.266667 2.300000 2.333333 2.366667 2.400000 2.433333 2.466667 2.500000 2.533333 2.566667 2.600000 2.633333
2.666667 2.700000 2.733333 2.766667 2.800000 2.833333 2.866667 2.900000 2.933333 2.966667 3.000000 3.033333 3.066667 3.100000</float_array><technique_common><accessor source="#swat_Spine1-Matrix-animation-input-array" count="94"><param name="TIME" type="float"/></accessor></technique_common></source><source id="swat_Spine1-Matrix-animation-output-transform"><float_array id="swat_Spine1-Matrix-animation-output-transform-array" count="1504">

0.999913 0.013035 -0.002141 -0.000000 -0.013109 0.959158 -0.282567 16.254000 -0.001630 0.282570 0.959245 -0.165600 0.000000 0.000000 0.000000 1.000000
0.999913 0.013035 -0.002141 0.000000 -0.013107 0.958804 -0.283764 16.254000 -0.001646 0.283768 0.958892 -0.165600 0.000000 0.000000 0.000000 1.000000
0.999913 0.013035 -0.002141 0.000000 -0.013105 0.958505 -0.284773 16.254000 -0.001660 0.284777 0.958593 -0.165600 0.000000 0.000000 0.000000 1.000000
0.999913 0.013035 -0.002141 0.000000 -0.013103 0.958259 -0.285602 16.254000 -0.001671 0.285605 0.958346 -0.165600 0.000000 0.000000 0.000000 1.000000
0.999913 0.013024 -0.002140 -0.000000 -0.013091 0.958060 -0.286269 16.254000 -0.001678 0.286272 0.958147 -0.165600 0.000000 0.000000 0.000000 1.000000
0.999913 0.012985 -0.002136 0.000000 -0.013052 0.957894 -0.286824 16.254000 -0.001678 0.286827 0.957981 -0.165600 0.000000 0.000000 0.000000 1.000000
0.999914 0.012941 -0.002132 0.000000 -0.013008 0.957759 -0.287278 16.254000 -0.001676 0.287281 0.957845 -0.165600 0.000000 0.000000 0.000000 1.000000
0.999915 0.012891 -0.002128 0.000000 -0.012958 0.957640 -0.287676 16.254000 -0.001671 0.287679 0.957725 -0.165600 0.000000 0.000000 0.000000 1.000000
0.999915 0.012835 -0.002123 0.000000 -0.012902 0.957534 -0.288030 16.254000 -0.001664 0.288033 0.957619 -0.165600 0.000000 0.000000 0.000000 1.000000
0.999916 0.012773 -0.002117 -0.000000 -0.012841 0.957442 -0.288340 16.254000 -0.001656 0.288343 0.957526 -0.165600 0.000000 0.000000 0.000000 1.000000
0.999917 0.012706 -0.002111 0.000000 -0.012775 0.957365 -0.288600 16.254000 -0.001646 0.288603 0.957447 -0.165600 0.000000 0.000000 0.000000 1.000000
0.999918 0.012634 -0.002104 -0.000000 -0.012703 0.957306 -0.288798 16.254000 -0.001634 0.288801 0.957388 -0.165600 0.000000 0.000000 0.000000 1.000000
0.999919 0.012558 -0.002081 0.000000 -0.012624 0.957266 -0.288932 16.254000 -0.001636 0.288935 0.957347 -0.165600 0.000000 0.000000 0.000000 1.000000
0.999920 0.012479 -0.002055 -0.000000 -0.012540 0.957244 -0.289011 16.254000 -0.001639 0.289013 0.957324 -0.165600 0.000000 0.000000 0.000000 1.000000
0.999921 0.012396 -0.002028 0.000000 -0.012453 0.957241 -0.289025 16.254000 -0.001642 0.289027 0.957319 -0.165600 0.000000 0.000000 0.000000 1.000000
0.999922 0.012310 -0.001999 0.000000 -0.012362 0.957259 -0.288968 16.254000 -0.001643 0.288970 0.957337 -0.165600 0.000000 0.000000 0.000000 1.000000
0.999923 0.012221 -0.001970 0.000000 -0.012269 0.957302 -0.288828 16.254000 -0.001644 0.288830 0.957379 -0.165600 0.000000 0.000000 0.000000 1.000000
0.999925 0.012129 -0.001940 0.000000 -0.012172 0.957374 -0.288593 16.254000 -0.001643 0.288595 0.957450 -0.165600 0.000000 0.000000 0.000000 1.000000
0.999926 0.012035 -0.001908 0.000000 -0.012074 0.957471 -0.288275 16.254000 -0.001642 0.288277 0.957546 -0.165600 0.000000 0.000000 0.000000 1.000000
0.999927 0.011940 -0.001877 0.000000 -0.011975 0.957594 -0.287874 16.254000 -0.001640 0.287875 0.957667 -0.165600 0.000000 0.000000 0.000000 1.000000
0.999928 0.011843 -0.001845 0.000000 -0.011874 0.957740 -0.287389 16.254000 -0.001637 0.287390 0.957812 -0.165600 0.000000 0.000000 0.000000 1.000000
0.999929 0.011746 -0.001812 0.000000 -0.011772 0.957911 -0.286825 16.254000 -0.001633 0.286826 0.957981 -0.165600 0.000000 0.000000 0.000000 1.000000
0.999931 0.011648 -0.001779 -0.000000 -0.011669 0.958106 -0.286175 16.254000 -0.001629 0.286176 0.958176 -0.165600 0.000000 0.000000 0.000000 1.000000
0.999932 0.011549 -0.001746 0.000000 -0.011567 0.958319 -0.285466 16.254000 -0.001624 0.285466 0.958387 -0.165600 0.000000 0.000000 0.000000 1.000000
0.999933 0.011452 -0.001713 -0.000000 -0.011465 0.958547 -0.284703 16.254000 -0.001619 0.284704 0.958614 -0.165600 0.000000 0.000000 0.000000 1.000000
0.999934 0.011355 -0.001680 -0.000000 -0.011364 0.958788 -0.283894 16.254000 -0.001613 0.283894 0.958854 -0.165600 0.000000 0.000000 0.000000 1.000000
0.999935 0.011258 -0.001647 0.000000 -0.011264 0.959041 -0.283044 16.254000 -0.001607 0.283044 0.959106 -0.165600 0.000000 0.000000 0.000000 1.000000
0.999936 0.011164 -0.001614 -0.000000 -0.011166 0.959305 -0.282152 16.254000 -0.001601 0.282152 0.959368 -0.165600 0.000000 0.000000 0.000000 1.000000
0.999937 0.011072 -0.001582 0.000000 -0.011070 0.959575 -0.281236 16.254000 -0.001595 0.281236 0.959637 -0.165600 0.000000 0.000000 0.000000 1.000000
0.999938 0.010982 -0.001551 -0.000000 -0.010976 0.959849 -0.280302 16.254000 -0.001589 0.280302 0.959911 -0.165600 0.000000 0.000000 0.000000 1.000000
0.999940 0.010894 -0.001521 0.000000 -0.010885 0.960126 -0.279357 16.254000 -0.001583 0.279356 0.960186 -0.165600 0.000000 0.000000 0.000000 1.000000
0.999940 0.010809 -0.001491 0.000000 -0.010797 0.960403 -0.278406 16.254000 -0.001577 0.278406 0.960462 -0.165600 0.000000 0.000000 0.000000 1.000000
