<?xml version="1.0" encoding="utf-8"?>
<COLLADA xmlns="http://www.collada.org/2005/11/COLLADASchema" version="1.4.1">
  <asset><contributor><author>Mixamo</author><authoring_tool>COLLADA Mixamo exporter</authoring_tool><comments></comments></contributor><created>2020-08-11T21:01:53Z</created><modified>2020-08-11T21:01:53Z</modified><revision></revision><title></title><unit meter="0.010000"/><up_axis>Y_UP</up_axis></asset>
  <library_animations>
    <animation id="swat_Hips-anim" name="swat_Hips"><source id="swat_Hips-Matrix-animation-input"><float_array id="swat_Hips-Matrix-animation-input-array" count="19">

0.000000 0.033333 0.066667 0.100000 0.133333 0.166667 0.200000 0.233333 0.266667 0.300000 0.333333 0.366667 0.400000 0.433333 0.466667 0.500000
0.533333 0.566667 0.600000</float_array><technique_common><accessor source="#swat_Hips-Matrix-animation-input-array" count="19"><param name="TIME" type="float"/></accessor></technique_common></source><source id="swat_Hips-Matrix-animation-output-transform"><float_array id="swat_Hips-Matrix-animation-output-transform-array" count="304">

0.281707 -0.103819 -0.953867 0.003426 -0.033323 0.992471 -0.117862 101.396439 0.958922 0.064988 0.276126 0.017614 0.000000 0.000000 0.000000 1.000000
0.254098 -0.102460 -0.961736 -1.785042 -0.042298 0.992244 -0.116886 108.417938 0.966253 0.070380 0.247794 -0.011369 0.000000 0.000000 0.000000 1.000000
0.248746 -0.074222 -0.965721 -2.335860 -0.045746 0.995047 -0.088259 115.353546 0.967488 0.066132 0.244118 -0.061058 0.000000 0.000000 0.000000 1.000000
0.261735 -0.032128 -0.964605 -1.623663 -0.033424 0.998545 -0.042327 119.552109 0.964561 0.043319 0.260280 -0.101809 0.000000 0.000000 0.000000 1.000000
0.270981 -0.015361 -0.962462 -0.283529 -0.006599 0.999820 -0.017816 122.621399 0.962562 0.011179 0.270831 -0.131833 0.000000 0.000000 0.000000 1.000000
0.265943 -0.037611 -0.963255 1.538993 0.025817 0.999158 -0.031885 125.228546 0.963643 -0.016388 0.266690 -0.118283 0.000000 0.000000 0.000000 1.000000
0.257705 -0.076083 -0.963224 3.515300 0.056093 0.996392 -0.063695 127.094643 0.964594 -0.037615 0.261043 -0.074421 0.000000 0.000000 0.000000 1.000000
0.261263 -0.102050 -0.959858 4.954748 0.078336 0.993357 -0.084289 127.836098 0.962084 -0.053170 0.267522 -0.020692 0.000000 0.000000 0.000000 1.000000
0.275063 -0.107394 -0.955409 5.560901 0.087680 0.992403 -0.086309 128.042999 0.957420 -0.060030 0.282389 0.017024 0.000000 0.000000 0.000000 1.000000
0.285325 -0.101346 -0.953057 5.604727 0.084657 0.993172 -0.080267 128.178131 0.954685 -0.057781 0.291957 0.025289 0.000000 0.000000 0.000000 1.000000
0.284225 -0.095271 -0.954012 5.374242 0.076594 0.994127 -0.076458 128.052689 0.955693 -0.051340 0.289853 0.000663 0.000000 0.000000 0.000000 1.000000
0.274834 -0.094572 -0.956829 5.009262 0.070827 0.994439 -0.077945 127.325851 0.958879 -0.046348 0.280004 -0.035914 0.000000 0.000000 0.000000 1.000000
0.262547 -0.097849 -0.959945 4.411457 0.068485 0.994226 -0.082612 125.750923 0.962486 -0.044052 0.267733 -0.101655 0.000000 0.000000 0.000000 1.000000
0.249367 -0.100472 -0.963183 3.653079 0.062913 0.994183 -0.087418 123.307808 0.966363 -0.038797 0.254238 -0.153728 0.000000 0.000000 0.000000 1.000000
0.234783 -0.100141 -0.966876 2.901031 0.048956 0.994635 -0.091128 120.050331 0.970814 -0.025939 0.238426 -0.182154 0.000000 0.000000 0.000000 1.000000
0.214754 -0.096205 -0.971918 1.968927 0.023509 0.995358 -0.093330 115.878593 0.976385 -0.002806 0.216019 -0.199489 0.000000 0.000000 0.000000 1.000000
0.182025 -0.094549 -0.978738 0.830740 -0.009126 0.995161 -0.097833 110.603165 0.983252 0.026740 0.180281 -0.204147 0.000000 0.000000 0.000000 1.000000
0.137832 -0.115784 -0.983665 0.067082 -0.026418 0.992361 -0.120509 103.991982 0.990103 0.042596 0.133720 -0.186688 0.000000 0.000000 0.000000 1.000000
0.108172 -0.157627 -0.981556 -0.064222 -0.016339 0.986935 -0.160291 97.289383 0.993998 0.033376 0.104184 -0.159073 0.000000 0.000000 0.000000 1.000000</float_array><technique_common><accessor source="#swat_Hips-Matrix-animation-output-transform-array" count="19" stride="16"><param type="float4x4"/></accessor></technique_common></source><source id="swat_Hips-Interpolations"><Name_array id="swat_Hips-Interpolations-array" count="19">
 LINEAR LINEAR LINEAR LINEAR LINEAR LINEAR LINEAR LINEAR LINEAR LINEAR LINEAR
LINEAR LINEAR LINEAR LINEAR LINEAR LINEAR LINEAR LINEAR</Name_array><technique_common><accessor source="#swat_Hips-Interpolations-array" count="19"><param type="name"/></accessor></technique_common></source><sampler id="swat_Hips-Matrix-animation-transform"><input semantic="INPUT" source="#swat_Hips-Matrix-animation-input"/><input semantic="OUTPUT" source="#swat_Hips-Matrix-animation-output-transform"/><input semantic="INTERPOLATION" source="#swat_Hips-Interpolations"/></sampler><channel source="#swat_Hips-Matrix-animation-transform" target="swat_Hips/matrix"/></animation>
    <animation id="swat_Spine-anim" name="swat_Spine"><source id="swat_Spine-Matrix-animation-input"><float_array id="swat_Spine-Matrix-animation-input-array" count="19">

0.000000 0.033333 0.066667 0.100000 0.133333 0.166667 0.200000 0.233333 0.266667 0.300000 0.333333 0.366667 0.400000 0.433333 0.466667 0.500000
0.533333 0.566667 0.600000</float_array><technique_common><accessor source="#swat_Spine-Matrix-animation-input-array" count="19"><param name="TIME" type="float"/></accessor></technique_common></source><source id="swat_Spine-Matrix-animation-output-transform"><float_array id="swat_Spine-Matrix-animation-output-transform-array" count="304">

0.956188 -0.035462 0.290598 0.000000 0.078140 0.987540 -0.136601 9.226300 -0.282133 0.153323 0.947044 1.577100 0.000000 0.000000 0.000000 1.000000
0.947865 -0.042375 0.315842 0.000000 0.070652 0.994398 -0.078617 9.226300 -0.310741 0.096833 0.945549 1.577100 0.000000 0.000000 0.000000 1.000000
0.943781 -0.054342 0.326074 0.000000 0.085743 0.992879 -0.082704 9.226300 -0.319258 0.106013 0.941719 1.577100 0.000000 0.000000 0.000000 1.000000
0.947069 -0.051683 0.316843 0.000000 0.100961 0.984829 -0.141136 9.226300 -0.304741 0.165654 0.937919 1.577100 0.000000 0.000000 0.000000 1.000000
0.952273 -0.035752 0.303147 -0.000000 0.102205 0.973139 -0.206288 9.226300 -0.287629 0.227426 0.930348 1.577100 0.000000 0.000000 0.000000 1.000000
0.955687 -0.014107 0.294045 -0.000000 0.092099 0.963039 -0.253130 9.226300 -0.279606 0.268994 0.921663 1.577100 0.000000 0.000000 0.000000 1.000000
0.958410 0.006835 0.285312 -0.000000 0.078457 0.954885 -0.286426 9.226300 -0.274398 0.296898 0.914635 1.577100 0.000000 0.000000 0.000000 1.000000
0.962123 0.018746 0.271969 0.000000 0.070294 0.946838 -0.313938 9.226300 -0.263396 0.321165 0.909657 1.577100 0.000000 0.000000 0.000000 1.000000
0.965908 0.015030 0.258451 0.000000 0.075605 0.938417 -0.337130 9.226300 -0.247602 0.345176 0.905288 1.577100 0.000000 0.000000 0.000000 1.000000
0.967912 -0.000061 0.251289 0.000000 0.091897 0.930818 -0.353742 9.226300 -0.233883 0.365484 0.900955 1.577100 0.000000 0.000000 0.000000 1.000000
0.968036 -0.015200 0.250351 0.000000 0.107733 0.926588 -0.360318 9.226300 -0.226495 0.375772 0.898608 1.577100 0.000000 0.000000 0.000000 1.000000
0.967437 -0.023560 0.252013 0.000000 0.115115 0.927682 -0.355182 9.226300 -0.225420 0.372627 0.900186 1.577100 0.000000 0.000000 0.000000 1.000000
0.966528 -0.025575 0.255285 0.000000 0.114620 0.933245 -0.340463 9.226300 -0.229536 0.358328 0.904939 1.577100 0.000000 0.000000 0.000000 1.000000
0.964703 -0.027695 0.261881 0.000000 0.113761 0.940705 -0.319582 9.226300 -0.237502 0.338093 0.910651 1.577100 0.000000 0.000000 0.000000 1.000000
0.962003 -0.034953 0.270792 0.000000 0.117767 0.947894 -0.296022 9.226300 -0.246335 0.316664 0.915993 1.577100 0.000000 0.000000 0.000000 1.000000
0.958158 -0.050341 0.281777 0.000000 0.129942 0.953630 -0.271488 9.226300 -0.255044 0.296743 0.920270 1.577100 0.000000 0.000000 0.000000 1.000000
0.952617 -0.067087 0.296682 -0.000000 0.144524 0.958071 -0.247411 9.226300 -0.267644 0.278566 0.922371 1.577100 0.000000 0.000000 0.000000 1.000000
0.948002 -0.059297 0.312691 0.000000 0.135842 0.963889 -0.229053 9.226300 -0.287818 0.259619 0.921824 1.577100 0.000000 0.000000 0.000000 1.000000
0.947446 -0.027835 0.318701 -0.000000 0.104812 0.968232 -0.227026 9.226300 -0.302258 0.248498 0.920266 1.577100 0.000000 0.000000 0.000000 1.000000</float_array><technique_common><accessor source="#swat_Spine-Matrix-animation-output-transform-array" count="19" stride="16"><param type="float4x4"/></accessor></technique_common></source><source id="swat_Spine-Interpolations"><Name_array id="swat_Spine-Interpolations-array" count="19">
 LINEAR LINEAR LINEAR LINEAR LINEAR LINEAR LINEAR LINEAR LINEAR LINEAR LINEAR
LINEAR LINEAR LINEAR LINEAR LINEAR LINEAR LINEAR LINEAR</Name_array><technique_common><accessor source="#swat_Spine-Interpolations-array" count="19"><param type="name"/></accessor></technique_common></source><sampler id="swat_Spine-Matrix-animation-transform"><input semantic="INPUT" source="#swat_Spine-Matrix-animation-input"/><input semantic="OUTPUT" source="#swat_Spine-Matrix-animation-output-transform"/><input semantic="INTERPOLATION" source="#swat_Spine-Interpolations"/></sampler><channel source="#swat_Spine-Matrix-animation-transform" target="swat_Spine/matrix"/></animation>
    <animation id="swat_Spine1-anim" name="swat_Spine1"><source id="swat_Spine1-Matrix-animation-input"><float_array id="swat_Spine1-Matrix-animation-input-array" count="19">

0.000000 0.033333 0.066667 0.100000 0.133333 0.166667 0.200000 0.233333 0.266667 0.300000 0.333333 0.366667 0.400000 0.433333 0.466667 0.500000
0.533333 0.566667 0.600000</float_array><technique_common><accessor source="#swat_Spine1-Matrix-animation-input-array" count="19"><param name="TIME" type="float"/></accessor></technique_common></source><source id="swat_Spine1-Matrix-animation-output-transform"><float_array id="swat_Spine1-Matrix-animation-output-transform-array" count="304">

0.996999 -0.012050 0.076474 0.000000 0.015723 0.998742 -0.047610 16.254000 -0.075804 0.048669 0.995934 -0.165600 0.000000 0.000000 0.000000 1.000000
0.996350 -0.011079 0.084646 0.000000 0.013844 0.999387 -0.032153 16.254000 -0.084237 0.033208 0.995892 -0.165600 0.000000 0.000000 0.000000 1.000000
0.995701 -0.013137 0.091694 0.000000 0.015955 0.999420 -0.030071 16.254000 -0.091246 0.031405 0.995333 -0.165600 0.000000 0.000000 0.000000 1.000000
0.995754 -0.014953 0.090836 0.000000 0.018914 0.998900 -0.042908 16.254000 -0.090095 0.044444 0.994941 -0.165600 0.000000 0.000000 0.000000 1.000000
0.995974 -0.014274 0.088494 -0.000000 0.019666 0.997983 -0.060363 16.254000 -0.087454 0.061860 0.994246 -0.165600 0.000000 0.000000 0.000000 1.000000
0.996040 -0.010657 0.088269 -0.000000 0.017213 0.997121 -0.073848 16.254000 -0.087228 0.075075 0.993355 -0.165600 0.000000 0.000000 0.000000 1.000000
0.996059 -0.005233 0.088538 -0.000000 0.012608 0.996475 -0.082937 16.254000 -0.087792 0.083726 0.992614 -0.165600 0.000000 0.000000 0.000000 1.000000
0.996201 -0.001093 0.087074 0.000000 0.008971 0.995890 -0.090126 16.254000 -0.086617 0.090565 0.992117 -0.165600 0.000000 0.000000 0.000000 1.000000
0.996364 -0.000736 0.085194 0.000000 0.009000 0.995276 -0.096670 16.254000 -0.084721 0.097085 0.991664 -0.165600 0.000000 0.000000 0.000000 1.000000
0.996386 -0.003685 0.084865 0.000000 0.012382 0.994688 -0.102189 16.254000 -0.084038 0.102870 0.991138 -0.165600 0.000000 0.000000 0.000000 1.000000
0.996260 -0.007305 0.086096 -0.000000 0.016410 0.994282 -0.105519 16.254000 -0.084833 0.106537 0.990683 -0.165600 0.000000 0.000000 0.000000 1.000000
0.996074 -0.009390 0.088025 0.000000 0.018719 0.994215 -0.105763 16.254000 -0.086523 0.106995 0.990488 -0.165600 0.000000 0.000000 0.000000 1.000000
0.995853 -0.009643 0.090462 -0.000000 0.019007 0.994475 -0.103237 16.254000 -0.088967 0.104528 0.990535 -0.165600 0.000000 0.000000 0.000000 1.000000
0.995590 -0.009541 0.093330 -0.000000 0.018828 0.994895 -0.099139 16.254000 -0.091908 0.100459 0.990687 -0.165600 0.000000 0.000000 0.000000 1.000000
0.995315 -0.010525 0.096111 -0.000000 0.019639 0.995342 -0.094383 16.254000 -0.094670 0.095829 0.990886 -0.165600 0.000000 0.000000 0.000000 1.000000
0.995031 -0.013280 0.098672 0.000000 0.022141 0.995762 -0.089259 16.254000 -0.097068 0.091000 0.991109 -0.165600 0.000000 0.000000 0.000000 1.000000
0.994651 -0.016565 0.101958 0.000000 0.025228 0.996124 -0.084269 16.254000 -0.100167 0.086390 0.991213 -0.165600 0.000000 0.000000 0.000000 1.000000
0.994258 -0.014520 0.106024 -0.000000 0.023172 0.996458 -0.080837 16.254000 -0.104474 0.082830 0.991072 -0.165600 0.000000 0.000000 0.000000 1.000000
0.994041 -0.006973 0.108784 -0.000000 0.015863 0.996582 -0.081067 16.254000 -0.107847 0.082310 0.990754 -0.165600 0.000000 0.000000 0.000000 1.000000</float_array><technique_common><accessor source="#swat_Spine1-Matrix-animation-output-transform-array" count="19" stride="16"><param type="float4x4"/></accessor></technique_common></source><source id="swat_Spine1-Interpolations"><Name_array id="swat_Spine1-Interpolations-array" count="19">
 LINEAR LINEAR LINEAR LINEAR LINEAR LINEAR LINEAR LINEAR LINEAR LINEAR LINEAR
LINEAR LINEAR LINEAR LINEAR LINEAR LINEAR LINEAR LINEAR</Name_array><technique_common><accessor source="#swat_Spine1-Interpolations-array" count="19"><param type="name"/></accessor></technique_common></source><sampler id="swat_Spine1-Matrix-animation-transform"><input semantic="INPUT" source="#swat_Spine1-Matrix-animation-input"/><input semantic="OUTPUT" source="#swat_Spine1-Matrix-animation-output-transform"/><input semantic="INTERPOLATION" source="#swat_Spine1-Interpolations"/></sampler><channel source="#swat_Spine1-Matrix-animation-transform" target="swat_Spine1/matrix"/></animation>
    <animation id="swat_Spine2-anim" name="swat_Spine2"><source id="swat_Spine2-Matrix-animation-input"><float_array id="swat_Spine2-Matrix-animation-input-array" count="19">

0.000000 0.033333 0.066667 0.100000 0.133333 0.166667 0.200000 0.233333 0.266667 0.300000 0.333333 0.366667 0.400000 0.433333 0.466667 0.500000
0.533333 0.566667 0.600000</float_array><technique_common><accessor source="#swat_Spine2-Matrix-animation-input-array" count="19"><param name="TIME" type="float"/></accessor></technique_common></source><source id="swat_Spine2-Matrix-animation-output-transform"><float_array id="swat_Spine2-Matrix-animation-output-transform-array" count="304">

0.997000 -0.012946 0.076309 0.000000 0.016604 0.998733 -0.047508 13.639600 -0.075598 0.048632 0.995952 -1.292300 0.000000 0.000000 0.000000 1.000000
0.996363 -0.011875 0.084377 0.000000 0.014658 0.999366 -0.032443 13.639600 -0.083938 0.033562 0.995906 -1.292300 0.000000 0.000000 0.000000 1.000000
0.995720 -0.013527 0.091427 0.000000 0.016389 0.999397 -0.030625 13.639600 -0.090957 0.031992 0.995341 -1.292300 0.000000 0.000000 0.000000 1.000000
0.995783 -0.014936 0.090512 0.000000 0.018944 0.998870 -0.043586 13.639600 -0.089759 0.045117 0.994941 -1.292300 0.000000 0.000000 0.000000 1.000000
0.996019 -0.013962 0.088042 0.000000 0.019393 0.997941 -0.061132 13.639600 -0.087007 0.062596 0.994239 -1.292300 0.000000 0.000000 0.000000 1.000000
0.996097 -0.010222 0.087670 0.000000 0.016806 0.997065 -0.074692 13.639600 -0.086649 0.075874 0.993345 -1.292300 0.000000 0.000000 0.000000 1.000000
0.996124 -0.004811 0.087823 -0.000000 0.012204 0.996405 -0.083834 13.639600 -0.087104 0.084580 0.992602 -1.292300 0.000000 0.000000 0.000000 1.000000
0.996277 -0.000687 0.086203 0.000000 0.008571 0.995803 -0.091124 13.639600 -0.085778 0.091524 0.992102 -1.292300 0.000000 0.000000 0.000000 1.000000
0.996460 -0.000194 0.084071 0.000000 0.008449 0.995165 -0.097849 13.639600 -0.083645 0.098213 0.991644 -1.292300 0.000000 0.000000 0.000000 1.000000
0.996503 -0.002872 0.083506 0.000000 0.011543 0.994558 -0.103547 13.639600 -0.082754 0.104149 0.991113 -1.292300 0.000000 0.000000 0.000000 1.000000
0.996391 -0.006202 0.084657 0.000000 0.015276 0.994145 -0.106965 13.639600 -0.083498 0.107872 0.990652 -1.292300 0.000000 0.000000 0.000000 1.000000
0.996202 -0.008080 0.086697 -0.000000 0.017389 0.994088 -0.107172 13.639600 -0.085318 0.108272 0.990453 -1.292300 0.000000 0.000000 0.000000 1.000000
0.995966 -0.008238 0.089355 0.000000 0.017603 0.994366 -0.104530 13.639600 -0.087990 0.105681 0.990500 -1.292300 0.000000 0.000000 0.000000 1.000000
0.995682 -0.008122 0.092471 0.000000 0.017429 0.994806 -0.100285 13.639600 -0.091176 0.101464 0.990652 -1.292300 0.000000 0.000000 0.000000 1.000000
0.995387 -0.009121 0.095503 -0.000000 0.018270 0.995275 -0.095364 13.639600 -0.094182 0.096669 0.990851 -1.292300 0.000000 0.000000 0.000000 1.000000
0.995083 -0.011887 0.098330 0.000000 0.020794 0.995720 -0.090055 13.639600 -0.096838 0.091657 0.991071 -1.292300 0.000000 0.000000 0.000000 1.000000
0.994684 -0.015230 0.101844 0.000000 0.023943 0.996103 -0.084884 13.639600 -0.100154 0.086871 0.991172 -1.292300 0.000000 0.000000 0.000000 1.000000
0.994274 -0.013448 0.106014 -0.000000 0.022136 0.996451 -0.081213 13.639600 -0.104545 0.083095 0.991043 -1.292300 0.000000 0.000000 0.000000 1.000000
0.994029 -0.006205 0.108936 -0.000000 0.015106 0.996593 -0.081081 13.639600 -0.108062 0.082242 0.990737 -1.292300 0.000000 0.000000 0.000000 1.000000</float_array><technique_common><accessor source="#swat_Spine2-Matrix-animation-output-transform-array" count="19" stride="16"><param type="float4x4"/></accessor></technique_common></source><source id="swat_Spine2-Interpolations"><Name_array id="swat_Spine2-Interpolations-array" count="19">
 LINEAR LINEAR LINEAR LINEAR LINEAR LINEAR LINEAR LINEAR LINEAR LINEAR LINEAR
LINEAR LINEAR LINEAR LINEAR LINEAR LINEAR LINEAR LINEAR</Name_array><technique_common><accessor source="#swat_Spine2-Interpolations-array" count="19"><param type="name"/></accessor></technique_common></source><sampler id="swat_Spine2-Matrix-animation-transform"><input semantic="INPUT" source="#swat_Spine2-Matrix-animation-input"/><input semantic="OUTPUT" source="#swat_Spine2-Matrix-animation-output-transform"/><input semantic="INTERPOLATION" source="#swat_Spine2-Interpolations"/></sampler><channel source="#swat_Spine2-Matrix-animation-transform" target="swat_Spine2/matrix"/></animation>
    <animation id="swat_Neck-anim" name="swat_Neck"><source id="swat_Neck-Matrix-animation-input"><float_array id="swat_Neck-Matrix-animation-input-array" count="19">

0.000000 0.033333 0.066667 0.100000 0.133333 0.166667 0.200000 0.233333 0.266667 0.300000 0.333333 0.366667 0.400000 0.433333 0.466667 0.500000
0.533333 0.566667 0.600000</float_array><technique_common><accessor source="#swat_Neck-Matrix-animation-input-array" count="19"><param name="TIME" type="float"/></accessor></technique_common></source><source id="swat_Neck-Matrix-animation-output-transform"><float_array id="swat_Neck-Matrix-animation-output-transform-array" count="304">

0.998772 -0.024270 0.043188 0.000000 0.015825 0.982405 0.186091 13.877400 -0.046945 -0.185179 0.981583 -4.354200 0.000000 0.000000 0.000000 1.000000
0.998902 -0.013146 0.044964 0.000000 0.004701 0.983099 0.183012 13.877400 -0.046610 -0.182600 0.982082 -4.354200 0.000000 0.000000 0.000000 1.000000
0.999000 -0.015883 0.041791 -0.000000 0.008449 0.984991 0.172398 13.877400 -0.043902 -0.171872 0.984141 -4.354200 0.000000 0.000000 0.000000 1.000000
0.998925 -0.025553 0.038666 0.000000 0.019023 0.986822 0.160690 13.877400 -0.042263 -0.159781 0.986247 -4.354200 0.000000 0.000000 0.000000 1.000000
0.998741 -0.031532 0.039025 -0.000000 0.025282 0.988151 0.151386 13.877400 -0.043337 -0.150209 0.987704 -4.354200 0.000000 0.000000 0.000000 1.000000
0.998569 -0.034692 0.040695 0.000000 0.028500 0.989177 0.143935 13.877400 -0.045248 -0.142570 0.988750 -4.354200 0.000000 0.000000 0.000000 1.000000
0.998328 -0.040931 0.040817 0.000000 0.034931 0.989790 0.138190 13.877400 -0.046056 -0.136533 0.989564 -4.354200 0.000000 0.000000 0.000000 1.000000
0.997961 -0.050170 0.039469 0.000000 0.044458 0.989952 0.134235 13.877400 -0.045807 -0.132206 0.990163 -4.354200 0.000000 0.000000 0.000000 1.000000
0.997604 -0.057798 0.038013 0.000000 0.052368 0.990006 0.130938 13.877400 -0.045201 -0.128634 0.990661 -4.354200 0.000000 0.000000 0.000000 1.000000
0.997402 -0.061688 0.037207 -0.000000 0.056478 0.990200 0.127725 13.877400 -0.044721 -0.125292 0.991112 -4.354200 0.000000 0.000000 0.000000 1.000000
0.997341 -0.062741 0.037064 -0.000000 0.057699 0.990576 0.124220 13.877400 -0.044508 -0.121752 0.991562 -4.354200 0.000000 0.000000 0.000000 1.000000
0.997334 -0.062856 0.037079 -0.000000 0.058014 0.991116 0.119679 13.877400 -0.044272 -0.117209 0.992120 -4.354200 0.000000 0.000000 0.000000 1.000000
0.997293 -0.063726 0.036691 -0.000000 0.059163 0.991684 0.114288 13.877400 -0.043669 -0.111808 0.992770 -4.354200 0.000000 0.000000 0.000000 1.000000
0.997146 -0.066433 0.035875 0.000000 0.062181 0.992111 0.108858 13.877400 -0.042824 -0.106317 0.993410 -4.354200 0.000000 0.000000 0.000000 1.000000
0.996842 -0.071339 0.034875 0.000000 0.067379 0.992303 0.103898 13.877400 -0.042019 -0.101221 0.993976 -4.354200 0.000000 0.000000 0.000000 1.000000
0.996428 -0.077374 0.033838 0.000000 0.073652 0.992254 0.100041 13.877400 -0.041317 -0.097192 0.994408 -4.354200 0.000000 0.000000 0.000000 1.000000
0.996097 -0.081706 0.033386 -0.000000 0.078050 0.992013 0.099084 13.877400 -0.041215 -0.096091 0.994519 -4.354200 0.000000 0.000000 0.000000 1.000000
0.996260 -0.078858 0.035311 0.000000 0.074871 0.991889 0.102719 13.877400 -0.043124 -0.099692 0.994083 -4.354200 0.000000 0.000000 0.000000 1.000000
0.996851 -0.069135 0.038841 0.000000 0.064745 0.992392 0.104716 13.877400 -0.045785 -0.101872 0.993743 -4.354200 0.000000 0.000000 0.000000 1.000000</float_array><technique_common><accessor source="#swat_Neck-Matrix-animation-output-transform-array" count="19" stride="16"><param type="float4x4"/></accessor></technique_common></source><source id="swat_Neck-Interpolations"><Name_array id="swat_Neck-Interpolations-array" count="19">
 LINEAR LINEAR LINEAR LINEAR LINEAR LINEAR LINEAR LINEAR LINEAR LINEAR LINEAR
LINEAR LINEAR LINEAR LINEAR LINEAR LINEAR LINEAR LINEAR</Name_array><technique_common><accessor source="#swat_Neck-Interpolations-array" count="19"><param type="name"/></accessor></technique_common></source><sampler id="swat_Neck-Matrix-animation-transform"><input semantic="INPUT" source="#swat_Neck-Matrix-animation-input"/><input semantic="OUTPUT" source="#swat_Neck-Matrix-animation-output-transform"/><input semantic="INTERPOLATION" source="#swat_Neck-Interpolations"/></sampler><channel source="#swat_Neck-Matrix-animation-transform" target="swat_Neck/matrix"/></animation>
    <animation id="swat_Neck1-anim" name="swat_Neck1"><source id="swat_Neck1-Matrix-animation-input"><float_array id="swat_Neck1-Matrix-animation-input-array" count="19">

0.000000 0.033333 0.066667 0.100000 0.133333 0.166667 0.200000 0.233333 0.266667 0.300000 0.333333 0.366667 0.400000 0.433333 0.466667 0.500000
0.533333 0.566667 0.600000</float_array><technique_common><accessor source="#swat_Neck1-Matrix-animation-input-array" count="19"><param name="TIME" type="float"/></accessor></technique_common></source><source id="swat_Neck1-Matrix-animation-output-transform"><float_array id="swat_Neck1-Matrix-animation-output-transform-array" count="304">

0.998772 -0.024269 0.043188 -0.000000 0.015825 0.982405 0.186091 4.340000 -0.046944 -0.185179 0.981583 0.926900 0.000000 0.000000 0.000000 1.000000
0.998902 -0.013146 0.044964 0.000000 0.004700 0.983099 0.183012 4.340000 -0.046610 -0.182599 0.982082 0.926900 0.000000 0.000000 0.000000 1.000000
0.999000 -0.015883 0.041791 -0.000000 0.008448 0.984991 0.172398 4.340000 -0.043902 -0.171872 0.984141 0.926900 0.000000 0.000000 0.000000 1.000000
0.998925 -0.025553 0.038666 -0.000000 0.019023 0.986822 0.160690 4.340000 -0.042263 -0.159781 0.986247 0.926900 0.000000 0.000000 0.000000 1.000000
0.998741 -0.031533 0.039025 0.000000 0.025283 0.988151 0.151386 4.340000 -0.043337 -0.150209 0.987704 0.926900 0.000000 0.000000 0.000000 1.000000
0.998569 -0.034692 0.040695 0.000000 0.028500 0.989177 0.143935 4.340000 -0.045248 -0.142569 0.988750 0.926900 0.000000 0.000000 0.000000 1.000000
0.998328 -0.040930 0.040817 0.000000 0.034930 0.989790 0.138191 4.340000 -0.046056 -0.136534 0.989564 0.926900 0.000000 0.000000 0.000000 1.000000
0.997961 -0.050170 0.039469 0.000000 0.044458 0.989952 0.134235 4.340000 -0.045807 -0.132206 0.990163 0.926900 0.000000 0.000000 0.000000 1.000000
0.997604 -0.057796 0.038013 0.000000 0.052367 0.990006 0.130940 4.340000 -0.045201 -0.128635 0.990661 0.926900 0.000000 0.000000 0.000000 1.000000
0.997402 -0.061688 0.037207 0.000000 0.056478 0.990200 0.127725 4.340000 -0.044721 -0.125292 0.991112 0.926900 0.000000 0.000000 0.000000 1.000000
0.997341 -0.062741 0.037064 -0.000000 0.057699 0.990576 0.124221 4.340000 -0.044509 -0.121752 0.991562 0.926900 0.000000 0.000000 0.000000 1.000000
0.997334 -0.062855 0.037079 0.000000 0.058014 0.991116 0.119680 4.340000 -0.044272 -0.117210 0.992120 0.926900 0.000000 0.000000 0.000000 1.000000
0.997293 -0.063727 0.036690 -0.000000 0.059164 0.991685 0.114287 4.340000 -0.043668 -0.111807 0.992770 0.926900 0.000000 0.000000 0.000000 1.000000
0.997146 -0.066433 0.035875 0.000000 0.062181 0.992111 0.108858 4.340000 -0.042823 -0.106317 0.993410 0.926900 0.000000 0.000000 0.000000 1.000000
0.996842 -0.071337 0.034876 0.000000 0.067377 0.992303 0.103900 4.340000 -0.042020 -0.101223 0.993976 0.926900 0.000000 0.000000 0.000000 1.000000
0.996428 -0.077373 0.033839 0.000000 0.073652 0.992254 0.100042 4.340000 -0.041317 -0.097192 0.994408 0.926900 0.000000 0.000000 0.000000 1.000000
0.996097 -0.081706 0.033385 -0.000000 0.078050 0.992013 0.099084 4.340000 -0.041215 -0.096091 0.994519 0.926900 0.000000 0.000000 0.000000 1.000000
0.996260 -0.078858 0.035310 -0.000000 0.074871 0.991889 0.102720 4.340000 -0.043124 -0.099692 0.994083 0.926900 0.000000 0.000000 0.000000 1.000000
0.996851 -0.069134 0.038841 0.000000 0.064745 0.992392 0.104716 4.340000 -0.045785 -0.101872 0.993743 0.926900 0.000000 0.000000 0.000000 1.000000</float_array><technique_common><accessor source="#swat_Neck1-Matrix-animation-output-transform-array" count="19" stride="16"><param type="float4x4"/></accessor></technique_common></source><source id="swat_Neck1-Interpolations"><Name_array id="swat_Neck1-Interpolations-array" count="19">
 LINEAR LINEAR LINEAR LINEAR LINEAR LINEAR LINEAR LINEAR LINEAR LINEAR LINEAR
LINEAR LINEAR LINEAR LINEAR LINEAR LINEAR LINEAR LINEAR</Name_array><technique_common><accessor source="#swat_Neck1-Interpolations-array" count="19"><param type="name"/></accessor></technique_common></source><sampler id="swat_Neck1-Matrix-animation-transform"><input semantic="INPUT" source="#swat_Neck1-Matrix-animation-input"/><input semantic="OUTPUT" source="#swat_Neck1-Matrix-animation-output-transform"/><input semantic="INTERPOLATION" source="#swat_Neck1-Interpolations"/></sampler><channel source="#swat_Neck1-Matrix-animation-transform" target="swat_Neck1/matrix"/></animation>
    <animation id="swat_Head-anim" name="swat_Head"><source id="swat_Head-Matrix-animation-input"><float_array id="swat_Head-Matrix-animation-input-array" count="19">

0.000000 0.033333 0.066667 0.100000 0.133333 0.166667 0.200000 0.233333 0.266667 0.300000 0.333333 0.366667 0.400000 0.433333 0.466667 0.500000
0.533333 0.566667 0.600000</float_array><technique_common><accessor source="#swat_Head-Matrix-animation-input-array" count="19"><param name="TIME" type="float"/></accessor></technique_common></source><source id="swat_Head-Matrix-animation-output-transform"><float_array id="swat_Head-Matrix-animation-output-transform-array" count="304">

0.998772 -0.024270 0.043188 0.000000 0.015826 0.982405 0.186091 4.026600 -0.046945 -0.185179 0.981583 0.858500 0.000000 0.000000 0.000000 1.000000
0.998902 -0.013147 0.044964 0.000000 0.004701 0.983099 0.183012 4.026600 -0.046610 -0.182600 0.982082 0.858500 0.000000 0.000000 0.000000 1.000000
0.999000 -0.015884 0.041791 0.000000 0.008449 0.984991 0.172398 4.026600 -0.043902 -0.171873 0.984140 0.858500 0.000000 0.000000 0.000000 1.000000
0.998925 -0.025553 0.038667 0.000000 0.019023 0.986822 0.160690 4.026600 -0.042263 -0.159781 0.986247 0.858500 0.000000 0.000000 0.000000 1.000000
0.998741 -0.031532 0.039025 0.000000 0.025282 0.988151 0.151386 4.026600 -0.043336 -0.150209 0.987704 0.858500 0.000000 0.000000 0.000000 1.000000
0.998569 -0.034692 0.040695 0.000000 0.028499 0.989177 0.143936 4.026600 -0.045248 -0.142570 0.988750 0.858500 0.000000 0.000000 0.000000 1.000000
0.998328 -0.040931 0.040817 -0.000000 0.034931 0.989790 0.138189 4.026600 -0.046057 -0.136532 0.989564 0.858500 0.000000 0.000000 0.000000 1.000000
0.997961 -0.050169 0.039469 0.000000 0.044458 0.989952 0.134235 4.026600 -0.045807 -0.132206 0.990163 0.858500 0.000000 0.000000 0.000000 1.000000
0.997604 -0.057799 0.038013 -0.000000 0.052370 0.990007 0.130937 4.026600 -0.045201 -0.128632 0.990662 0.858500 0.000000 0.000000 0.000000 1.000000
0.997402 -0.061688 0.037207 0.000000 0.056478 0.990200 0.127725 4.026600 -0.044721 -0.125292 0.991112 0.858500 0.000000 0.000000 0.000000 1.000000
0.997341 -0.062742 0.037064 0.000000 0.057700 0.990576 0.124220 4.026600 -0.044508 -0.121751 0.991562 0.858500 0.000000 0.000000 0.000000 1.000000
0.997334 -0.062857 0.037079 0.000000 0.058016 0.991116 0.119678 4.026600 -0.044272 -0.117208 0.992120 0.858500 0.000000 0.000000 0.000000 1.000000
0.997293 -0.063725 0.036690 0.000000 0.059162 0.991684 0.114290 4.026600 -0.043668 -0.111810 0.992770 0.858500 0.000000 0.000000 0.000000 1.000000
0.997146 -0.066433 0.035875 0.000000 0.062181 0.992111 0.108858 4.026600 -0.042824 -0.106317 0.993410 0.858500 0.000000 0.000000 0.000000 1.000000
0.996842 -0.071341 0.034876 0.000000 0.067381 0.992303 0.103896 4.026600 -0.042019 -0.101218 0.993976 0.858500 0.000000 0.000000 0.000000 1.000000
0.996428 -0.077374 0.033838 -0.000000 0.073652 0.992254 0.100041 4.026600 -0.041317 -0.097192 0.994408 0.858500 0.000000 0.000000 0.000000 1.000000
0.996097 -0.081706 0.033385 0.000000 0.078050 0.992013 0.099084 4.026600 -0.041215 -0.096091 0.994519 0.858500 0.000000 0.000000 0.000000 1.000000
0.996260 -0.078858 0.035311 0.000000 0.074871 0.991889 0.102719 4.026600 -0.043125 -0.099691 0.994083 0.858500 0.000000 0.000000 0.000000 1.000000
0.996851 -0.069135 0.038841 -0.000000 0.064745 0.992392 0.104716 4.026600 -0.045786 -0.101872 0.993743 0.858500 0.000000 0.000000 0.000000 1.000000</float_array><technique_common><accessor source="#swat_Head-Matrix-animation-output-transform-array" count="19" stride="16"><param type="float4x4"/></accessor></technique_common></source><source id="swat_Head-Interpolations"><Name_array id="swat_Head-Interpolations-array" count="19">
 LINEAR LINEAR LINEAR LINEAR LINEAR LINEAR LINEAR LINEAR LINEAR LINEAR LINEAR
LINEAR LINEAR LINEAR LINEAR LINEAR LINEAR LINEAR LINEAR</Name_array><technique_common><accessor source="#swat_Head-Interpolations-array" count="19"><param type="name"/></accessor></technique_common></source><sampler id="swat_Head-Matrix-animation-transform"><input semantic="INPUT" source="#swat_Head-Matrix-animation-input"/><input semantic="OUTPUT" source="#swat_Head-Matrix-animation-output-transform"/><input semantic="INTERPOLATION" source="#swat_Head-Interpolations"/></sampler><channel source="#swat_Head-Matrix-animation-transform" target="swat_Head/matrix"/></animation>
    <animation id="swat_LeftShoulder-anim" name="swat_LeftShoulder"><source id="swat_LeftShoulder-Matrix-animation-input"><float_array id="swat_LeftShoulder-Matrix-animation-input-array" count="19">

0.000000 0.033333 0.066667 0.100000 0.133333 0.166667 0.200000 0.233333 0.266667 0.300000 0.333333 0.366667 0.400000 0.433333 0.466667 0.500000
0.533333 0.566667 0.600000</float_array><technique_common><accessor source="#swat_LeftShoulder-Matrix-animation-input-array" count="19"><param name="TIME" type="float"/></accessor></technique_common></source><source id="swat_LeftShoulder-Matrix-animation-output-transform"><float_array id="swat_LeftShoulder-Matrix-animation-output-transform-array" count="304">

0.998120 -0.005984 0.060994 6.144200 0.005926 0.999982 0.001134 10.187000 -0.061000 -0.000771 0.998137 -3.793200 0.000000 0.000000 0.000000 1.000000
0.998120 -0.005984 0.060991 6.144200 0.005925 0.999982 0.001153 10.187000 -0.060997 -0.000789 0.998138 -3.793200 0.000000 0.000000 0.000000 1.000000
0.998121 -0.005985 0.060989 6.144200 0.005924 0.999982 0.001170 10.187000 -0.060994 -0.000806 0.998138 -3.793200 0.000000 0.000000 0.000000 1.000000
0.998121 -0.005985 0.060986 6.144200 0.005924 0.999982 0.001186 10.187000 -0.060992 -0.000822 0.998138 -3.793200 0.000000 0.000000 0.000000 1.000000
0.998121 -0.005985 0.060984 6.144200 0.005923 0.999982 0.001200 10.187000 -0.060990 -0.000837 0.998138 -3.793200 0.000000 0.000000 0.000000 1.000000
0.998121 -0.005986 0.060982 6.144200 0.005923 0.999982 0.001214 10.187000 -0.060988 -0.000850 0.998138 -3.793200 0.000000 0.000000 0.000000 1.000000
0.998121 -0.005986 0.060980 6.144200 0.005922 0.999982 0.001226 10.187000 -0.060986 -0.000863 0.998138 -3.793200 0.000000 0.000000 0.000000 1.000000
0.998121 -0.005986 0.060978 6.144200 0.005922 0.999982 0.001238 10.187000 -0.060984 -0.000875 0.998138 -3.793200 0.000000 0.000000 0.000000 1.000000
0.998121 -0.005987 0.060976 6.144200 0.005922 0.999982 0.001249 10.187000 -0.060983 -0.000886 0.998138 -3.793200 0.000000 0.000000 0.000000 1.000000
0.998121 -0.005987 0.060975 6.144200 0.005921 0.999982 0.001260 10.187000 -0.060981 -0.000897 0.998139 -3.793200 0.000000 0.000000 0.000000 1.000000
0.998121 -0.005987 0.060973 6.144200 0.005920 0.999982 0.001270 10.187000 -0.060980 -0.000907 0.998139 -3.793200 0.000000 0.000000 0.000000 1.000000
0.998122 -0.005987 0.060971 6.144200 0.005920 0.999982 0.001280 10.187000 -0.060978 -0.000917 0.998139 -3.793200 0.000000 0.000000 0.000000 1.000000
0.998122 -0.005987 0.060970 6.144200 0.005920 0.999982 0.001289 10.187000 -0.060976 -0.000926 0.998139 -3.793200 0.000000 0.000000 0.000000 1.000000
0.998122 -0.005987 0.060968 6.144200 0.005919 0.999982 0.001299 10.187000 -0.060975 -0.000935 0.998139 -3.793200 0.000000 0.000000 0.000000 1.000000
0.998122 -0.005987 0.060967 6.144200 0.005919 0.999982 0.001308 10.187000 -0.060973 -0.000945 0.998139 -3.793200 0.000000 0.000000 0.000000 1.000000
0.998122 -0.005988 0.060965 6.144200 0.005918 0.999982 0.001317 10.187000 -0.060972 -0.000954 0.998139 -3.793200 0.000000 0.000000 0.000000 1.000000
0.998122 -0.005988 0.060964 6.144200 0.005918 0.999982 0.001327 10.187000 -0.060971 -0.000964 0.998139 -3.793200 0.000000 0.000000 0.000000 1.000000
0.998122 -0.005988 0.060962 6.144200 0.005917 0.999982 0.001337 10.187000 -0.060969 -0.000974 0.998139 -3.793200 0.000000 0.000000 0.000000 1.000000
0.998122 -0.005988 0.060961 6.144200 0.005917 0.999982 0.001347 10.187000 -0.060968 -0.000984 0.998139 -3.793200 0.000000 0.000000 0.000000 1.000000</float_array><technique_common><accessor source="#swat_LeftShoulder-Matrix-animation-output-transform-array" count="19" stride="16"><param type="float4x4"/></accessor></technique_common></source><source id="swat_LeftShoulder-Interpolations"><Name_array id="swat_LeftShoulder-Interpolations-array" count="19">
 LINEAR LINEAR LINEAR LINEAR LINEAR LINEAR LINEAR LINEAR LINEAR LINEAR LINEAR
LINEAR LINEAR LINEAR LINEAR LINEAR LINEAR LINEAR LINEAR</Name_array><technique_common><accessor source="#swat_LeftShoulder-Interpolations-array" count="19"><param type="name"/></accessor></technique_common></source><sampler id="swat_LeftShoulder-Matrix-animation-transform"><input semantic="INPUT" source="#swat_LeftShoulder-Matrix-animation-input"/><input semantic="OUTPUT" source="#swat_LeftShoulder-Matrix-animation-output-transform"/><input semantic="INTERPOLATION" source="#swat_LeftShoulder-Interpolations"/></sampler><channel source="#swat_LeftShoulder-Matrix-animation-transform" target="swat_LeftShoulder/matrix"/></animation>
    <animation id="swat_LeftArm-anim" name="swat_LeftArm"><source id="swat_LeftArm-Matrix-animation-input"><float_array id="swat_LeftArm-Matrix-animation-input-array" count="19">

0.000000 0.033333 0.066667 0.100000 0.133333 0.166667 0.200000 0.233333 0.266667 0.300000 0.333333 0.366667 0.400000 0.433333 0.466667 0.500000
0.533333 0.566667 0.600000</float_array><technique_common><accessor source="#swat_LeftArm-Matrix-animation-input-array" count="19"><param name="TIME" type="float"/></accessor></technique_common></source><source id="swat_LeftArm-Matrix-animation-output-transform"><float_array id="swat_LeftArm-Matrix-animation-output-transform-array" count="304">

0.226690 0.962525 0.148852 12.319100 -0.459060 -0.029199 0.887925 -1.113000 0.858997 -0.269616 0.435238 -1.793500 0.000000 0.000000 0.000000 1.000000
0.252808 0.953928 0.161585 12.319100 -0.442875 -0.034390 0.895923 -1.113000 0.860203 -0.298058 0.413777 -1.793500 0.000000 0.000000 0.000000 1.000000
0.263754 0.954652 0.138104 12.319100 -0.416220 -0.016522 0.909114 -1.113000 0.870169 -0.297265 0.392988 -1.793500 0.000000 0.000000 0.000000 1.000000
0.260359 0.958923 0.112604 12.319100 -0.365186 -0.010158 0.930879 -1.113000 0.893785 -0.283484 0.347541 -1.793500 0.000000 0.000000 0.000000 1.000000
0.255591 0.962637 0.089464 12.319100 -0.303251 -0.008040 0.952877 -1.113000 0.917993 -0.270677 0.289866 -1.793500 0.000000 0.000000 0.000000 1.000000
0.248038 0.966072 0.071990 12.319100 -0.243511 -0.009751 0.969849 -1.113000 0.937646 -0.258090 0.232831 -1.793500 0.000000 0.000000 0.000000 1.000000
0.236992 0.969704 0.059230 12.319100 -0.179345 -0.016251 0.983652 -1.113000 0.954814 -0.243740 0.170060 -1.793500 0.000000 0.000000 0.000000 1.000000
0.223022 0.973015 0.059178 12.319100 -0.118301 -0.033243 0.992421 -1.113000 0.967608 -0.228333 0.107695 -1.793500 0.000000 0.000000 0.000000 1.000000
0.211427 0.975457 0.061506 12.319100 -0.089370 -0.043371 0.995054 -1.113000 0.973299 -0.215878 0.078007 -1.793500 0.000000 0.000000 0.000000 1.000000
0.201040 0.976934 0.071995 12.319100 -0.104324 -0.051725 0.993197 -1.113000 0.974012 -0.207183 0.091518 -1.793500 0.000000 0.000000 0.000000 1.000000
0.192872 0.977447 0.086009 12.319100 -0.145507 -0.058195 0.987644 -1.113000 0.970375 -0.203004 0.131001 -1.793500 0.000000 0.000000 0.000000 1.000000
0.186097 0.977468 0.099625 12.319100 -0.193409 -0.062968 0.979095 -1.113000 0.963307 -0.201475 0.177333 -1.793500 0.000000 0.000000 0.000000 1.000000
0.178561 0.977552 0.111837 12.319100 -0.239968 -0.066964 0.968468 -1.113000 0.954218 -0.199768 0.222624 -1.793500 0.000000 0.000000 0.000000 1.000000
0.171092 0.977401 0.124159 12.319100 -0.286736 -0.071167 0.955363 -1.113000 0.942608 -0.199055 0.268080 -1.793500 0.000000 0.000000 0.000000 1.000000
0.167280 0.976175 0.138205 12.319100 -0.339593 -0.074551 0.937613 -1.113000 0.925578 -0.203777 0.319031 -1.793500 0.000000 0.000000 0.000000 1.000000
0.179433 0.971277 0.156282 12.319100 -0.392926 -0.074882 0.916516 -1.113000 0.901894 -0.225861 0.368203 -1.793500 0.000000 0.000000 0.000000 1.000000
0.196015 0.966822 0.163811 12.319100 -0.443937 -0.061459 0.893948 -1.113000 0.874356 -0.247949 0.417161 -1.793500 0.000000 0.000000 0.000000 1.000000
0.222013 0.960463 0.167989 12.319100 -0.456984 -0.049697 0.888085 -1.113000 0.861322 -0.273935 0.427883 -1.793500 0.000000 0.000000 0.000000 1.000000
0.240986 0.956397 0.165017 12.319100 -0.423316 -0.049422 0.904633 -1.113000 0.873344 -0.287858 0.392948 -1.793500 0.000000 0.000000 0.000000 1.000000</float_array><technique_common><accessor source="#swat_LeftArm-Matrix-animation-output-transform-array" count="19" stride="16"><param type="float4x4"/></accessor></technique_common></source><source id="swat_LeftArm-Interpolations"><Name_array id="swat_LeftArm-Interpolations-array" count="19">
 LINEAR LINEAR LINEAR LINEAR LINEAR LINEAR LINEAR LINEAR LINEAR LINEAR LINEAR
