<?xml version="1.0" encoding="utf-8"?>
<COLLADA xmlns="http://www.collada.org/2005/11/COLLADASchema" version="1.4.1">
  <asset><contributor><author>Mixamo</author><authoring_tool>COLLADA Mixamo exporter</authoring_tool><comments></comments></contributor><created>2020-08-16T14:10:14Z</created><modified>2020-08-16T14:10:14Z</modified><revision></revision><title></title><unit meter="0.010000"/><up_axis>Y_UP</up_axis></asset>
  <library_animations>
    <animation id="swat_Hips-anim" name="swat_Hips"><source id="swat_Hips-Matrix-animation-input"><float_array id="swat_Hips-Matrix-animation-input-array" count="16">

0.000000 0.033333 0.066667 0.100000 0.133333 0.166667 0.200000 0.233333 0.266667 0.300000 0.333333 0.366667 0.400000 0.433333 0.466667 0.500000</float_array><technique_common><accessor source="#swat_Hips-Matrix-animation-input-array" count="16"><param name="TIME" type="float"/></accessor></technique_common></source><source id="swat_Hips-Matrix-animation-output-transform"><float_array id="swat_Hips-Matrix-animation-output-transform-array" count="256">

0.645559 -0.086732 -0.758770 0.013544 0.162330 0.986411 0.025357 88.240913 0.746259 -0.139541 0.650865 0.212957 0.000000 0.000000 0.000000 1.000000
0.598431 -0.071318 -0.797994 0.702719 0.136085 0.990605 0.013520 88.505051 0.789532 -0.116686 0.602514 0.722384 0.000000 0.000000 0.000000 1.000000
0.544228 -0.056177 -0.837055 0.486741 0.101242 0.994861 -0.000943 90.692619 0.832806 -0.084232 0.547118 1.819383 0.000000 0.000000 0.000000 1.000000
0.485954 -0.043149 -0.872919 -0.557789 0.066044 0.997738 -0.012553 93.243843 0.871486 -0.051551 0.487704 3.116961 0.000000 0.000000 0.000000 1.000000
0.429007 -0.032275 -0.902724 -0.699445 0.037932 0.999124 -0.017694 94.467232 0.902504 -0.026651 0.429855 4.242987 0.000000 0.000000 0.000000 1.000000
0.373309 -0.017956 -0.927533 0.326091 0.012588 0.999819 -0.014289 93.041702 0.927622 -0.006342 0.373467 5.124407 0.000000 0.000000 0.000000 1.000000
0.319580 -0.001176 -0.947558 0.780202 -0.011379 0.999922 -0.005079 90.220024 0.947491 0.012405 0.319542 6.107168 0.000000 0.000000 0.000000 1.000000
0.302043 0.015148 -0.953174 0.186605 -0.025263 0.999650 0.007882 88.371674 0.952960 0.021700 0.302320 6.904399 0.000000 0.000000 0.000000 1.000000
0.344874 0.027876 -0.938235 0.306316 -0.014788 0.999596 0.024263 88.962204 0.938532 0.005507 0.345147 7.215783 0.000000 0.000000 0.000000 1.000000
0.423558 0.033855 -0.905236 -0.588599 0.021236 0.998656 0.047285 90.912292 0.905620 -0.039252 0.422269 6.531811 0.000000 0.000000 0.000000 1.000000
0.517265 0.013673 -0.855716 -1.618348 0.057626 0.997047 0.050766 93.093842 0.853883 -0.075571 0.514950 5.450179 0.000000 0.000000 0.000000 1.000000
0.604518 -0.058257 -0.794458 -2.051478 0.095755 0.995405 -0.000131 94.339401 0.790815 -0.075994 0.607319 4.247536 0.000000 0.000000 0.000000 1.000000
0.669331 -0.111910 -0.734488 -2.075711 0.124520 0.991505 -0.037597 93.841728 0.732455 -0.066294 0.677580 3.002944 0.000000 0.000000 0.000000 1.000000
0.706177 -0.115488 -0.698553 -1.311754 0.155853 0.987764 -0.005748 92.030907 0.690669 -0.104812 0.715535 1.736352 0.000000 0.000000 0.000000 1.000000
0.683972 -0.100855 -0.722503 -0.566359 0.168115 0.985531 0.021579 89.839577 0.709873 -0.136223 0.691031 0.732951 0.000000 0.000000 0.000000 1.000000
0.645559 -0.086732 -0.758770 0.013542 0.162330 0.986411 0.025357 88.240913 0.746259 -0.139541 0.650865 0.212986 0.000000 0.000000 0.000000 1.000000</float_array><technique_common><accessor source="#swat_Hips-Matrix-animation-output-transform-array" count="16" stride="16"><param type="float4x4"/></accessor></technique_common></source><source id="swat_Hips-Interpolations"><Name_array id="swat_Hips-Interpolations-array" count="16">
 LINEAR LINEAR LINEAR LINEAR LINEAR LINEAR LINEAR LINEAR LINEAR LINEAR LINEAR
LINEAR LINEAR LINEAR LINEAR LINEAR</Name_array><technique_common><accessor source="#swat_Hips-Interpolations-array" count="16"><param type="name"/></accessor></technique_common></source><sampler id="swat_Hips-Matrix-animation-transform"><input semantic="INPUT" source="#swat_Hips-Matrix-animation-input"/><input semantic="OUTPUT" source="#swat_Hips-Matrix-animation-output-transform"/><input semantic="INTERPOLATION" source="#swat_Hips-Interpolations"/></sampler><channel source="#swat_Hips-Matrix-animation-transform" target="swat_Hips/matrix"/></animation>
    <animation id="swat_Spine-anim" name="swat_Spine"><source id="swat_Spine-Matrix-animation-input"><float_array id="swat_Spine-Matrix-animation-input-array" count="16">

0.000000 0.033333 0.066667 0.100000 0.133333 0.166667 0.200000 0.233333 0.266667 0.300000 0.333333 0.366667 0.400000 0.433333 0.466667 0.500000</float_array><technique_common><accessor source="#swat_Spine-Matrix-animation-input-array" count="16"><param name="TIME" type="float"/></accessor></technique_common></source><source id="swat_Spine-Matrix-animation-output-transform"><float_array id="swat_Spine-Matrix-animation-output-transform-array" count="256">

0.999382 -0.031848 0.014881 0.000000 0.034479 0.970589 -0.238261 9.226300 -0.006855 0.238627 0.971087 1.577100 0.000000 0.000000 0.000000 1.000000
0.997459 -0.070115 0.012657 0.000000 0.071083 0.967219 -0.243790 9.226300 0.004851 0.244071 0.969745 1.577100 0.000000 0.000000 0.000000 1.000000
0.994677 -0.101563 0.017401 -0.000000 0.102642 0.961691 -0.254196 9.226300 0.009083 0.254629 0.966996 1.577100 0.000000 0.000000 0.000000 1.000000
0.992835 -0.117094 0.023820 0.000000 0.119218 0.957171 -0.263840 9.226300 0.008094 0.264789 0.964272 1.577100 0.000000 0.000000 0.000000 1.000000
0.993226 -0.113114 0.026578 0.000000 0.116105 0.957143 -0.265323 9.226300 0.004573 0.266612 0.963793 1.577100 0.000000 0.000000 0.000000 1.000000
0.996072 -0.082897 0.031114 0.000000 0.088003 0.965638 -0.244539 9.226300 -0.009773 0.246317 0.969140 1.577100 0.000000 0.000000 0.000000 1.000000
0.997640 -0.057506 0.037521 0.000000 0.064902 0.968140 -0.241852 9.226300 -0.022417 0.243716 0.969587 1.577100 0.000000 0.000000 0.000000 1.000000
0.998488 -0.030914 0.045465 -0.000000 0.041131 0.968752 -0.244599 9.226300 -0.036483 0.246099 0.968558 1.577100 0.000000 0.000000 0.000000 1.000000
0.998194 -0.020389 0.056510 -0.000000 0.032997 0.972128 -0.232119 9.226300 -0.050202 0.233564 0.971045 1.577100 0.000000 0.000000 0.000000 1.000000
0.997622 -0.018610 0.066362 0.000000 0.034819 0.967036 -0.252249 9.226300 -0.059480 0.253960 0.965384 1.577100 0.000000 0.000000 0.000000 1.000000
0.997126 -0.026228 0.071078 -0.000000 0.043269 0.967258 -0.250081 9.226300 -0.062192 0.252438 0.965612 1.577100 0.000000 0.000000 0.000000 1.000000
0.997497 -0.037426 0.059990 0.000000 0.049145 0.976963 -0.207672 9.226300 -0.050836 0.210100 0.976357 1.577100 0.000000 0.000000 0.000000 1.000000
0.997791 -0.049630 0.044152 0.000000 0.056061 0.985698 -0.158925 9.226300 -0.035633 0.161049 0.986303 1.577100 0.000000 0.000000 0.000000 1.000000
0.998948 -0.032701 0.032143 0.000000 0.037670 0.984955 -0.168657 9.226300 -0.026145 0.169691 0.985151 1.577100 0.000000 0.000000 0.000000 1.000000
0.999330 -0.030010 0.020975 -0.000000 0.033666 0.978341 -0.204245 9.226300 -0.014391 0.204815 0.978695 1.577100 0.000000 0.000000 0.000000 1.000000
0.999382 -0.031851 0.014884 0.000000 0.034482 0.970589 -0.238262 9.226300 -0.006858 0.238628 0.971087 1.577100 0.000000 0.000000 0.000000 1.000000</float_array><technique_common><accessor source="#swat_Spine-Matrix-animation-output-transform-array" count="16" stride="16"><param type="float4x4"/></accessor></technique_common></source><source id="swat_Spine-Interpolations"><Name_array id="swat_Spine-Interpolations-array" count="16">
 LINEAR LINEAR LINEAR LINEAR LINEAR LINEAR LINEAR LINEAR LINEAR LINEAR LINEAR
LINEAR LINEAR LINEAR LINEAR LINEAR</Name_array><technique_common><accessor source="#swat_Spine-Interpolations-array" count="16"><param type="name"/></accessor></technique_common></source><sampler id="swat_Spine-Matrix-animation-transform"><input semantic="INPUT" source="#swat_Spine-Matrix-animation-input"/><input semantic="OUTPUT" source="#swat_Spine-Matrix-animation-output-transform"/><input semantic="INTERPOLATION" source="#swat_Spine-Interpolations"/></sampler><channel source="#swat_Spine-Matrix-animation-transform" target="swat_Spine/matrix"/></animation>
    <animation id="swat_Spine1-anim" name="swat_Spine1"><source id="swat_Spine1-Matrix-animation-input"><float_array id="swat_Spine1-Matrix-animation-input-array" count="16">

0.000000 0.033333 0.066667 0.100000 0.133333 0.166667 0.200000 0.233333 0.266667 0.300000 0.333333 0.366667 0.400000 0.433333 0.466667 0.500000</float_array><technique_common><accessor source="#swat_Spine1-Matrix-animation-input-array" count="16"><param name="TIME" type="float"/></accessor></technique_common></source><source id="swat_Spine1-Matrix-animation-output-transform"><float_array id="swat_Spine1-Matrix-animation-output-transform-array" count="256">

0.996623 0.072846 0.037903 0.000000 -0.066191 0.985816 -0.154226 16.254000 -0.048600 0.151197 0.987308 -0.165600 0.000000 0.000000 0.000000 1.000000
0.995618 0.088972 0.028784 0.000000 -0.083455 0.984265 -0.155746 16.254000 -0.042188 0.152661 0.987378 -0.165600 0.000000 0.000000 0.000000 1.000000
0.994793 0.097046 0.031119 0.000000 -0.091279 0.984242 -0.151448 16.254000 -0.045326 0.147819 0.987975 -0.165600 0.000000 0.000000 0.000000 1.000000
0.994322 0.100080 0.036166 0.000000 -0.094042 0.985463 -0.141489 16.254000 -0.049801 0.137284 0.989279 -0.165600 0.000000 0.000000 0.000000 1.000000
0.993851 0.104009 0.037965 0.000000 -0.098446 0.987018 -0.126904 16.254000 -0.050671 0.122386 0.991188 -0.165600 0.000000 0.000000 0.000000 1.000000
0.993651 0.104922 0.040599 0.000000 -0.098636 0.986035 -0.134187 16.254000 -0.054111 0.129331 0.990124 -0.165600 0.000000 0.000000 0.000000 1.000000
0.994627 0.092685 0.046123 0.000000 -0.085892 0.987501 -0.132152 16.254000 -0.057795 0.127480 0.990156 -0.165600 0.000000 0.000000 0.000000 1.000000
0.996227 0.064122 0.058484 0.000000 -0.057674 0.992696 -0.105968 16.254000 -0.064852 0.102195 0.992648 -0.165600 0.000000 0.000000 0.000000 1.000000
0.995925 0.052907 0.073030 0.000000 -0.045366 0.993819 -0.101321 16.254000 -0.077939 0.097595 0.992170 -0.165600 0.000000 0.000000 0.000000 1.000000
0.994303 0.062339 0.086461 0.000000 -0.051560 0.991222 -0.121736 16.254000 -0.093291 0.116585 0.988790 -0.165600 0.000000 0.000000 0.000000 1.000000
0.992505 0.078132 0.093963 0.000000 -0.065054 0.988710 -0.134985 16.254000 -0.103448 0.127861 0.986382 -0.165600 0.000000 0.000000 0.000000 1.000000
0.993074 0.084237 0.081908 0.000000 -0.072742 0.988253 -0.134407 16.254000 -0.092268 0.127517 0.987535 -0.165600 0.000000 0.000000 0.000000 1.000000
0.995012 0.077836 0.062394 -0.000000 -0.068203 0.987237 -0.143918 16.254000 -0.072799 0.138945 0.987621 -0.165600 0.000000 0.000000 0.000000 1.000000
0.996189 0.070298 0.051632 0.000000 -0.061414 0.985673 -0.157087 16.254000 -0.061935 0.153317 0.986234 -0.165600 0.000000 0.000000 0.000000 1.000000
0.996477 0.073292 0.040767 0.000000 -0.065718 0.984373 -0.163376 16.254000 -0.052104 0.160121 0.985721 -0.165600 0.000000 0.000000 0.000000 1.000000
0.996622 0.072847 0.037914 -0.000000 -0.066190 0.985817 -0.154217 16.254000 -0.048611 0.151187 0.987309 -0.165600 0.000000 0.000000 0.000000 1.000000</float_array><technique_common><accessor source="#swat_Spine1-Matrix-animation-output-transform-array" count="16" stride="16"><param type="float4x4"/></accessor></technique_common></source><source id="swat_Spine1-Interpolations"><Name_array id="swat_Spine1-Interpolations-array" count="16">
 LINEAR LINEAR LINEAR LINEAR LINEAR LINEAR LINEAR LINEAR LINEAR LINEAR LINEAR
LINEAR LINEAR LINEAR LINEAR LINEAR</Name_array><technique_common><accessor source="#swat_Spine1-Interpolations-array" count="16"><param type="name"/></accessor></technique_common></source><sampler id="swat_Spine1-Matrix-animation-transform"><input semantic="INPUT" source="#swat_Spine1-Matrix-animation-input"/><input semantic="OUTPUT" source="#swat_Spine1-Matrix-animation-output-transform"/><input semantic="INTERPOLATION" source="#swat_Spine1-Interpolations"/></sampler><channel source="#swat_Spine1-Matrix-animation-transform" target="swat_Spine1/matrix"/></animation>
    <animation id="swat_Spine2-anim" name="swat_Spine2"><source id="swat_Spine2-Matrix-animation-input"><float_array id="swat_Spine2-Matrix-animation-input-array" count="16">

0.000000 0.033333 0.066667 0.100000 0.133333 0.166667 0.200000 0.233333 0.266667 0.300000 0.333333 0.366667 0.400000 0.433333 0.466667 0.500000</float_array><technique_common><accessor source="#swat_Spine2-Matrix-animation-input-array" count="16"><param name="TIME" type="float"/></accessor></technique_common></source><source id="swat_Spine2-Matrix-animation-output-transform"><float_array id="swat_Spine2-Matrix-animation-output-transform-array" count="256">

0.996214 0.080454 0.032939 0.000000 -0.074438 0.985125 -0.154881 13.639600 -0.044910 0.151843 0.987384 -1.292300 0.000000 0.000000 0.000000 1.000000
0.995511 0.092343 0.020752 0.000000 -0.087948 0.983563 -0.157702 13.639600 -0.034973 0.155169 0.987269 -1.292300 0.000000 0.000000 0.000000 1.000000
0.994962 0.097941 0.021420 -0.000000 -0.093503 0.983603 -0.154215 13.639600 -0.036172 0.151435 0.987805 -1.292300 0.000000 0.000000 0.000000 1.000000
0.994652 0.099868 0.026345 0.000000 -0.095047 0.984868 -0.144915 13.639600 -0.040419 0.141636 0.989093 -1.292300 0.000000 0.000000 0.000000 1.000000
0.994339 0.102418 0.028283 -0.000000 -0.097870 0.986480 -0.131450 13.639600 -0.041364 0.127938 0.990919 -1.292300 0.000000 0.000000 0.000000 1.000000
0.994126 0.102371 0.035124 -0.000000 -0.096514 0.985391 -0.140320 13.639600 -0.048975 0.136106 0.989483 -1.292300 0.000000 0.000000 0.000000 1.000000
0.995006 0.090429 0.042265 -0.000000 -0.083753 0.986690 -0.139382 13.639600 -0.054307 0.135146 0.989336 -1.292300 0.000000 0.000000 0.000000 1.000000
0.996674 0.063423 0.051166 0.000000 -0.057392 0.992075 -0.111776 13.639600 -0.057850 0.108468 0.992415 -1.292300 0.000000 0.000000 0.000000 1.000000
0.996583 0.052167 0.064036 -0.000000 -0.045227 0.993399 -0.105415 13.639600 -0.069112 0.102158 0.992364 -1.292300 0.000000 0.000000 0.000000 1.000000
0.995022 0.060593 0.079117 0.000000 -0.050314 0.990752 -0.126014 13.639600 -0.086021 0.121406 0.988869 -1.292300 0.000000 0.000000 0.000000 1.000000
0.993145 0.076075 0.088743 0.000000 -0.063261 0.988242 -0.139200 13.639600 -0.098289 0.132631 0.986280 -1.292300 0.000000 0.000000 0.000000 1.000000
0.993322 0.083887 0.079205 0.000000 -0.072458 0.987844 -0.137529 13.639600 -0.089779 0.130872 0.987326 -1.292300 0.000000 0.000000 0.000000 1.000000
0.994860 0.080773 0.061066 -0.000000 -0.071201 0.986823 -0.145297 13.639600 -0.071997 0.140202 0.987502 -1.292300 0.000000 0.000000 0.000000 1.000000
0.995813 0.076624 0.049858 -0.000000 -0.067907 0.985149 -0.157702 13.639600 -0.061201 0.153656 0.986227 -1.292300 0.000000 0.000000 0.000000 1.000000
0.995995 0.081216 0.037397 -0.000000 -0.074046 0.983652 -0.164152 13.639600 -0.050117 0.160725 0.985726 -1.292300 0.000000 0.000000 0.000000 1.000000
0.996213 0.080456 0.032951 0.000000 -0.074438 0.985126 -0.154871 13.639600 -0.044921 0.151831 0.987385 -1.292300 0.000000 0.000000 0.000000 1.000000</float_array><technique_common><accessor source="#swat_Spine2-Matrix-animation-output-transform-array" count="16" stride="16"><param type="float4x4"/></accessor></technique_common></source><source id="swat_Spine2-Interpolations"><Name_array id="swat_Spine2-Interpolations-array" count="16">
 LINEAR LINEAR LINEAR LINEAR LINEAR LINEAR LINEAR LINEAR LINEAR LINEAR LINEAR
LINEAR LINEAR LINEAR LINEAR LINEAR</Name_array><technique_common><accessor source="#swat_Spine2-Interpolations-array" count="16"><param type="name"/></accessor></technique_common></source><sampler id="swat_Spine2-Matrix-animation-transform"><input semantic="INPUT" source="#swat_Spine2-Matrix-animation-input"/><input semantic="OUTPUT" source="#swat_Spine2-Matrix-animation-output-transform"/><input semantic="INTERPOLATION" source="#swat_Spine2-Interpolations"/></sampler><channel source="#swat_Spine2-Matrix-animation-transform" target="swat_Spine2/matrix"/></animation>
    <animation id="swat_Neck-anim" name="swat_Neck"><source id="swat_Neck-Matrix-animation-input"><float_array id="swat_Neck-Matrix-animation-input-array" count="16">

0.000000 0.033333 0.066667 0.100000 0.133333 0.166667 0.200000 0.233333 0.266667 0.300000 0.333333 0.366667 0.400000 0.433333 0.466667 0.500000</float_array><technique_common><accessor source="#swat_Neck-Matrix-animation-input-array" count="16"><param name="TIME" type="float"/></accessor></technique_common></source><source id="swat_Neck-Matrix-animation-output-transform"><float_array id="swat_Neck-Matrix-animation-output-transform-array" count="256">

0.998467 -0.012704 0.053872 -0.000000 0.014087 0.999579 -0.025366 13.877400 -0.053527 0.026086 0.998226 -4.354200 0.000000 0.000000 0.000000 1.000000
0.998379 -0.014356 0.055084 -0.000000 0.015734 0.999572 -0.024665 13.877400 -0.054707 0.025491 0.998177 -4.354200 0.000000 0.000000 0.000000 1.000000
0.998266 -0.015864 0.056682 0.000000 0.017239 0.999567 -0.023848 13.877400 -0.056279 0.024784 0.998107 -4.354200 0.000000 0.000000 0.000000 1.000000
0.998137 -0.016895 0.058633 0.000000 0.018274 0.999567 -0.023065 13.877400 -0.058218 0.024094 0.998013 -4.354200 0.000000 0.000000 0.000000 1.000000
0.998011 -0.015842 0.061016 0.000000 0.017258 0.999592 -0.022758 13.877400 -0.060630 0.023766 0.997877 -4.354200 0.000000 0.000000 0.000000 1.000000
0.997847 -0.012052 0.064461 -0.000000 0.013380 0.999706 -0.020217 13.877400 -0.064199 0.021036 0.997715 -4.354200 0.000000 0.000000 0.000000 1.000000
0.997706 -0.006185 0.067410 0.000000 0.007546 0.999772 -0.019954 13.877400 -0.067271 0.020417 0.997526 -4.354200 0.000000 0.000000 0.000000 1.000000
0.997747 -0.005072 0.066901 0.000000 0.006436 0.999775 -0.020189 13.877400 -0.066784 0.020574 0.997555 -4.354200 0.000000 0.000000 0.000000 1.000000
0.997923 -0.009348 0.063729 0.000000 0.010641 0.999744 -0.019985 13.877400 -0.063526 0.020621 0.997767 -4.354200 0.000000 0.000000 0.000000 1.000000
0.998091 -0.013016 0.060380 0.000000 0.014275 0.999689 -0.020469 13.877400 -0.060095 0.021292 0.997966 -4.354200 0.000000 0.000000 0.000000 1.000000
0.998228 -0.011886 0.058313 -0.000000 0.013198 0.999667 -0.022167 13.877400 -0.058030 0.022897 0.998052 -4.354200 0.000000 0.000000 0.000000 1.000000
0.998357 -0.009407 0.056528 -0.000000 0.010776 0.999655 -0.023969 13.877400 -0.056283 0.024539 0.998113 -4.354200 0.000000 0.000000 0.000000 1.000000
0.998454 -0.009028 0.054853 0.000000 0.010412 0.999633 -0.025013 13.877400 -0.054607 0.025546 0.998181 -4.354200 0.000000 0.000000 0.000000 1.000000
0.998516 -0.009746 0.053581 0.000000 0.011130 0.999610 -0.025601 13.877400 -0.053310 0.026159 0.998235 -4.354200 0.000000 0.000000 0.000000 1.000000
0.998530 -0.011077 0.053064 0.000000 0.012458 0.999590 -0.025767 13.877400 -0.052757 0.026390 0.998259 -4.354200 0.000000 0.000000 0.000000 1.000000
0.998467 -0.012712 0.053870 0.000000 0.014094 0.999579 -0.025363 13.877400 -0.053525 0.026084 0.998226 -4.354200 0.000000 0.000000 0.000000 1.000000</float_array><technique_common><accessor source="#swat_Neck-Matrix-animation-output-transform-array" count="16" stride="16"><param type="float4x4"/></accessor></technique_common></source><source id="swat_Neck-Interpolations"><Name_array id="swat_Neck-Interpolations-array" count="16">
 LINEAR LINEAR LINEAR LINEAR LINEAR LINEAR LINEAR LINEAR LINEAR LINEAR LINEAR
LINEAR LINEAR LINEAR LINEAR LINEAR</Name_array><technique_common><accessor source="#swat_Neck-Interpolations-array" count="16"><param type="name"/></accessor></technique_common></source><sampler id="swat_Neck-Matrix-animation-transform"><input semantic="INPUT" source="#swat_Neck-Matrix-animation-input"/><input semantic="OUTPUT" source="#swat_Neck-Matrix-animation-output-transform"/><input semantic="INTERPOLATION" source="#swat_Neck-Interpolations"/></sampler><channel source="#swat_Neck-Matrix-animation-transform" target="swat_Neck/matrix"/></animation>
    <animation id="swat_Neck1-anim" name="swat_Neck1"><source id="swat_Neck1-Matrix-animation-input"><float_array id="swat_Neck1-Matrix-animation-input-array" count="16">

0.000000 0.033333 0.066667 0.100000 0.133333 0.166667 0.200000 0.233333 0.266667 0.300000 0.333333 0.366667 0.400000 0.433333 0.466667 0.500000</float_array><technique_common><accessor source="#swat_Neck1-Matrix-animation-input-array" count="16"><param name="TIME" type="float"/></accessor></technique_common></source><source id="swat_Neck1-Matrix-animation-output-transform"><float_array id="swat_Neck1-Matrix-animation-output-transform-array" count="256">

0.998467 -0.012704 0.053872 0.000000 0.014087 0.999579 -0.025368 4.340000 -0.053527 0.026088 0.998226 0.926900 0.000000 0.000000 0.000000 1.000000
0.998379 -0.014356 0.055084 0.000000 0.015734 0.999572 -0.024665 4.340000 -0.054706 0.025491 0.998177 0.926900 0.000000 0.000000 0.000000 1.000000
0.998266 -0.015864 0.056682 0.000000 0.017239 0.999567 -0.023848 4.340000 -0.056279 0.024784 0.998107 0.926900 0.000000 0.000000 0.000000 1.000000
0.998137 -0.016895 0.058633 -0.000000 0.018274 0.999567 -0.023065 4.340000 -0.058218 0.024094 0.998013 0.926900 0.000000 0.000000 0.000000 1.000000
0.998011 -0.015842 0.061016 -0.000000 0.017258 0.999592 -0.022758 4.340000 -0.060630 0.023766 0.997877 0.926900 0.000000 0.000000 0.000000 1.000000
0.997847 -0.012052 0.064462 0.000000 0.013380 0.999706 -0.020217 4.340000 -0.064199 0.021036 0.997715 0.926900 0.000000 0.000000 0.000000 1.000000
0.997706 -0.006186 0.067409 0.000000 0.007547 0.999772 -0.019953 4.340000 -0.067270 0.020416 0.997526 0.926900 0.000000 0.000000 0.000000 1.000000
0.997747 -0.005072 0.066902 -0.000000 0.006436 0.999775 -0.020189 4.340000 -0.066784 0.020574 0.997555 0.926900 0.000000 0.000000 0.000000 1.000000
0.997923 -0.009348 0.063729 0.000000 0.010641 0.999744 -0.019986 4.340000 -0.063526 0.020623 0.997767 0.926900 0.000000 0.000000 0.000000 1.000000
0.998091 -0.013016 0.060380 0.000000 0.014275 0.999689 -0.020469 4.340000 -0.060095 0.021292 0.997966 0.926900 0.000000 0.000000 0.000000 1.000000
0.998228 -0.011885 0.058313 0.000000 0.013197 0.999667 -0.022166 4.340000 -0.058030 0.022897 0.998052 0.926900 0.000000 0.000000 0.000000 1.000000
0.998357 -0.009407 0.056528 0.000000 0.010776 0.999655 -0.023969 4.340000 -0.056283 0.024539 0.998113 0.926900 0.000000 0.000000 0.000000 1.000000
0.998454 -0.009028 0.054853 0.000000 0.010413 0.999633 -0.025015 4.340000 -0.054607 0.025548 0.998181 0.926900 0.000000 0.000000 0.000000 1.000000
0.998516 -0.009746 0.053581 0.000000 0.011130 0.999610 -0.025601 4.340000 -0.053310 0.026159 0.998235 0.926900 0.000000 0.000000 0.000000 1.000000
0.998530 -0.011077 0.053064 0.000000 0.012458 0.999590 -0.025767 4.340000 -0.052757 0.026390 0.998259 0.926900 0.000000 0.000000 0.000000 1.000000
0.998467 -0.012712 0.053870 0.000000 0.014094 0.999579 -0.025363 4.340000 -0.053525 0.026084 0.998226 0.926900 0.000000 0.000000 0.000000 1.000000</float_array><technique_common><accessor source="#swat_Neck1-Matrix-animation-output-transform-array" count="16" stride="16"><param type="float4x4"/></accessor></technique_common></source><source id="swat_Neck1-Interpolations"><Name_array id="swat_Neck1-Interpolations-array" count="16">
 LINEAR LINEAR LINEAR LINEAR LINEAR LINEAR LINEAR LINEAR LINEAR LINEAR LINEAR
LINEAR LINEAR LINEAR LINEAR LINEAR</Name_array><technique_common><accessor source="#swat_Neck1-Interpolations-array" count="16"><param type="name"/></accessor></technique_common></source><sampler id="swat_Neck1-Matrix-animation-transform"><input semantic="INPUT" source="#swat_Neck1-Matrix-animation-input"/><input semantic="OUTPUT" source="#swat_Neck1-Matrix-animation-output-transform"/><input semantic="INTERPOLATION" source="#swat_Neck1-Interpolations"/></sampler><channel source="#swat_Neck1-Matrix-animation-transform" target="swat_Neck1/matrix"/></animation>
    <animation id="swat_Head-anim" name="swat_Head"><source id="swat_Head-Matrix-animation-input"><float_array id="swat_Head-Matrix-animation-input-array" count="16">

0.000000 0.033333 0.066667 0.100000 0.133333 0.166667 0.200000 0.233333 0.266667 0.300000 0.333333 0.366667 0.400000 0.433333 0.466667 0.500000</float_array><technique_common><accessor source="#swat_Head-Matrix-animation-input-array" count="16"><param name="TIME" type="float"/></accessor></technique_common></source><source id="swat_Head-Matrix-animation-output-transform"><float_array id="swat_Head-Matrix-animation-output-transform-array" count="256">

0.998467 -0.012704 0.053872 0.000000 0.014086 0.999579 -0.025364 4.026600 -0.053527 0.026084 0.998226 0.858500 0.000000 0.000000 0.000000 1.000000
0.998379 -0.014356 0.055084 -0.000000 0.015734 0.999572 -0.024665 4.026600 -0.054706 0.025492 0.998177 0.858500 0.000000 0.000000 0.000000 1.000000
0.998266 -0.015864 0.056682 0.000000 0.017239 0.999567 -0.023848 4.026600 -0.056279 0.024784 0.998107 0.858500 0.000000 0.000000 0.000000 1.000000
0.998137 -0.016895 0.058633 -0.000000 0.018274 0.999567 -0.023066 4.026600 -0.058218 0.024094 0.998013 0.858500 0.000000 0.000000 0.000000 1.000000
0.998011 -0.015841 0.061016 0.000000 0.017258 0.999592 -0.022758 4.026600 -0.060630 0.023766 0.997877 0.858500 0.000000 0.000000 0.000000 1.000000
0.997847 -0.012052 0.064462 -0.000000 0.013381 0.999706 -0.020216 4.026600 -0.064199 0.021035 0.997715 0.858500 0.000000 0.000000 0.000000 1.000000
0.997706 -0.006185 0.067409 0.000000 0.007546 0.999772 -0.019954 4.026600 -0.067270 0.020417 0.997526 0.858500 0.000000 0.000000 0.000000 1.000000
0.997747 -0.005073 0.066902 -0.000000 0.006437 0.999775 -0.020189 4.026600 -0.066784 0.020574 0.997555 0.858500 0.000000 0.000000 0.000000 1.000000
0.997923 -0.009348 0.063729 0.000000 0.010641 0.999744 -0.019983 4.026600 -0.063526 0.020619 0.997767 0.858500 0.000000 0.000000 0.000000 1.000000
0.998091 -0.013016 0.060381 0.000000 0.014275 0.999689 -0.020470 4.026600 -0.060095 0.021293 0.997966 0.858500 0.000000 0.000000 0.000000 1.000000
0.998228 -0.011886 0.058313 0.000000 0.013198 0.999667 -0.022166 4.026600 -0.058030 0.022897 0.998052 0.858500 0.000000 0.000000 0.000000 1.000000
0.998357 -0.009406 0.056528 -0.000000 0.010776 0.999655 -0.023969 4.026600 -0.056283 0.024539 0.998113 0.858500 0.000000 0.000000 0.000000 1.000000
0.998454 -0.009027 0.054853 0.000000 0.010412 0.999633 -0.025011 4.026600 -0.054607 0.025543 0.998181 0.858500 0.000000 0.000000 0.000000 1.000000
0.998516 -0.009746 0.053581 0.000000 0.011130 0.999610 -0.025601 4.026600 -0.053310 0.026159 0.998235 0.858500 0.000000 0.000000 0.000000 1.000000
0.998530 -0.011077 0.053064 0.000000 0.012458 0.999590 -0.025767 4.026600 -0.052757 0.026390 0.998259 0.858500 0.000000 0.000000 0.000000 1.000000
0.998467 -0.012712 0.053870 -0.000000 0.014094 0.999579 -0.025363 4.026600 -0.053525 0.026084 0.998226 0.858500 0.000000 0.000000 0.000000 1.000000</float_array><technique_common><accessor source="#swat_Head-Matrix-animation-output-transform-array" count="16" stride="16"><param type="float4x4"/></accessor></technique_common></source><source id="swat_Head-Interpolations"><Name_array id="swat_Head-Interpolations-array" count="16">
 LINEAR LINEAR LINEAR LINEAR LINEAR LINEAR LINEAR LINEAR LINEAR LINEAR LINEAR
LINEAR LINEAR LINEAR LINEAR LINEAR</Name_array><technique_common><accessor source="#swat_Head-Interpolations-array" count="16"><param type="name"/></accessor></technique_common></source><sampler id="swat_Head-Matrix-animation-transform"><input semantic="INPUT" source="#swat_Head-Matrix-animation-input"/><input semantic="OUTPUT" source="#swat_Head-Matrix-animation-output-transform"/><input semantic="INTERPOLATION" source="#swat_Head-Interpolations"/></sampler><channel source="#swat_Head-Matrix-animation-transform" target="swat_Head/matrix"/></animation>
    <animation id="swat_LeftShoulder-anim" name="swat_LeftShoulder"><source id="swat_LeftShoulder-Matrix-animation-input"><float_array id="swat_LeftShoulder-Matrix-animation-input-array" count="16">

0.000000 0.033333 0.066667 0.100000 0.133333 0.166667 0.200000 0.233333 0.266667 0.300000 0.333333 0.366667 0.400000 0.433333 0.466667 0.500000</float_array><technique_common><accessor source="#swat_LeftShoulder-Matrix-animation-input-array" count="16"><param name="TIME" type="float"/></accessor></technique_common></source><source id="swat_LeftShoulder-Matrix-animation-output-transform"><float_array id="swat_LeftShoulder-Matrix-animation-output-transform-array" count="256">

0.831441 -0.074471 -0.550599 6.144200 -0.016949 0.987116 -0.159105 10.187000 0.555354 0.141618 0.819467 -3.793200 0.000000 0.000000 0.000000 1.000000
0.870853 -0.056999 -0.488227 6.144200 -0.017589 0.989004 -0.146837 10.187000 0.491229 0.136461 0.860275 -3.793200 0.000000 0.000000 0.000000 1.000000
0.912047 -0.037656 -0.408353 6.144200 -0.017527 0.991286 -0.130557 10.187000 0.409711 0.126231 0.903439 -3.793200 0.000000 0.000000 0.000000 1.000000
0.944461 -0.019264 -0.328060 6.144200 -0.014501 0.994865 -0.100168 10.187000 0.328305 0.099362 0.939331 -3.793200 0.000000 0.000000 0.000000 1.000000
0.960812 -0.011051 -0.276982 6.144200 -0.012741 0.996388 -0.083951 10.187000 0.276910 0.084190 0.957201 -3.793200 0.000000 0.000000 0.000000 1.000000
0.967888 -0.008153 -0.251251 6.144200 -0.012474 0.996685 -0.080398 10.187000 0.251073 0.080950 0.964577 -3.793200 0.000000 0.000000 0.000000 1.000000
0.969640 -0.007138 -0.244432 6.144200 -0.011929 0.997003 -0.076436 10.187000 0.244245 0.077032 0.966649 -3.793200 0.000000 0.000000 0.000000 1.000000
0.963317 -0.009940 -0.268180 6.144200 -0.012542 0.996554 -0.081989 10.187000 0.268071 0.082345 0.959873 -3.793200 0.000000 0.000000 0.000000 1.000000
0.946236 -0.017544 -0.323000 6.144200 -0.013625 0.995480 -0.093985 10.187000 0.323189 0.093333 0.941721 -3.793200 0.000000 0.000000 0.000000 1.000000
0.920571 -0.029343 -0.389471 6.144200 -0.014700 0.993864 -0.109625 10.187000 0.390299 0.106643 0.914491 -3.793200 0.000000 0.000000 0.000000 1.000000
0.893645 -0.041497 -0.446851 6.144200 -0.015114 0.992368 -0.122383 10.187000 0.448520 0.116121 0.886198 -3.793200 0.000000 0.000000 0.000000 1.000000
0.871128 -0.052331 -0.488259 6.144200 -0.015524 0.990874 -0.133898 10.187000 0.490810 0.124222 0.862366 -3.793200 0.000000 0.000000 0.000000 1.000000
0.849768 -0.063522 -0.523316 6.144200 -0.016096 0.989124 -0.146200 10.187000 0.526911 0.132659 0.839503 -3.793200 0.000000 0.000000 0.000000 1.000000
0.830179 -0.077476 -0.552088 6.144200 -0.017865 0.986091 -0.165243 10.187000 0.557211 0.147044 0.817248 -3.793200 0.000000 0.000000 0.000000 1.000000
0.815467 -0.083670 -0.572724 6.144200 -0.017427 0.985499 -0.168785 10.187000 0.578541 0.147620 0.802184 -3.793200 0.000000 0.000000 0.000000 1.000000
0.831441 -0.074471 -0.550600 6.144200 -0.016949 0.987116 -0.159105 10.187000 0.555355 0.141618 0.819467 -3.793200 0.000000 0.000000 0.000000 1.000000</float_array><technique_common><accessor source="#swat_LeftShoulder-Matrix-animation-output-transform-array" count="16" stride="16"><param type="float4x4"/></accessor></technique_common></source><source id="swat_LeftShoulder-Interpolations"><Name_array id="swat_LeftShoulder-Interpolations-array" count="16">
 LINEAR LINEAR LINEAR LINEAR LINEAR LINEAR LINEAR LINEAR LINEAR LINEAR LINEAR
LINEAR LINEAR LINEAR LINEAR LINEAR</Name_array><technique_common><accessor source="#swat_LeftShoulder-Interpolations-array" count="16"><param type="name"/></accessor></technique_common></source><sampler id="swat_LeftShoulder-Matrix-animation-transform"><input semantic="INPUT" source="#swat_LeftShoulder-Matrix-animation-input"/><input semantic="OUTPUT" source="#swat_LeftShoulder-Matrix-animation-output-transform"/><input semantic="INTERPOLATION" source="#swat_LeftShoulder-Interpolations"/></sampler><channel source="#swat_LeftShoulder-Matrix-animation-transform" target="swat_LeftShoulder/matrix"/></animation>
    <animation id="swat_LeftArm-anim" name="swat_LeftArm"><source id="swat_LeftArm-Matrix-animation-input"><float_array id="swat_LeftArm-Matrix-animation-input-array" count="16">

0.000000 0.033333 0.066667 0.100000 0.133333 0.166667 0.200000 0.233333 0.266667 0.300000 0.333333 0.366667 0.400000 0.433333 0.466667 0.500000</float_array><technique_common><accessor source="#swat_LeftArm-Matrix-animation-input-array" count="16"><param name="TIME" type="float"/></accessor></technique_common></source><source id="swat_LeftArm-Matrix-animation-output-transform"><float_array id="swat_LeftArm-Matrix-animation-output-transform-array" count="256">

0.882105 0.454988 0.121971 12.319100 -0.358213 0.479771 0.800939 -1.113000 0.305900 -0.750204 0.586191 -1.793500 0.000000 0.000000 0.000000 1.000000
0.870825 0.476660 0.120243 12.319100 -0.349951 0.429302 0.832607 -1.113000 0.345250 -0.767134 0.540655 -1.793500 0.000000 0.000000 0.000000 1.000000
0.833434 0.538418 0.124477 12.319100 -0.389684 0.412887 0.823208 -1.113000 0.391835 -0.734596 0.553926 -1.793500 0.000000 0.000000 0.000000 1.000000
0.793952 0.584935 0.165802 12.319100 -0.467242 0.412550 0.781977 -1.113000 0.389005 -0.698322 0.600851 -1.793500 0.000000 0.000000 0.000000 1.000000
0.793399 0.570917 0.211123 12.319100 -0.507712 0.429358 0.746914 -1.113000 0.335778 -0.699790 0.630513 -1.793500 0.000000 0.000000 0.000000 1.000000
0.828685 0.530902 0.177269 12.319100 -0.476712 0.503496 0.720581 -1.113000 0.293304 -0.681641 0.670327 -1.793500 0.000000 0.000000 0.000000 1.000000
0.825189 0.513535 0.235256 12.319100 -0.505608 0.485830 0.712973 -1.113000 0.251842 -0.707284 0.660549 -1.793500 0.000000 0.000000 0.000000 1.000000
0.809417 0.515210 0.281784 12.319100 -0.558507 0.527156 0.640450 -1.113000 0.181422 -0.675770 0.714438 -1.793500 0.000000 0.000000 0.000000 1.000000
0.809584 0.542157 0.225033 12.319100 -0.545877 0.554376 0.628240 -1.113000 0.215852 -0.631453 0.744765 -1.793500 0.000000 0.000000 0.000000 1.000000
0.828792 0.539924 0.146922 12.319100 -0.483181 0.558135 0.674553 -1.113000 0.282204 -0.630054 0.723459 -1.793500 0.000000 0.000000 0.000000 1.000000
0.834820 0.548602 0.045951 12.319100 -0.409604 0.563192 0.717662 -1.113000 0.367832 -0.617941 0.694874 -1.793500 0.000000 0.000000 0.000000 1.000000
0.841461 0.539917 0.020813 12.319100 -0.388549 0.577889 0.717686 -1.113000 0.375463 -0.611992 0.696055 -1.793500 0.000000 0.000000 0.000000 1.000000
0.854746 0.517715 0.037160 12.319100 -0.374263 0.565136 0.735220 -1.113000 0.359634 -0.642333 0.676810 -1.793500 0.000000 0.000000 0.000000 1.000000
0.862543 0.505592 -0.019919 12.319100 -0.302360 0.546594 0.780905 -1.113000 0.405707 -0.667542 0.624332 -1.793500 0.000000 0.000000 0.000000 1.000000
0.885878 0.461283 0.049371 12.319100 -0.305101 0.499131 0.811038 -1.113000 0.349476 -0.733544 0.582907 -1.793500 0.000000 0.000000 0.000000 1.000000
0.882112 0.454981 0.121943 12.319100 -0.358192 0.479794 0.800935 -1.113000 0.305903 -0.750193 0.586203 -1.793500 0.000000 0.000000 0.000000 1.000000</float_array><technique_common><accessor source="#swat_LeftArm-Matrix-animation-output-transform-array" count="16" stride="16"><param type="float4x4"/></accessor></technique_common></source><source id="swat_LeftArm-Interpolations"><Name_array id="swat_LeftArm-Interpolations-array" count="16">
 LINEAR LINEAR LINEAR LINEAR LINEAR LINEAR LINEAR LINEAR LINEAR LINEAR LINEAR
LINEAR LINEAR LINEAR LINEAR LINEAR</Name_array><technique_common><accessor source="#swat_LeftArm-Interpolations-array" count="16"><param type="name"/></accessor></technique_common></source><sampler id="swat_LeftArm-Matrix-animation-transform"><input semantic="INPUT" source="#swat_LeftArm-Matrix-animation-input"/><input semantic="OUTPUT" source="#swat_LeftArm-Matrix-animation-output-transform"/><input semantic="INTERPOLATION" source="#swat_LeftArm-Interpolations"/></sampler><channel source="#swat_LeftArm-Matrix-animation-transform" target="swat_LeftArm/matrix"/></animation>
    <animation id="swat_LeftForeArm-anim" name="swat_LeftForeArm"><source id="swat_LeftForeArm-Matrix-animation-input"><float_array id="swat_LeftForeArm-Matrix-animation-input-array" count="16">

0.000000 0.033333 0.066667 0.100000 0.133333 0.166667 0.200000 0.233333 0.266667 0.300000 0.333333 0.366667 0.400000 0.433333 0.466667 0.500000</float_array><technique_common><accessor source="#swat_LeftForeArm-Matrix-animation-input-array" count="16"><param name="TIME" type="float"/></accessor></technique_common></source><source id="swat_LeftForeArm-Matrix-animation-output-transform"><float_array id="swat_LeftForeArm-Matrix-animation-output-transform-array" count="256">

0.043568 0.928977 0.367563 27.687000 -0.079574 -0.363517 0.928183 -0.000000 0.995876 -0.069688 0.058085 0.000000 0.000000 0.000000 0.000000 1.000000
0.031509 0.935194 0.352730 27.687000 -0.101887 -0.348062 0.931918 0.000000 0.994297 -0.065303 0.084317 -0.000000 0.000000 0.000000 0.000000 1.000000
0.024752 0.934240 0.355785 27.687000 -0.119984 -0.350545 0.928828 -0.000000 0.992467 -0.065679 0.103417 0.000000 0.000000 0.000000 0.000000 1.000000
-0.021573 0.918122 0.395710 27.687000 -0.116092 -0.395425 0.911132 0.000000 0.993004 -0.026283 0.115117 0.000000 0.000000 0.000000 0.000000 1.000000
-0.092561 0.898964 0.428130 27.687000 -0.100527 -0.436216 0.894209 0.000000 0.990619 0.039730 0.130746 0.000000 0.000000 0.000000 0.000000 1.000000
-0.128907 0.882593 0.452119 27.687000 -0.072154 -0.463063 0.883384 0.000000 0.989028 0.081252 0.123375 0.000000 0.000000 0.000000 0.000000 1.000000
-0.180889 0.853802 0.488161 27.687000 -0.075176 -0.506901 0.858720 -0.000000 0.980626 0.118635 0.155878 0.000000 0.000000 0.000000 0.000000 1.000000
-0.181890 0.866259 0.465308 27.687000 -0.069898 -0.483395 0.872608 0.000000 0.980831 0.126194 0.148474 0.000000 0.000000 0.000000 0.000000 1.000000
-0.094687 0.883909 0.457974 27.687000 -0.066963 -0.464654 0.882957 0.000000 0.993252 0.052937 0.103186 0.000000 0.000000 0.000000 0.000000 1.000000
-0.020690 0.891150 0.453237 27.687000 -0.065920 -0.453564 0.888782 -0.000000 0.997610 -0.011488 0.068129 0.000000 0.000000 0.000000 0.000000 1.000000
0.056966 0.902708 0.426466 27.687000 -0.057846 -0.423457 0.904067 0.000000 0.996699 -0.076170 0.028096 0.000000 0.000000 0.000000 0.000000 1.000000
0.071446 0.899705 0.430611 27.687000 -0.042440 -0.428582 0.902506 0.000000 0.996541 -0.082756 0.007563 0.000000 0.000000 0.000000 0.000000 1.000000
0.064041 0.903273 0.424260 27.687000 -0.046689 -0.421955 0.905414 0.000000 0.996854 -0.077792 0.015151 0.000000 0.000000 0.000000 0.000000 1.000000
0.124428 0.905590 0.405493 27.687000 -0.059685 -0.401098 0.914089 0.000000 0.990432 -0.137940 0.004142 -0.000000 0.000000 0.000000 0.000000 1.000000
0.091922 0.921338 0.377740 27.687000 -0.068006 -0.372652 0.925476 0.000000 0.993441 -0.110760 0.028402 0.000000 0.000000 0.000000 0.000000 1.000000
0.043602 0.928960 0.367603 27.687000 -0.079575 -0.363554 0.928168 0.000000 0.995875 -0.069722 0.058070 -0.000000 0.000000 0.000000 0.000000 1.000000</float_array><technique_common><accessor source="#swat_LeftForeArm-Matrix-animation-output-transform-array" count="16" stride="16"><param type="float4x4"/></accessor></technique_common></source><source id="swat_LeftForeArm-Interpolations"><Name_array id="swat_LeftForeArm-Interpolations-array" count="16">
 LINEAR LINEAR LINEAR LINEAR LINEAR LINEAR LINEAR LINEAR LINEAR LINEAR LINEAR
