<?xml version="1.0" encoding="utf-8"?>
<COLLADA xmlns="http://www.collada.org/2005/11/COLLADASchema" version="1.4.1">
  <asset><contributor><author>Mixamo</author><authoring_tool>COLLADA Mixamo exporter</authoring_tool><comments></comments></contributor><created>2020-08-11T20:05:52Z</created><modified>2020-08-11T20:05:52Z</modified><revision></revision><title></title><unit meter="0.010000"/><up_axis>Y_UP</up_axis></asset>
  <library_animations>
    <animation id="swat_Hips-anim" name="swat_Hips"><source id="swat_Hips-Matrix-animation-input"><float_array id="swat_Hips-Matrix-animation-input-array" count="16">

0.000000 0.033333 0.066667 0.100000 0.133333 0.166667 0.200000 0.233333 0.266667 0.300000 0.333333 0.366667 0.400000 0.433333 0.466667 0.500000</float_array><technique_common><accessor source="#swat_Hips-Matrix-animation-input-array" count="16"><param name="TIME" type="float"/></accessor></technique_common></source><source id="swat_Hips-Matrix-animation-output-transform"><float_array id="swat_Hips-Matrix-animation-output-transform-array" count="256">

0.825264 0.098099 -0.556162 0.139119 -0.128847 0.991530 -0.016299 79.293800 0.549852 0.085111 0.830914 0.029323 0.000000 0.000000 0.000000 1.000000
0.854924 0.086222 -0.511537 -1.242038 -0.083675 0.996098 0.028053 81.167236 0.511960 0.018820 0.858803 -0.046703 0.000000 0.000000 0.000000 1.000000
0.862925 0.088665 -0.497492 -2.187243 -0.093686 0.995490 0.014918 83.798210 0.496571 0.033735 0.867340 0.138467 0.000000 0.000000 0.000000 1.000000
0.846366 0.117537 -0.519470 -2.467165 -0.129661 0.991472 0.013079 87.048630 0.516578 0.056285 0.854388 0.268848 0.000000 0.000000 0.000000 1.000000
0.809545 0.162432 -0.564139 -1.883687 -0.182214 0.983022 0.021562 88.474533 0.558064 0.085339 0.825398 0.367324 0.000000 0.000000 0.000000 1.000000
0.775319 0.192753 -0.601437 -0.252300 -0.216042 0.975784 0.034224 86.710785 0.593470 0.103402 0.798187 0.135117 0.000000 0.000000 0.000000 1.000000
0.751724 0.208533 -0.625639 1.475510 -0.220694 0.973537 0.059321 83.225159 0.621454 0.093482 0.777854 0.246674 0.000000 0.000000 0.000000 1.000000
0.734268 0.218671 -0.642677 3.150025 -0.210436 0.973385 0.090767 80.327103 0.645420 0.068595 0.760741 0.228449 0.000000 0.000000 0.000000 1.000000
0.724276 0.214415 -0.655324 4.591044 -0.202816 0.974624 0.094731 80.040215 0.659006 0.064298 0.749384 0.183421 0.000000 0.000000 0.000000 1.000000
0.724431 0.185600 -0.663892 5.605824 -0.206874 0.977216 0.047456 82.346397 0.657574 0.102963 0.746321 0.361297 0.000000 0.000000 0.000000 1.000000
0.732565 0.142841 -0.665541 6.028688 -0.211229 0.977171 -0.022776 85.725166 0.647095 0.157267 0.746013 0.661657 0.000000 0.000000 0.000000 1.000000
0.750947 0.106938 -0.651647 5.663049 -0.196562 0.978269 -0.065976 88.116417 0.630430 0.177633 0.755648 0.751646 0.000000 0.000000 0.000000 1.000000
0.784050 0.085023 -0.614847 4.707030 -0.158205 0.985231 -0.065502 88.103020 0.600198 0.148628 0.785921 0.309785 0.000000 0.000000 0.000000 1.000000
0.819697 0.080352 -0.567133 3.335862 -0.109204 0.993874 -0.017024 84.345818 0.562290 0.075888 0.823450 -0.177847 0.000000 0.000000 0.000000 1.000000
0.832776 0.083081 -0.547341 1.781844 -0.097759 0.995207 0.002323 81.117188 0.544911 0.051573 0.836906 -0.150089 0.000000 0.000000 0.000000 1.000000
0.825264 0.098099 -0.556162 0.139130 -0.128847 0.991530 -0.016299 79.293800 0.549852 0.085111 0.830914 0.029327 0.000000 0.000000 0.000000 1.000000</float_array><technique_common><accessor source="#swat_Hips-Matrix-animation-output-transform-array" count="16" stride="16"><param type="float4x4"/></accessor></technique_common></source><source id="swat_Hips-Interpolations"><Name_array id="swat_Hips-Interpolations-array" count="16">
 LINEAR LINEAR LINEAR LINEAR LINEAR LINEAR LINEAR LINEAR LINEAR LINEAR LINEAR
LINEAR LINEAR LINEAR LINEAR LINEAR</Name_array><technique_common><accessor source="#swat_Hips-Interpolations-array" count="16"><param type="name"/></accessor></technique_common></source><sampler id="swat_Hips-Matrix-animation-transform"><input semantic="INPUT" source="#swat_Hips-Matrix-animation-input"/><input semantic="OUTPUT" source="#swat_Hips-Matrix-animation-output-transform"/><input semantic="INTERPOLATION" source="#swat_Hips-Interpolations"/></sampler><channel source="#swat_Hips-Matrix-animation-transform" target="swat_Hips/matrix"/></animation>
    <animation id="swat_Spine-anim" name="swat_Spine"><source id="swat_Spine-Matrix-animation-input"><float_array id="swat_Spine-Matrix-animation-input-array" count="16">

0.000000 0.033333 0.066667 0.100000 0.133333 0.166667 0.200000 0.233333 0.266667 0.300000 0.333333 0.366667 0.400000 0.433333 0.466667 0.500000</float_array><technique_common><accessor source="#swat_Spine-Matrix-animation-input-array" count="16"><param name="TIME" type="float"/></accessor></technique_common></source><source id="swat_Spine-Matrix-animation-output-transform"><float_array id="swat_Spine-Matrix-animation-output-transform-array" count="256">

0.999425 -0.020633 -0.026907 -0.000000 0.015182 0.981857 -0.189017 9.226300 0.030319 0.188499 0.981605 1.577100 0.000000 0.000000 0.000000 1.000000
0.998882 0.040609 -0.024198 -0.000000 -0.044798 0.976619 -0.210257 9.226300 0.015094 0.211106 0.977347 1.577100 0.000000 0.000000 0.000000 1.000000
0.997479 0.070166 -0.010606 0.000000 -0.070773 0.972705 -0.220990 9.226300 -0.005189 0.221183 0.975218 1.577100 0.000000 0.000000 0.000000 1.000000
0.997612 0.069039 -0.001972 -0.000000 -0.067728 0.972267 -0.223852 9.226300 -0.013538 0.223451 0.974621 1.577100 0.000000 0.000000 0.000000 1.000000
0.998615 0.052608 -0.000173 0.000000 -0.051287 0.972798 -0.225906 9.226300 -0.011716 0.225602 0.974149 1.577100 0.000000 0.000000 0.000000 1.000000
0.998879 0.047290 0.002004 0.000000 -0.045442 0.969965 -0.238960 9.226300 -0.013244 0.238601 0.971027 1.577100 0.000000 0.000000 0.000000 1.000000
0.999115 0.041828 0.004351 0.000000 -0.039147 0.962859 -0.267150 9.226300 -0.015364 0.266744 0.963645 1.577100 0.000000 0.000000 0.000000 1.000000
0.999697 0.024632 0.000379 0.000000 -0.023394 0.954063 -0.298690 9.226300 -0.007719 0.298591 0.954350 1.577100 0.000000 0.000000 0.000000 1.000000
0.999873 -0.013381 -0.008697 0.000000 0.010032 0.950828 -0.309557 9.226300 0.012412 0.309431 0.950841 1.577100 0.000000 0.000000 0.000000 1.000000
0.997723 -0.064204 -0.020646 0.000000 0.055752 0.957441 -0.283193 9.226300 0.037949 0.281397 0.958841 1.577100 0.000000 0.000000 0.000000 1.000000
0.994121 -0.101659 -0.037281 -0.000000 0.090378 0.968659 -0.231367 9.226300 0.059633 0.226637 0.972152 1.577100 0.000000 0.000000 0.000000 1.000000
0.992668 -0.108686 -0.052900 -0.000000 0.097058 0.977533 -0.187107 9.226300 0.072047 0.180601 0.980914 1.577100 0.000000 0.000000 0.000000 1.000000
0.994024 -0.093863 -0.055731 0.000000 0.082736 0.980856 -0.176284 9.226300 0.071211 0.170619 0.982760 1.577100 0.000000 0.000000 0.000000 1.000000
0.996712 -0.066885 -0.045727 0.000000 0.056922 0.979693 -0.192256 9.226300 0.057658 0.189021 0.980279 1.577100 0.000000 0.000000 0.000000 1.000000
0.998536 -0.042079 -0.033999 0.000000 0.034364 0.978760 -0.202108 9.226300 0.041782 0.200644 0.978773 1.577100 0.000000 0.000000 0.000000 1.000000
0.999424 -0.020629 -0.026928 0.000000 0.015172 0.981842 -0.189091 9.226300 0.030340 0.188573 0.981590 1.577100 0.000000 0.000000 0.000000 1.000000</float_array><technique_common><accessor source="#swat_Spine-Matrix-animation-output-transform-array" count="16" stride="16"><param type="float4x4"/></accessor></technique_common></source><source id="swat_Spine-Interpolations"><Name_array id="swat_Spine-Interpolations-array" count="16">
 LINEAR LINEAR LINEAR LINEAR LINEAR LINEAR LINEAR LINEAR LINEAR LINEAR LINEAR
LINEAR LINEAR LINEAR LINEAR LINEAR</Name_array><technique_common><accessor source="#swat_Spine-Interpolations-array" count="16"><param type="name"/></accessor></technique_common></source><sampler id="swat_Spine-Matrix-animation-transform"><input semantic="INPUT" source="#swat_Spine-Matrix-animation-input"/><input semantic="OUTPUT" source="#swat_Spine-Matrix-animation-output-transform"/><input semantic="INTERPOLATION" source="#swat_Spine-Interpolations"/></sampler><channel source="#swat_Spine-Matrix-animation-transform" target="swat_Spine/matrix"/></animation>
    <animation id="swat_Spine1-anim" name="swat_Spine1"><source id="swat_Spine1-Matrix-animation-input"><float_array id="swat_Spine1-Matrix-animation-input-array" count="16">

0.000000 0.033333 0.066667 0.100000 0.133333 0.166667 0.200000 0.233333 0.266667 0.300000 0.333333 0.366667 0.400000 0.433333 0.466667 0.500000</float_array><technique_common><accessor source="#swat_Spine1-Matrix-animation-input-array" count="16"><param name="TIME" type="float"/></accessor></technique_common></source><source id="swat_Spine1-Matrix-animation-output-transform"><float_array id="swat_Spine1-Matrix-animation-output-transform-array" count="256">

0.993443 -0.113958 -0.009192 0.000000 0.108107 0.962507 -0.248783 16.254000 0.037199 0.246158 0.968516 -0.165600 0.000000 0.000000 0.000000 1.000000
0.992617 -0.121281 -0.001780 0.000000 0.117197 0.962767 -0.243608 16.254000 0.031259 0.241600 0.969872 -0.165600 0.000000 0.000000 0.000000 1.000000
0.992708 -0.119496 0.015832 0.000000 0.119715 0.962031 -0.245286 16.254000 0.014080 0.245393 0.969321 -0.165600 0.000000 0.000000 0.000000 1.000000
0.993256 -0.114221 0.019923 -0.000000 0.115544 0.960820 -0.251942 16.254000 0.009635 0.252545 0.967537 -0.165600 0.000000 0.000000 0.000000 1.000000
0.993672 -0.111941 0.009282 0.000000 0.110541 0.959876 -0.257720 16.254000 0.019940 0.257115 0.966175 -0.165600 0.000000 0.000000 0.000000 1.000000
0.993312 -0.115418 0.002997 0.000000 0.112209 0.958927 -0.260515 16.254000 0.027194 0.259110 0.965465 -0.165600 0.000000 0.000000 0.000000 1.000000
0.992700 -0.120607 -0.000042 0.000000 0.116323 0.957528 -0.263836 16.254000 0.031861 0.261905 0.964567 -0.165600 0.000000 0.000000 0.000000 1.000000
0.992508 -0.121360 -0.014130 0.000000 0.113230 0.957079 -0.266795 16.254000 0.045901 0.263196 0.963650 -0.165600 0.000000 0.000000 0.000000 1.000000
0.992238 -0.117890 -0.039568 -0.000000 0.103511 0.959344 -0.262572 16.254000 0.068914 0.256438 0.964101 -0.165600 0.000000 0.000000 0.000000 1.000000
0.990714 -0.118645 -0.066402 0.000000 0.098350 0.962579 -0.252524 16.254000 0.093878 0.243649 0.965309 -0.165600 0.000000 0.000000 0.000000 1.000000
0.987443 -0.130534 -0.088974 0.000000 0.105117 0.963360 -0.246757 16.254000 0.117924 0.234306 0.964984 -0.165600 0.000000 0.000000 0.000000 1.000000
0.984584 -0.142408 -0.101561 -0.000000 0.112649 0.960449 -0.254651 16.254000 0.133808 0.239284 0.961685 -0.165600 0.000000 0.000000 0.000000 1.000000
0.986089 -0.137844 -0.092883 0.000000 0.109000 0.958139 -0.264744 16.254000 0.125488 0.250937 0.959835 -0.165600 0.000000 0.000000 0.000000 1.000000
0.990677 -0.120367 -0.063797 0.000000 0.099759 0.959909 -0.261960 16.254000 0.092771 0.253153 0.962968 -0.165600 0.000000 0.000000 0.000000 1.000000
0.993576 -0.108099 -0.033490 -0.000000 0.096212 0.962685 -0.252943 16.254000 0.059583 0.248096 0.966901 -0.165600 0.000000 0.000000 0.000000 1.000000
0.993442 -0.113962 -0.009231 0.000000 0.108105 0.962529 -0.248699 16.254000 0.037227 0.246070 0.968537 -0.165600 0.000000 0.000000 0.000000 1.000000</float_array><technique_common><accessor source="#swat_Spine1-Matrix-animation-output-transform-array" count="16" stride="16"><param type="float4x4"/></accessor></technique_common></source><source id="swat_Spine1-Interpolations"><Name_array id="swat_Spine1-Interpolations-array" count="16">
 LINEAR LINEAR LINEAR LINEAR LINEAR LINEAR LINEAR LINEAR LINEAR LINEAR LINEAR
LINEAR LINEAR LINEAR LINEAR LINEAR</Name_array><technique_common><accessor source="#swat_Spine1-Interpolations-array" count="16"><param type="name"/></accessor></technique_common></source><sampler id="swat_Spine1-Matrix-animation-transform"><input semantic="INPUT" source="#swat_Spine1-Matrix-animation-input"/><input semantic="OUTPUT" source="#swat_Spine1-Matrix-animation-output-transform"/><input semantic="INTERPOLATION" source="#swat_Spine1-Interpolations"/></sampler><channel source="#swat_Spine1-Matrix-animation-transform" target="swat_Spine1/matrix"/></animation>
    <animation id="swat_Spine2-anim" name="swat_Spine2"><source id="swat_Spine2-Matrix-animation-input"><float_array id="swat_Spine2-Matrix-animation-input-array" count="16">

0.000000 0.033333 0.066667 0.100000 0.133333 0.166667 0.200000 0.233333 0.266667 0.300000 0.333333 0.366667 0.400000 0.433333 0.466667 0.500000</float_array><technique_common><accessor source="#swat_Spine2-Matrix-animation-input-array" count="16"><param name="TIME" type="float"/></accessor></technique_common></source><source id="swat_Spine2-Matrix-animation-output-transform"><float_array id="swat_Spine2-Matrix-animation-output-transform-array" count="256">

0.994864 -0.100469 0.012300 -0.000000 0.100350 0.963132 -0.249615 13.639600 0.013232 0.249567 0.968267 -1.292300 0.000000 0.000000 0.000000 1.000000
0.994556 -0.101579 0.023228 0.000000 0.104167 0.963506 -0.246589 13.639600 0.002668 0.247666 0.968842 -1.292300 0.000000 0.000000 0.000000 1.000000
0.994023 -0.100636 0.042321 0.000000 0.108013 0.962900 -0.247299 13.639600 -0.015864 0.250392 0.968015 -1.292300 0.000000 0.000000 0.000000 1.000000
0.993651 -0.102731 0.045868 0.000000 0.111002 0.961621 -0.250924 13.639600 -0.018330 0.254422 0.966919 -1.292300 0.000000 0.000000 0.000000 1.000000
0.993164 -0.111510 0.034522 0.000000 0.116624 0.960534 -0.252533 13.639600 -0.004999 0.254832 0.966972 -1.292300 0.000000 0.000000 0.000000 1.000000
0.991864 -0.124040 0.028634 -0.000000 0.127248 0.959505 -0.251314 13.639600 0.003699 0.252912 0.967482 -1.292300 0.000000 0.000000 0.000000 1.000000
0.990478 -0.135181 0.026070 0.000000 0.137375 0.958012 -0.251676 13.639600 0.009046 0.252861 0.967460 -1.292300 0.000000 0.000000 0.000000 1.000000
0.990021 -0.140486 0.011057 0.000000 0.138689 0.957431 -0.253163 13.639600 0.024980 0.252171 0.967360 -1.292300 0.000000 0.000000 0.000000 1.000000
0.989982 -0.140243 -0.016332 0.000000 0.131820 0.959513 -0.248916 13.639600 0.050580 0.244269 0.968387 -1.292300 0.000000 0.000000 0.000000 1.000000
0.988886 -0.141719 -0.044940 0.000000 0.127093 0.962644 -0.239090 13.639600 0.077145 0.230721 0.969957 -1.292300 0.000000 0.000000 0.000000 1.000000
0.986159 -0.151130 -0.068195 0.000000 0.131541 0.963517 -0.233091 13.639600 0.100934 0.220895 0.970061 -1.292300 0.000000 0.000000 0.000000 1.000000
0.984153 -0.157539 -0.081387 0.000000 0.133856 0.961073 -0.241706 13.639600 0.116297 0.226982 0.966930 -1.292300 0.000000 0.000000 0.000000 1.000000
0.986741 -0.144673 -0.073562 0.000000 0.121589 0.959159 -0.255401 13.639600 0.107508 0.243070 0.964033 -1.292300 0.000000 0.000000 0.000000 1.000000
0.992072 -0.117428 -0.044760 0.000000 0.102125 0.960898 -0.257382 13.639600 0.073233 0.250771 0.965273 -1.292300 0.000000 0.000000 0.000000 1.000000
0.995056 -0.098348 -0.013826 0.000000 0.091730 0.963475 -0.251598 13.639600 0.038065 0.249086 0.967733 -1.292300 0.000000 0.000000 0.000000 1.000000
0.994863 -0.100481 0.012260 0.000000 0.100353 0.963153 -0.249531 13.639600 0.013265 0.249480 0.968289 -1.292300 0.000000 0.000000 0.000000 1.000000</float_array><technique_common><accessor source="#swat_Spine2-Matrix-animation-output-transform-array" count="16" stride="16"><param type="float4x4"/></accessor></technique_common></source><source id="swat_Spine2-Interpolations"><Name_array id="swat_Spine2-Interpolations-array" count="16">
 LINEAR LINEAR LINEAR LINEAR LINEAR LINEAR LINEAR LINEAR LINEAR LINEAR LINEAR
LINEAR LINEAR LINEAR LINEAR LINEAR</Name_array><technique_common><accessor source="#swat_Spine2-Interpolations-array" count="16"><param type="name"/></accessor></technique_common></source><sampler id="swat_Spine2-Matrix-animation-transform"><input semantic="INPUT" source="#swat_Spine2-Matrix-animation-input"/><input semantic="OUTPUT" source="#swat_Spine2-Matrix-animation-output-transform"/><input semantic="INTERPOLATION" source="#swat_Spine2-Interpolations"/></sampler><channel source="#swat_Spine2-Matrix-animation-transform" target="swat_Spine2/matrix"/></animation>
    <animation id="swat_Neck-anim" name="swat_Neck"><source id="swat_Neck-Matrix-animation-input"><float_array id="swat_Neck-Matrix-animation-input-array" count="16">

0.000000 0.033333 0.066667 0.100000 0.133333 0.166667 0.200000 0.233333 0.266667 0.300000 0.333333 0.366667 0.400000 0.433333 0.466667 0.500000</float_array><technique_common><accessor source="#swat_Neck-Matrix-animation-input-array" count="16"><param name="TIME" type="float"/></accessor></technique_common></source><source id="swat_Neck-Matrix-animation-output-transform"><float_array id="swat_Neck-Matrix-animation-output-transform-array" count="256">

0.999292 0.018833 0.032568 0.000000 -0.021464 0.996369 0.082394 13.877400 -0.030898 -0.083034 0.996068 -4.354200 0.000000 0.000000 0.000000 1.000000
0.999465 0.017899 0.027357 0.000000 -0.019957 0.996836 0.076941 13.877400 -0.025893 -0.077446 0.996660 -4.354200 0.000000 0.000000 0.000000 1.000000
0.999588 0.015212 0.024331 0.000000 -0.017033 0.996923 0.076513 13.877400 -0.023092 -0.076896 0.996772 -4.354200 0.000000 0.000000 0.000000 1.000000
0.999556 0.013628 0.026487 0.000000 -0.015640 0.996882 0.077335 13.877400 -0.025350 -0.077715 0.996653 -4.354200 0.000000 0.000000 0.000000 1.000000
0.999369 0.012172 0.033358 -0.000000 -0.014790 0.996734 0.079387 13.877400 -0.032283 -0.079830 0.996286 -4.354200 0.000000 0.000000 0.000000 1.000000
0.999186 0.011182 0.038768 0.000000 -0.014338 0.996520 0.082107 13.877400 -0.037715 -0.082596 0.995869 -4.354200 0.000000 0.000000 0.000000 1.000000
0.999055 0.012433 0.041638 -0.000000 -0.015897 0.996346 0.083914 13.877400 -0.040443 -0.084497 0.995603 -4.354200 0.000000 0.000000 0.000000 1.000000
0.998861 0.016388 0.044810 0.000000 -0.020040 0.996405 0.082310 13.877400 -0.043300 -0.083115 0.995599 -4.354200 0.000000 0.000000 0.000000 1.000000
0.998565 0.022370 0.048654 0.000000 -0.026127 0.996609 0.078019 13.877400 -0.046744 -0.079178 0.995764 -4.354200 0.000000 0.000000 0.000000 1.000000
0.998263 0.026603 0.052574 0.000000 -0.030598 0.996584 0.076706 13.877400 -0.050354 -0.078181 0.995667 -4.354200 0.000000 0.000000 0.000000 1.000000
0.997985 0.030009 0.055908 0.000000 -0.034294 0.996414 0.077347 13.877400 -0.053386 -0.079109 0.995435 -4.354200 0.000000 0.000000 0.000000 1.000000
0.997886 0.031697 0.056741 0.000000 -0.036166 0.996174 0.079561 13.877400 -0.054002 -0.081445 0.995214 -4.354200 0.000000 0.000000 0.000000 1.000000
0.998210 0.029706 0.051907 -0.000000 -0.033974 0.995940 0.083362 13.877400 -0.049220 -0.084976 0.995167 -4.354200 0.000000 0.000000 0.000000 1.000000
0.998804 0.025612 0.041647 0.000000 -0.029042 0.996045 0.083964 13.877400 -0.039331 -0.085073 0.995598 -4.354200 0.000000 0.000000 0.000000 1.000000
0.999172 0.021505 0.034540 0.000000 -0.024319 0.996233 0.083237 13.877400 -0.032620 -0.084008 0.995931 -4.354200 0.000000 0.000000 0.000000 1.000000
0.999292 0.018838 0.032568 0.000000 -0.021468 0.996369 0.082388 13.877400 -0.030897 -0.083029 0.996068 -4.354200 0.000000 0.000000 0.000000 1.000000</float_array><technique_common><accessor source="#swat_Neck-Matrix-animation-output-transform-array" count="16" stride="16"><param type="float4x4"/></accessor></technique_common></source><source id="swat_Neck-Interpolations"><Name_array id="swat_Neck-Interpolations-array" count="16">
 LINEAR LINEAR LINEAR LINEAR LINEAR LINEAR LINEAR LINEAR LINEAR LINEAR LINEAR
LINEAR LINEAR LINEAR LINEAR LINEAR</Name_array><technique_common><accessor source="#swat_Neck-Interpolations-array" count="16"><param type="name"/></accessor></technique_common></source><sampler id="swat_Neck-Matrix-animation-transform"><input semantic="INPUT" source="#swat_Neck-Matrix-animation-input"/><input semantic="OUTPUT" source="#swat_Neck-Matrix-animation-output-transform"/><input semantic="INTERPOLATION" source="#swat_Neck-Interpolations"/></sampler><channel source="#swat_Neck-Matrix-animation-transform" target="swat_Neck/matrix"/></animation>
    <animation id="swat_Neck1-anim" name="swat_Neck1"><source id="swat_Neck1-Matrix-animation-input"><float_array id="swat_Neck1-Matrix-animation-input-array" count="16">

0.000000 0.033333 0.066667 0.100000 0.133333 0.166667 0.200000 0.233333 0.266667 0.300000 0.333333 0.366667 0.400000 0.433333 0.466667 0.500000</float_array><technique_common><accessor source="#swat_Neck1-Matrix-animation-input-array" count="16"><param name="TIME" type="float"/></accessor></technique_common></source><source id="swat_Neck1-Matrix-animation-output-transform"><float_array id="swat_Neck1-Matrix-animation-output-transform-array" count="256">

0.999292 0.018834 0.032568 -0.000000 -0.021464 0.996369 0.082393 4.340000 -0.030898 -0.083034 0.996068 0.926900 0.000000 0.000000 0.000000 1.000000
0.999465 0.017899 0.027357 0.000000 -0.019958 0.996836 0.076941 4.340000 -0.025893 -0.077446 0.996660 0.926900 0.000000 0.000000 0.000000 1.000000
0.999588 0.015211 0.024331 0.000000 -0.017033 0.996923 0.076516 4.340000 -0.023092 -0.076899 0.996771 0.926900 0.000000 0.000000 0.000000 1.000000
0.999556 0.013627 0.026486 0.000000 -0.015640 0.996882 0.077335 4.340000 -0.025350 -0.077715 0.996653 0.926900 0.000000 0.000000 0.000000 1.000000
0.999369 0.012172 0.033359 0.000000 -0.014790 0.996734 0.079388 4.340000 -0.032283 -0.079831 0.996285 0.926900 0.000000 0.000000 0.000000 1.000000
0.999186 0.011182 0.038768 0.000000 -0.014338 0.996520 0.082107 4.340000 -0.037715 -0.082596 0.995869 0.926900 0.000000 0.000000 0.000000 1.000000
0.999055 0.012433 0.041638 -0.000000 -0.015896 0.996346 0.083914 4.340000 -0.040443 -0.084497 0.995603 0.926900 0.000000 0.000000 0.000000 1.000000
0.998861 0.016387 0.044810 -0.000000 -0.020040 0.996405 0.082311 4.340000 -0.043300 -0.083115 0.995599 0.926900 0.000000 0.000000 0.000000 1.000000
0.998565 0.022370 0.048654 -0.000000 -0.026128 0.996609 0.078019 4.340000 -0.046744 -0.079178 0.995764 0.926900 0.000000 0.000000 0.000000 1.000000
0.998263 0.026603 0.052574 0.000000 -0.030598 0.996584 0.076705 4.340000 -0.050354 -0.078180 0.995667 0.926900 0.000000 0.000000 0.000000 1.000000
0.997985 0.030009 0.055908 -0.000000 -0.034295 0.996414 0.077348 4.340000 -0.053386 -0.079109 0.995435 0.926900 0.000000 0.000000 0.000000 1.000000
0.997886 0.031697 0.056741 -0.000000 -0.036167 0.996174 0.079561 4.340000 -0.054002 -0.081445 0.995214 0.926900 0.000000 0.000000 0.000000 1.000000
0.998210 0.029707 0.051908 0.000000 -0.033974 0.995940 0.083362 4.340000 -0.049220 -0.084976 0.995167 0.926900 0.000000 0.000000 0.000000 1.000000
0.998804 0.025612 0.041647 0.000000 -0.029042 0.996046 0.083964 4.340000 -0.039331 -0.085073 0.995598 0.926900 0.000000 0.000000 0.000000 1.000000
0.999172 0.021505 0.034541 0.000000 -0.024319 0.996233 0.083238 4.340000 -0.032620 -0.084009 0.995931 0.926900 0.000000 0.000000 0.000000 1.000000
0.999292 0.018838 0.032568 0.000000 -0.021468 0.996369 0.082387 4.340000 -0.030898 -0.083028 0.996068 0.926900 0.000000 0.000000 0.000000 1.000000</float_array><technique_common><accessor source="#swat_Neck1-Matrix-animation-output-transform-array" count="16" stride="16"><param type="float4x4"/></accessor></technique_common></source><source id="swat_Neck1-Interpolations"><Name_array id="swat_Neck1-Interpolations-array" count="16">
 LINEAR LINEAR LINEAR LINEAR LINEAR LINEAR LINEAR LINEAR LINEAR LINEAR LINEAR
LINEAR LINEAR LINEAR LINEAR LINEAR</Name_array><technique_common><accessor source="#swat_Neck1-Interpolations-array" count="16"><param type="name"/></accessor></technique_common></source><sampler id="swat_Neck1-Matrix-animation-transform"><input semantic="INPUT" source="#swat_Neck1-Matrix-animation-input"/><input semantic="OUTPUT" source="#swat_Neck1-Matrix-animation-output-transform"/><input semantic="INTERPOLATION" source="#swat_Neck1-Interpolations"/></sampler><channel source="#swat_Neck1-Matrix-animation-transform" target="swat_Neck1/matrix"/></animation>
    <animation id="swat_Head-anim" name="swat_Head"><source id="swat_Head-Matrix-animation-input"><float_array id="swat_Head-Matrix-animation-input-array" count="16">

0.000000 0.033333 0.066667 0.100000 0.133333 0.166667 0.200000 0.233333 0.266667 0.300000 0.333333 0.366667 0.400000 0.433333 0.466667 0.500000</float_array><technique_common><accessor source="#swat_Head-Matrix-animation-input-array" count="16"><param name="TIME" type="float"/></accessor></technique_common></source><source id="swat_Head-Matrix-animation-output-transform"><float_array id="swat_Head-Matrix-animation-output-transform-array" count="256">

0.999292 0.018833 0.032568 0.000000 -0.021463 0.996369 0.082394 4.026600 -0.030898 -0.083034 0.996068 0.858500 0.000000 0.000000 0.000000 1.000000
0.999466 0.017898 0.027356 0.000000 -0.019957 0.996836 0.076941 4.026600 -0.025893 -0.077446 0.996660 0.858500 0.000000 0.000000 0.000000 1.000000
0.999588 0.015211 0.024331 0.000000 -0.017033 0.996923 0.076511 4.026600 -0.023092 -0.076894 0.996772 0.858500 0.000000 0.000000 0.000000 1.000000
0.999556 0.013628 0.026487 -0.000000 -0.015641 0.996882 0.077335 4.026600 -0.025350 -0.077715 0.996653 0.858500 0.000000 0.000000 0.000000 1.000000
0.999369 0.012172 0.033358 0.000000 -0.014790 0.996734 0.079387 4.026600 -0.032283 -0.079830 0.996286 0.858500 0.000000 0.000000 0.000000 1.000000
0.999186 0.011182 0.038769 0.000000 -0.014338 0.996520 0.082106 4.026600 -0.037716 -0.082595 0.995869 0.858500 0.000000 0.000000 0.000000 1.000000
0.999055 0.012433 0.041638 0.000000 -0.015897 0.996346 0.083914 4.026600 -0.040443 -0.084497 0.995603 0.858500 0.000000 0.000000 0.000000 1.000000
0.998861 0.016388 0.044810 0.000000 -0.020040 0.996405 0.082310 4.026600 -0.043300 -0.083114 0.995599 0.858500 0.000000 0.000000 0.000000 1.000000
0.998565 0.022370 0.048654 0.000000 -0.026128 0.996609 0.078019 4.026600 -0.046744 -0.079178 0.995764 0.858500 0.000000 0.000000 0.000000 1.000000
0.998263 0.026603 0.052574 -0.000000 -0.030598 0.996584 0.076706 4.026600 -0.050354 -0.078181 0.995667 0.858500 0.000000 0.000000 0.000000 1.000000
0.997985 0.030008 0.055908 0.000000 -0.034294 0.996414 0.077347 4.026600 -0.053386 -0.079108 0.995435 0.858500 0.000000 0.000000 0.000000 1.000000
0.997886 0.031697 0.056741 0.000000 -0.036166 0.996174 0.079560 4.026600 -0.054002 -0.081444 0.995214 0.858500 0.000000 0.000000 0.000000 1.000000
0.998210 0.029706 0.051907 -0.000000 -0.033974 0.995940 0.083362 4.026600 -0.049220 -0.084976 0.995167 0.858500 0.000000 0.000000 0.000000 1.000000
0.998804 0.025612 0.041647 0.000000 -0.029042 0.996045 0.083964 4.026600 -0.039332 -0.085073 0.995598 0.858500 0.000000 0.000000 0.000000 1.000000
0.999172 0.021504 0.034540 0.000000 -0.024318 0.996233 0.083237 4.026600 -0.032620 -0.084008 0.995931 0.858500 0.000000 0.000000 0.000000 1.000000
0.999292 0.018838 0.032568 -0.000000 -0.021468 0.996369 0.082388 4.026600 -0.030897 -0.083029 0.996068 0.858500 0.000000 0.000000 0.000000 1.000000</float_array><technique_common><accessor source="#swat_Head-Matrix-animation-output-transform-array" count="16" stride="16"><param type="float4x4"/></accessor></technique_common></source><source id="swat_Head-Interpolations"><Name_array id="swat_Head-Interpolations-array" count="16">
 LINEAR LINEAR LINEAR LINEAR LINEAR LINEAR LINEAR LINEAR LINEAR LINEAR LINEAR
LINEAR LINEAR LINEAR LINEAR LINEAR</Name_array><technique_common><accessor source="#swat_Head-Interpolations-array" count="16"><param type="name"/></accessor></technique_common></source><sampler id="swat_Head-Matrix-animation-transform"><input semantic="INPUT" source="#swat_Head-Matrix-animation-input"/><input semantic="OUTPUT" source="#swat_Head-Matrix-animation-output-transform"/><input semantic="INTERPOLATION" source="#swat_Head-Interpolations"/></sampler><channel source="#swat_Head-Matrix-animation-transform" target="swat_Head/matrix"/></animation>
    <animation id="swat_LeftShoulder-anim" name="swat_LeftShoulder"><source id="swat_LeftShoulder-Matrix-animation-input"><float_array id="swat_LeftShoulder-Matrix-animation-input-array" count="16">

0.000000 0.033333 0.066667 0.100000 0.133333 0.166667 0.200000 0.233333 0.266667 0.300000 0.333333 0.366667 0.400000 0.433333 0.466667 0.500000</float_array><technique_common><accessor source="#swat_LeftShoulder-Matrix-animation-input-array" count="16"><param name="TIME" type="float"/></accessor></technique_common></source><source id="swat_LeftShoulder-Matrix-animation-output-transform"><float_array id="swat_LeftShoulder-Matrix-animation-output-transform-array" count="256">

0.973070 -0.009034 -0.230332 6.144200 -0.018076 0.993164 -0.115317 10.187000 0.229800 0.116375 0.966255 -3.793200 0.000000 0.000000 0.000000 1.000000
0.926575 -0.025092 -0.375272 6.144200 -0.013507 0.994908 -0.099873 10.187000 0.375867 0.097609 0.921519 -3.793200 0.000000 0.000000 0.000000 1.000000
0.901343 -0.030747 -0.432013 6.144200 -0.011118 0.995506 -0.094047 10.187000 0.432963 0.089571 0.896950 -3.793200 0.000000 0.000000 0.000000 1.000000
0.896925 -0.031179 -0.441083 6.144200 -0.010478 0.995732 -0.091691 10.187000 0.442059 0.086862 0.892770 -3.793200 0.000000 0.000000 0.000000 1.000000
0.891200 -0.032269 -0.452461 6.144200 -0.009956 0.995835 -0.090631 10.187000 0.453501 0.085275 0.887167 -3.793200 0.000000 0.000000 0.000000 1.000000
0.918556 -0.020016 -0.394784 6.144200 -0.008449 0.997495 -0.070232 10.187000 0.395201 0.067847 0.916086 -3.793200 0.000000 0.000000 0.000000 1.000000
0.945421 -0.009121 -0.325724 6.144200 -0.006230 0.998920 -0.046053 10.187000 0.325792 0.045569 0.944343 -3.793200 0.000000 0.000000 0.000000 1.000000
0.967363 -0.001964 -0.253387 6.144200 -0.003487 0.999772 -0.021059 10.187000 0.253371 0.021255 0.967136 -3.793200 0.000000 0.000000 0.000000 1.000000
0.983844 0.000670 -0.179025 6.144200 -0.001731 0.999982 -0.005772 10.187000 0.179018 0.005989 0.983828 -3.793200 0.000000 0.000000 0.000000 1.000000
0.997001 0.001334 -0.077380 6.144200 -0.002020 0.999959 -0.008795 10.187000 0.077365 0.008925 0.996963 -3.793200 0.000000 0.000000 0.000000 1.000000
0.999728 0.003717 0.023011 6.144200 -0.003165 0.999707 -0.024009 10.187000 -0.023093 0.023929 0.999447 -3.793200 0.000000 0.000000 0.000000 1.000000
0.996218 0.008541 0.086465 6.144200 -0.004820 0.999057 -0.043155 10.187000 -0.086752 0.042575 0.995320 -3.793200 0.000000 0.000000 0.000000 1.000000
0.996777 0.010596 0.079520 6.144200 -0.006399 0.998582 -0.052850 10.187000 -0.079967 0.052171 0.995431 -3.793200 0.000000 0.000000 0.000000 1.000000
0.994582 0.002522 -0.103922 6.144200 -0.006617 0.999214 -0.039080 10.187000 0.103742 0.039556 0.993817 -3.793200 0.000000 0.000000 0.000000 1.000000
0.978701 -0.003165 -0.205268 6.144200 -0.010601 0.997768 -0.065930 10.187000 0.205018 0.066702 0.976483 -3.793200 0.000000 0.000000 0.000000 1.000000
0.973070 -0.009034 -0.230332 6.144200 -0.018076 0.993164 -0.115317 10.187000 0.229799 0.116375 0.966255 -3.793200 0.000000 0.000000 0.000000 1.000000</float_array><technique_common><accessor source="#swat_LeftShoulder-Matrix-animation-output-transform-array" count="16" stride="16"><param type="float4x4"/></accessor></technique_common></source><source id="swat_LeftShoulder-Interpolations"><Name_array id="swat_LeftShoulder-Interpolations-array" count="16">
 LINEAR LINEAR LINEAR LINEAR LINEAR LINEAR LINEAR LINEAR LINEAR LINEAR LINEAR
LINEAR LINEAR LINEAR LINEAR LINEAR</Name_array><technique_common><accessor source="#swat_LeftShoulder-Interpolations-array" count="16"><param type="name"/></accessor></technique_common></source><sampler id="swat_LeftShoulder-Matrix-animation-transform"><input semantic="INPUT" source="#swat_LeftShoulder-Matrix-animation-input"/><input semantic="OUTPUT" source="#swat_LeftShoulder-Matrix-animation-output-transform"/><input semantic="INTERPOLATION" source="#swat_LeftShoulder-Interpolations"/></sampler><channel source="#swat_LeftShoulder-Matrix-animation-transform" target="swat_LeftShoulder/matrix"/></animation>
    <animation id="swat_LeftArm-anim" name="swat_LeftArm"><source id="swat_LeftArm-Matrix-animation-input"><float_array id="swat_LeftArm-Matrix-animation-input-array" count="16">

0.000000 0.033333 0.066667 0.100000 0.133333 0.166667 0.200000 0.233333 0.266667 0.300000 0.333333 0.366667 0.400000 0.433333 0.466667 0.500000</float_array><technique_common><accessor source="#swat_LeftArm-Matrix-animation-input-array" count="16"><param name="TIME" type="float"/></accessor></technique_common></source><source id="swat_LeftArm-Matrix-animation-output-transform"><float_array id="swat_LeftArm-Matrix-animation-output-transform-array" count="256">

0.657766 0.725593 -0.202136 12.319100 -0.262122 0.472094 0.841677 -1.113000 0.706142 -0.500642 0.500721 -1.793500 0.000000 0.000000 0.000000 1.000000
0.724325 0.669327 -0.165393 12.319100 -0.257311 0.484986 0.835811 -1.113000 0.639644 -0.562841 0.523512 -1.793500 0.000000 0.000000 0.000000 1.000000
0.745345 0.644779 -0.169473 12.319100 -0.233636 0.490708 0.839416 -1.113000 0.624400 -0.586060 0.516391 -1.793500 0.000000 0.000000 0.000000 1.000000
0.768237 0.628217 -0.123109 12.319100 -0.252935 0.474532 0.843115 -1.113000 0.588079 -0.616574 0.523451 -1.793500 0.000000 0.000000 0.000000 1.000000
0.814542 0.579459 0.027368 12.319100 -0.339346 0.437691 0.832629 -1.113000 0.470496 -0.687498 0.553154 -1.793500 0.000000 0.000000 0.000000 1.000000
0.801878 0.595752 0.045508 12.319100 -0.379840 0.449504 0.808497 -1.113000 0.461208 -0.665602 0.586738 -1.793500 0.000000 0.000000 0.000000 1.000000
0.777630 0.628183 0.026025 12.319100 -0.405054 0.468900 0.784897 -1.113000 0.480856 -0.620901 0.619079 -1.793500 0.000000 0.000000 0.000000 1.000000
0.758200 0.651608 0.023242 12.319100 -0.440774 0.485958 0.754694 -1.113000 0.480469 -0.582454 0.655665 -1.793500 0.000000 0.000000 0.000000 1.000000
0.729350 0.682468 0.047815 12.319100 -0.501065 0.485284 0.716543 -1.113000 0.465814 -0.546569 0.695902 -1.793500 0.000000 0.000000 0.000000 1.000000
0.642208 0.763225 0.071108 12.319100 -0.586740 0.429763 0.686323 -1.113000 0.493260 -0.482484 0.723812 -1.793500 0.000000 0.000000 0.000000 1.000000
0.528820 0.844382 0.085838 12.319100 -0.658261 0.344198 0.669492 -1.113000 0.535762 -0.410545 0.737843 -1.793500 0.000000 0.000000 0.000000 1.000000
0.440067 0.893783 0.086559 12.319100 -0.670752 0.263097 0.693449 -1.113000 0.597020 -0.363224 0.715287 -1.793500 0.000000 0.000000 0.000000 1.000000
0.416083 0.908524 0.038211 12.319100 -0.600951 0.243199 0.761388 -1.113000 0.682446 -0.339763 0.647169 -1.793500 0.000000 0.000000 0.000000 1.000000
0.537414 0.842707 -0.032103 12.319100 -0.472398 0.332357 0.816321 -1.113000 0.698589 -0.423537 0.576706 -1.793500 0.000000 0.000000 0.000000 1.000000
0.611291 0.779116 -0.138930 12.319100 -0.342106 0.418442 0.841350 -1.113000 0.713644 -0.466781 0.522330 -1.793500 0.000000 0.000000 0.000000 1.000000
0.657818 0.725580 -0.202013 12.319100 -0.262271 0.472100 0.841627 -1.113000 0.706038 -0.500655 0.500854 -1.793500 0.000000 0.000000 0.000000 1.000000</float_array><technique_common><accessor source="#swat_LeftArm-Matrix-animation-output-transform-array" count="16" stride="16"><param type="float4x4"/></accessor></technique_common></source><source id="swat_LeftArm-Interpolations"><Name_array id="swat_LeftArm-Interpolations-array" count="16">
 LINEAR LINEAR LINEAR LINEAR LINEAR LINEAR LINEAR LINEAR LINEAR LINEAR LINEAR
LINEAR LINEAR LINEAR LINEAR LINEAR</Name_array><technique_common><accessor source="#swat_LeftArm-Interpolations-array" count="16"><param type="name"/></accessor></technique_common></source><sampler id="swat_LeftArm-Matrix-animation-transform"><input semantic="INPUT" source="#swat_LeftArm-Matrix-animation-input"/><input semantic="OUTPUT" source="#swat_LeftArm-Matrix-animation-output-transform"/><input semantic="INTERPOLATION" source="#swat_LeftArm-Interpolations"/></sampler><channel source="#swat_LeftArm-Matrix-animation-transform" target="swat_LeftArm/matrix"/></animation>
    <animation id="swat_LeftForeArm-anim" name="swat_LeftForeArm"><source id="swat_LeftForeArm-Matrix-animation-input"><float_array id="swat_LeftForeArm-Matrix-animation-input-array" count="16">

0.000000 0.033333 0.066667 0.100000 0.133333 0.166667 0.200000 0.233333 0.266667 0.300000 0.333333 0.366667 0.400000 0.433333 0.466667 0.500000</float_array><technique_common><accessor source="#swat_LeftForeArm-Matrix-animation-input-array" count="16"><param name="TIME" type="float"/></accessor></technique_common></source><source id="swat_LeftForeArm-Matrix-animation-output-transform"><float_array id="swat_LeftForeArm-Matrix-animation-output-transform-array" count="256">

0.127898 0.950540 0.283049 27.687000 -0.068351 -0.276266 0.958648 0.000000 0.989429 -0.141955 0.029636 0.000000 0.000000 0.000000 0.000000 1.000000
0.177347 0.932386 0.314968 27.687000 -0.063307 -0.308570 0.949092 0.000000 0.982110 -0.188258 0.004302 0.000000 0.000000 0.000000 0.000000 1.000000
0.129934 0.940040 0.315344 27.687000 -0.062253 -0.309678 0.948801 0.000000 0.989566 -0.142913 0.018283 0.000000 0.000000 0.000000 0.000000 1.000000
0.083142 0.947031 0.310194 27.687000 -0.067752 -0.305180 0.949882 0.000000 0.994232 -0.099991 0.038790 0.000000 0.000000 0.000000 0.000000 1.000000
-0.040590 0.943141 0.329906 27.687000 -0.070307 -0.332056 0.940636 0.000000 0.996699 0.014986 0.079787 0.000000 0.000000 0.000000 0.000000 1.000000
-0.094323 0.935876 0.339469 27.687000 -0.070096 -0.346386 0.935470 0.000000 0.993071 0.064441 0.098273 0.000000 0.000000 0.000000 0.000000 1.000000
-0.109310 0.935486 0.336030 27.687000 -0.070564 -0.344506 0.936128 -0.000000 0.991500 0.078617 0.103670 0.000000 0.000000 0.000000 0.000000 1.000000
-0.120574 0.931580 0.342958 27.687000 -0.068859 -0.352495 0.933277 0.000000 0.990313 0.088913 0.106649 0.000000 0.000000 0.000000 0.000000 1.000000
-0.145327 0.916970 0.371546 27.687000 -0.063987 -0.383458 0.921339 0.000000 0.987312 0.110121 0.114401 0.000000 0.000000 0.000000 0.000000 1.000000
-0.155396 0.912387 0.378684 27.687000 -0.065011 -0.391955 0.917685 0.000000 0.985711 0.117986 0.120224 -0.000000 0.000000 0.000000 0.000000 1.000000
-0.131826 0.915206 0.380814 27.687000 -0.067961 -0.391607 0.917619 0.000000 0.988940 0.095086 0.113822 0.000000 0.000000 0.000000 0.000000 1.000000
-0.069216 0.922274 0.380288 27.687000 -0.071150 -0.384795 0.920255 0.000000 0.995061 0.036639 0.092254 -0.000000 0.000000 0.000000 0.000000 1.000000
0.016588 0.927295 0.373965 27.687000 -0.072727 -0.371907 0.925417 0.000000 0.997214 -0.042549 0.061270 0.000000 0.000000 0.000000 0.000000 1.000000
0.118946 0.931969 0.342470 27.687000 -0.072463 -0.335851 0.939124 -0.000000 0.990253 -0.136521 0.027585 0.000000 0.000000 0.000000 0.000000 1.000000
0.175714 0.934349 0.310026 27.687000 -0.069435 -0.302379 0.950655 0.000000 0.981989 -0.188570 0.011744 -0.000000 0.000000 0.000000 0.000000 1.000000
0.127831 0.950549 0.283047 27.687000 -0.068352 -0.276267 0.958647 0.000000 0.989438 -0.141891 0.029657 0.000000 0.000000 0.000000 0.000000 1.000000</float_array><technique_common><accessor source="#swat_LeftForeArm-Matrix-animation-output-transform-array" count="16" stride="16"><param type="float4x4"/></accessor></technique_common></source><source id="swat_LeftForeArm-Interpolations"><Name_array id="swat_LeftForeArm-Interpolations-array" count="16">
 LINEAR LINEAR LINEAR LINEAR LINEAR LINEAR LINEAR LINEAR LINEAR LINEAR LINEAR
