<?xml version="1.0" encoding="utf-8"?>
<COLLADA xmlns="http://www.collada.org/2005/11/COLLADASchema" version="1.4.1">
  <asset><contributor><author>Mixamo</author><authoring_tool>COLLADA Mixamo exporter</authoring_tool><comments></comments></contributor><created>2020-08-16T14:09:21Z</created><modified>2020-08-16T14:09:21Z</modified><revision></revision><title></title><unit meter="0.010000"/><up_axis>Y_UP</up_axis></asset>
  <library_animations>
    <animation id="swat_Hips-anim" name="swat_Hips"><source id="swat_Hips-Matrix-animation-input"><float_array id="swat_Hips-Matrix-animation-input-array" count="16">

0.000000 0.033333 0.066667 0.100000 0.133333 0.166667 0.200000 0.233333 0.266667 0.300000 0.333333 0.366667 0.400000 0.433333 0.466667 0.500000</float_array><technique_common><accessor source="#swat_Hips-Matrix-animation-input-array" count="16"><param name="TIME" type="float"/></accessor></technique_common></source><source id="swat_Hips-Matrix-animation-output-transform"><float_array id="swat_Hips-Matrix-animation-output-transform-array" count="256">

0.308469 -0.084937 -0.947435 -0.015566 0.118375 0.991691 -0.050363 83.801018 0.943840 -0.096617 0.315960 0.161107 0.000000 0.000000 0.000000 1.000000
0.367956 -0.138268 -0.919506 -1.621074 0.172520 0.981864 -0.078608 87.646820 0.913699 -0.129708 0.385137 -1.690287 0.000000 0.000000 0.000000 1.000000
0.420293 -0.187295 -0.887848 -1.963110 0.202525 0.973145 -0.109416 89.615242 0.884499 -0.133824 0.446938 -3.143321 0.000000 0.000000 0.000000 1.000000
0.442725 -0.208947 -0.871972 -0.888310 0.186342 0.972678 -0.138468 90.312080 0.877081 -0.101182 0.469565 -3.678927 0.000000 0.000000 0.000000 1.000000
0.452201 -0.156233 -0.878126 -1.067863 0.122405 0.986094 -0.112409 89.480148 0.883477 -0.056656 0.465037 -3.643214 0.000000 0.000000 0.000000 1.000000
0.473022 -0.102964 -0.875013 -1.251693 0.090011 0.993599 -0.068260 86.012741 0.876441 -0.046473 0.479262 -3.485829 0.000000 0.000000 0.000000 1.000000
0.508469 -0.054424 -0.859359 0.432368 0.092603 0.995669 -0.008265 83.630730 0.856087 -0.075377 0.511306 -3.082875 0.000000 0.000000 0.000000 1.000000
0.504048 -0.061796 -0.861462 1.349936 0.057236 0.997634 -0.038075 83.821579 0.861777 -0.030115 0.506392 -2.863386 0.000000 0.000000 0.000000 1.000000
0.466305 -0.113873 -0.877264 1.232978 0.001814 0.991801 -0.127777 86.657730 0.884622 0.057992 0.462688 -2.228544 0.000000 0.000000 0.000000 1.000000
0.392989 -0.156742 -0.906086 0.112287 0.008201 0.985923 -0.166996 88.865746 0.919507 0.058197 0.388742 -0.941924 0.000000 0.000000 0.000000 1.000000
0.303485 -0.181211 -0.935446 0.072373 0.040362 0.983313 -0.177389 90.007065 0.951981 0.016079 0.305735 0.573902 0.000000 0.000000 0.000000 1.000000
0.263761 -0.160095 -0.951210 0.522169 0.036848 0.987083 -0.155915 89.788612 0.963884 0.006074 0.266253 1.487446 0.000000 0.000000 0.000000 1.000000
0.252523 -0.116481 -0.960554 -0.459535 0.026738 0.993189 -0.113409 87.959557 0.967221 0.002955 0.253917 2.028217 0.000000 0.000000 0.000000 1.000000
0.254857 -0.087552 -0.963007 -0.303050 0.037845 0.996033 -0.080539 84.390862 0.966238 -0.015919 0.257159 2.061772 0.000000 0.000000 0.000000 1.000000
0.269526 -0.072759 -0.960241 0.852119 0.067323 0.996126 -0.056581 82.676033 0.960637 -0.049397 0.273380 1.512876 0.000000 0.000000 0.000000 1.000000
0.308471 -0.084920 -0.947436 -0.016281 0.118320 0.991698 -0.050364 83.803604 0.943846 -0.096564 0.315958 0.161008 0.000000 0.000000 0.000000 1.000000</float_array><technique_common><accessor source="#swat_Hips-Matrix-animation-output-transform-array" count="16" stride="16"><param type="float4x4"/></accessor></technique_common></source><source id="swat_Hips-Interpolations"><Name_array id="swat_Hips-Interpolations-array" count="16">
 LINEAR LINEAR LINEAR LINEAR LINEAR LINEAR LINEAR LINEAR LINEAR LINEAR LINEAR
LINEAR LINEAR LINEAR LINEAR LINEAR</Name_array><technique_common><accessor source="#swat_Hips-Interpolations-array" count="16"><param type="name"/></accessor></technique_common></source><sampler id="swat_Hips-Matrix-animation-transform"><input semantic="INPUT" source="#swat_Hips-Matrix-animation-input"/><input semantic="OUTPUT" source="#swat_Hips-Matrix-animation-output-transform"/><input semantic="INTERPOLATION" source="#swat_Hips-Interpolations"/></sampler><channel source="#swat_Hips-Matrix-animation-transform" target="swat_Hips/matrix"/></animation>
    <animation id="swat_Spine-anim" name="swat_Spine"><source id="swat_Spine-Matrix-animation-input"><float_array id="swat_Spine-Matrix-animation-input-array" count="16">

0.000000 0.033333 0.066667 0.100000 0.133333 0.166667 0.200000 0.233333 0.266667 0.300000 0.333333 0.366667 0.400000 0.433333 0.466667 0.500000</float_array><technique_common><accessor source="#swat_Spine-Matrix-animation-input-array" count="16"><param name="TIME" type="float"/></accessor></technique_common></source><source id="swat_Spine-Matrix-animation-output-transform"><float_array id="swat_Spine-Matrix-animation-output-transform-array" count="256">

0.998771 0.033570 0.036452 0.000000 -0.026730 0.984358 -0.174139 9.226300 -0.041728 0.172951 0.984046 1.577100 0.000000 0.000000 0.000000 1.000000
0.997741 0.055809 0.037397 0.000000 -0.048267 0.982703 -0.178789 9.226300 -0.046728 0.176580 0.983177 1.577100 0.000000 0.000000 0.000000 1.000000
0.997100 0.065836 0.038183 0.000000 -0.058011 0.982200 -0.178658 9.226300 -0.049265 0.175925 0.983170 1.577100 0.000000 0.000000 0.000000 1.000000
0.998994 0.015987 0.041907 0.000000 -0.009675 0.989134 -0.146699 9.226300 -0.043797 0.146146 0.988293 1.577100 0.000000 0.000000 0.000000 1.000000
0.998585 -0.031451 0.042886 0.000000 0.036783 0.990857 -0.129809 9.226300 -0.038411 0.131203 0.990611 1.577100 0.000000 0.000000 0.000000 1.000000
0.998979 -0.025561 0.037239 0.000000 0.030948 0.987876 -0.152130 9.226300 -0.032899 0.153127 0.987659 1.577100 0.000000 0.000000 0.000000 1.000000
0.999559 0.018447 0.023286 -0.000000 -0.013354 0.979197 -0.202471 9.226300 -0.026537 0.202070 0.979011 1.577100 0.000000 0.000000 0.000000 1.000000
0.999954 -0.007810 0.005588 -0.000000 0.008676 0.984157 -0.177085 9.226300 -0.004117 0.177125 0.984180 1.577100 0.000000 0.000000 0.000000 1.000000
0.995595 -0.093349 -0.008700 0.000000 0.092096 0.991150 -0.095606 9.226300 0.017548 0.094384 0.995381 1.577100 0.000000 0.000000 0.000000 1.000000
0.995982 -0.089194 -0.008065 0.000000 0.088080 0.991856 -0.091993 9.226300 0.016204 0.090913 0.995727 1.577100 0.000000 0.000000 0.000000 1.000000
0.999936 -0.011214 0.001772 0.000000 0.011345 0.992915 -0.118287 9.226300 -0.000433 0.118299 0.992978 1.577100 0.000000 0.000000 0.000000 1.000000
0.999854 0.011644 0.012488 0.000000 -0.009757 0.989854 -0.141749 9.226300 -0.014011 0.141607 0.989824 1.577100 0.000000 0.000000 0.000000 1.000000
0.999787 0.003208 0.020380 0.000000 0.000052 0.987445 -0.157965 9.226300 -0.020631 0.157932 0.987234 1.577100 0.000000 0.000000 0.000000 1.000000
0.999632 0.002850 0.026966 0.000000 0.001619 0.986412 -0.164282 9.226300 -0.027068 0.164265 0.986045 1.577100 0.000000 0.000000 0.000000 1.000000
0.999360 0.012779 0.033409 0.000000 -0.006974 0.985694 -0.168402 9.226300 -0.035083 0.168062 0.985152 1.577100 0.000000 0.000000 0.000000 1.000000
0.998773 0.033548 0.036433 0.000000 -0.026706 0.984338 -0.174257 9.226300 -0.041708 0.173070 0.984026 1.577100 0.000000 0.000000 0.000000 1.000000</float_array><technique_common><accessor source="#swat_Spine-Matrix-animation-output-transform-array" count="16" stride="16"><param type="float4x4"/></accessor></technique_common></source><source id="swat_Spine-Interpolations"><Name_array id="swat_Spine-Interpolations-array" count="16">
 LINEAR LINEAR LINEAR LINEAR LINEAR LINEAR LINEAR LINEAR LINEAR LINEAR LINEAR
LINEAR LINEAR LINEAR LINEAR LINEAR</Name_array><technique_common><accessor source="#swat_Spine-Interpolations-array" count="16"><param type="name"/></accessor></technique_common></source><sampler id="swat_Spine-Matrix-animation-transform"><input semantic="INPUT" source="#swat_Spine-Matrix-animation-input"/><input semantic="OUTPUT" source="#swat_Spine-Matrix-animation-output-transform"/><input semantic="INTERPOLATION" source="#swat_Spine-Interpolations"/></sampler><channel source="#swat_Spine-Matrix-animation-transform" target="swat_Spine/matrix"/></animation>
    <animation id="swat_Spine1-anim" name="swat_Spine1"><source id="swat_Spine1-Matrix-animation-input"><float_array id="swat_Spine1-Matrix-animation-input-array" count="16">

0.000000 0.033333 0.066667 0.100000 0.133333 0.166667 0.200000 0.233333 0.266667 0.300000 0.333333 0.366667 0.400000 0.433333 0.466667 0.500000</float_array><technique_common><accessor source="#swat_Spine1-Matrix-animation-input-array" count="16"><param name="TIME" type="float"/></accessor></technique_common></source><source id="swat_Spine1-Matrix-animation-output-transform"><float_array id="swat_Spine1-Matrix-animation-output-transform-array" count="256">

0.996331 0.044714 0.072975 0.000000 -0.031789 0.985013 -0.169523 16.254000 -0.079461 0.166582 0.982821 -0.165600 0.000000 0.000000 0.000000 1.000000
0.993647 0.080268 0.078889 0.000000 -0.066445 0.984146 -0.164441 16.254000 -0.090837 0.158155 0.983227 -0.165600 0.000000 0.000000 0.000000 1.000000
0.991109 0.100267 0.087456 -0.000000 -0.085769 0.984001 -0.156158 16.254000 -0.101715 0.147269 0.983853 -0.165600 0.000000 0.000000 0.000000 1.000000
0.987353 0.131664 0.088313 -0.000000 -0.115347 0.978741 -0.169593 16.254000 -0.108765 0.157262 0.981549 -0.165600 0.000000 0.000000 0.000000 1.000000
0.989203 0.121171 0.082437 0.000000 -0.104389 0.977371 -0.183980 16.254000 -0.102864 0.173388 0.979467 -0.165600 0.000000 0.000000 0.000000 1.000000
0.994179 0.080819 0.071248 0.000000 -0.065991 0.979511 -0.190273 16.254000 -0.085166 0.184464 0.979142 -0.165600 0.000000 0.000000 0.000000 1.000000
0.998321 0.027941 0.050745 0.000000 -0.017542 0.980674 -0.194862 16.254000 -0.055209 0.193644 0.979517 -0.165600 0.000000 0.000000 0.000000 1.000000
0.999665 0.020746 0.015490 0.000000 -0.017621 0.983506 -0.180014 16.254000 -0.018969 0.179680 0.983542 -0.165600 0.000000 0.000000 0.000000 1.000000
0.998118 0.058383 -0.018741 -0.000000 -0.060557 0.986541 -0.151887 16.254000 0.009621 0.152736 0.988220 -0.165600 0.000000 0.000000 0.000000 1.000000
0.997761 0.064468 -0.017772 0.000000 -0.066324 0.987964 -0.139741 16.254000 0.008549 0.140607 0.990029 -0.165600 0.000000 0.000000 0.000000 1.000000
0.999409 0.033774 0.006352 0.000000 -0.032746 0.991970 -0.122158 16.254000 -0.010427 0.121878 0.992490 -0.165600 0.000000 0.000000 0.000000 1.000000
0.999441 0.015437 0.029643 0.000000 -0.011239 0.990518 -0.136922 16.254000 -0.031475 0.136512 0.990138 -0.165600 0.000000 0.000000 0.000000 1.000000
0.998888 0.002814 0.047058 0.000000 0.004788 0.987000 -0.160649 16.254000 -0.046899 0.160696 0.985889 -0.165600 0.000000 0.000000 0.000000 1.000000
0.998244 -0.001407 0.059217 0.000000 0.011267 0.985977 -0.166501 16.254000 -0.058152 0.166876 0.984262 -0.165600 0.000000 0.000000 0.000000 1.000000
0.997676 0.014916 0.066483 0.000000 -0.003476 0.985616 -0.168963 16.254000 -0.068047 0.168339 0.983378 -0.165600 0.000000 0.000000 0.000000 1.000000
0.996336 0.044689 0.072927 0.000000 -0.031786 0.985042 -0.169358 16.254000 -0.079405 0.166419 0.982853 -0.165600 0.000000 0.000000 0.000000 1.000000</float_array><technique_common><accessor source="#swat_Spine1-Matrix-animation-output-transform-array" count="16" stride="16"><param type="float4x4"/></accessor></technique_common></source><source id="swat_Spine1-Interpolations"><Name_array id="swat_Spine1-Interpolations-array" count="16">
 LINEAR LINEAR LINEAR LINEAR LINEAR LINEAR LINEAR LINEAR LINEAR LINEAR LINEAR
LINEAR LINEAR LINEAR LINEAR LINEAR</Name_array><technique_common><accessor source="#swat_Spine1-Interpolations-array" count="16"><param type="name"/></accessor></technique_common></source><sampler id="swat_Spine1-Matrix-animation-transform"><input semantic="INPUT" source="#swat_Spine1-Matrix-animation-input"/><input semantic="OUTPUT" source="#swat_Spine1-Matrix-animation-output-transform"/><input semantic="INTERPOLATION" source="#swat_Spine1-Interpolations"/></sampler><channel source="#swat_Spine1-Matrix-animation-transform" target="swat_Spine1/matrix"/></animation>
    <animation id="swat_Spine2-anim" name="swat_Spine2"><source id="swat_Spine2-Matrix-animation-input"><float_array id="swat_Spine2-Matrix-animation-input-array" count="16">

0.000000 0.033333 0.066667 0.100000 0.133333 0.166667 0.200000 0.233333 0.266667 0.300000 0.333333 0.366667 0.400000 0.433333 0.466667 0.500000</float_array><technique_common><accessor source="#swat_Spine2-Matrix-animation-input-array" count="16"><param name="TIME" type="float"/></accessor></technique_common></source><source id="swat_Spine2-Matrix-animation-output-transform"><float_array id="swat_Spine2-Matrix-animation-output-transform-array" count="256">

0.996465 0.034892 0.076416 0.000000 -0.021406 0.985096 -0.170667 13.639600 -0.081232 0.168428 0.982361 -1.292300 0.000000 0.000000 0.000000 1.000000
0.994261 0.066792 0.083564 -0.000000 -0.052226 0.984787 -0.165730 13.639600 -0.093363 0.160415 0.982624 -1.292300 0.000000 0.000000 0.000000 1.000000
0.991811 0.090829 0.089787 -0.000000 -0.075865 0.984531 -0.157931 13.639600 -0.102743 0.149826 0.983360 -1.292300 0.000000 0.000000 0.000000 1.000000
0.988372 0.124713 0.086993 -0.000000 -0.108162 0.978745 -0.174238 13.639600 -0.106874 0.162803 0.980853 -1.292300 0.000000 0.000000 0.000000 1.000000
0.990502 0.113116 0.078165 0.000000 -0.096575 0.977008 -0.190074 13.639600 -0.097868 0.180719 0.978653 -1.292300 0.000000 0.000000 0.000000 1.000000
0.994976 0.074150 0.067268 -0.000000 -0.059817 0.979079 -0.194490 13.639600 -0.080282 0.189489 0.978595 -1.292300 0.000000 0.000000 0.000000 1.000000
0.998376 0.023845 0.051743 -0.000000 -0.013289 0.980615 -0.195493 13.639600 -0.055401 0.194488 0.979339 -1.292300 0.000000 0.000000 0.000000 1.000000
0.999749 0.016197 0.015483 0.000000 -0.013143 0.983532 -0.180258 13.639600 -0.018148 0.180009 0.983498 -1.292300 0.000000 0.000000 0.000000 1.000000
0.998217 0.054768 -0.023732 0.000000 -0.057741 0.986780 -0.151428 13.639600 0.015125 0.152529 0.988183 -1.292300 0.000000 0.000000 0.000000 1.000000
0.997709 0.064381 -0.020772 0.000000 -0.066658 0.987965 -0.139576 13.639600 0.011535 0.140641 0.989994 -1.292300 0.000000 0.000000 0.000000 1.000000
0.999407 0.033640 0.007387 -0.000000 -0.032481 0.991905 -0.122757 13.639600 -0.011457 0.122444 0.992409 -1.292300 0.000000 0.000000 0.000000 1.000000
0.999447 0.012067 0.030989 0.000000 -0.007715 0.990555 -0.136902 13.639600 -0.032349 0.136587 0.990100 -1.292300 0.000000 0.000000 0.000000 1.000000
0.998870 -0.002008 0.047476 0.000000 0.009593 0.987057 -0.160085 13.639600 -0.046540 0.160360 0.985961 -1.292300 0.000000 0.000000 0.000000 1.000000
0.998204 -0.006973 0.059499 -0.000000 0.016795 0.985945 -0.166222 13.639600 -0.057504 0.166923 0.984292 -1.292300 0.000000 0.000000 0.000000 1.000000
0.997636 0.008704 0.068162 0.000000 0.002990 0.985507 -0.169606 13.639600 -0.068650 0.169409 0.983152 -1.292300 0.000000 0.000000 0.000000 1.000000
0.996470 0.034878 0.076364 0.000000 -0.021415 0.985124 -0.170505 13.639600 -0.081175 0.168267 0.982393 -1.292300 0.000000 0.000000 0.000000 1.000000</float_array><technique_common><accessor source="#swat_Spine2-Matrix-animation-output-transform-array" count="16" stride="16"><param type="float4x4"/></accessor></technique_common></source><source id="swat_Spine2-Interpolations"><Name_array id="swat_Spine2-Interpolations-array" count="16">
 LINEAR LINEAR LINEAR LINEAR LINEAR LINEAR LINEAR LINEAR LINEAR LINEAR LINEAR
LINEAR LINEAR LINEAR LINEAR LINEAR</Name_array><technique_common><accessor source="#swat_Spine2-Interpolations-array" count="16"><param type="name"/></accessor></technique_common></source><sampler id="swat_Spine2-Matrix-animation-transform"><input semantic="INPUT" source="#swat_Spine2-Matrix-animation-input"/><input semantic="OUTPUT" source="#swat_Spine2-Matrix-animation-output-transform"/><input semantic="INTERPOLATION" source="#swat_Spine2-Interpolations"/></sampler><channel source="#swat_Spine2-Matrix-animation-transform" target="swat_Spine2/matrix"/></animation>
    <animation id="swat_Neck-anim" name="swat_Neck"><source id="swat_Neck-Matrix-animation-input"><float_array id="swat_Neck-Matrix-animation-input-array" count="16">

0.000000 0.033333 0.066667 0.100000 0.133333 0.166667 0.200000 0.233333 0.266667 0.300000 0.333333 0.366667 0.400000 0.433333 0.466667 0.500000</float_array><technique_common><accessor source="#swat_Neck-Matrix-animation-input-array" count="16"><param name="TIME" type="float"/></accessor></technique_common></source><source id="swat_Neck-Matrix-animation-output-transform"><float_array id="swat_Neck-Matrix-animation-output-transform-array" count="256">

0.997851 0.014596 0.063873 0.000000 -0.017549 0.998791 0.045909 13.877400 -0.063126 -0.046932 0.996901 -4.354200 0.000000 0.000000 0.000000 1.000000
0.997924 0.022819 0.060226 -0.000000 -0.025608 0.998615 0.045958 13.877400 -0.059094 -0.047405 0.997126 -4.354200 0.000000 0.000000 0.000000 1.000000
0.997839 0.031602 0.057603 0.000000 -0.034114 0.998485 0.043167 13.877400 -0.056152 -0.045039 0.997406 -4.354200 0.000000 0.000000 0.000000 1.000000
0.997766 0.035289 0.056732 0.000000 -0.037486 0.998569 0.038133 13.877400 -0.055305 -0.040175 0.997661 -4.354200 0.000000 0.000000 0.000000 1.000000
0.997837 0.031093 0.057927 0.000000 -0.033038 0.998911 0.032941 13.877400 -0.056839 -0.034784 0.997777 -4.354200 0.000000 0.000000 0.000000 1.000000
0.998088 0.023401 0.057210 0.000000 -0.025172 0.999220 0.030439 13.877400 -0.056453 -0.031821 0.997898 -4.354200 0.000000 0.000000 0.000000 1.000000
0.998446 0.016915 0.053102 0.000000 -0.018668 0.999291 0.032697 13.877400 -0.052512 -0.033638 0.998054 -4.354200 0.000000 0.000000 0.000000 1.000000
0.998335 0.014310 0.055875 0.000000 -0.016213 0.999299 0.033749 13.877400 -0.055353 -0.034599 0.997867 -4.354200 0.000000 0.000000 0.000000 1.000000
0.997927 0.017324 0.061977 0.000000 -0.019268 0.999336 0.030918 13.877400 -0.061400 -0.032048 0.997599 -4.354200 0.000000 0.000000 0.000000 1.000000
0.997265 0.024945 0.069579 0.000000 -0.026803 0.999305 0.025897 13.877400 -0.068884 -0.027691 0.997240 -4.354200 0.000000 0.000000 0.000000 1.000000
0.996451 0.034835 0.076633 0.000000 -0.036488 0.999128 0.020282 13.877400 -0.075860 -0.023006 0.996853 -4.354200 0.000000 0.000000 0.000000 1.000000
0.996075 0.038519 0.079695 0.000000 -0.040027 0.999047 0.017418 13.877400 -0.078948 -0.020539 0.996667 -4.354200 0.000000 0.000000 0.000000 1.000000
0.996260 0.038463 0.077375 0.000000 -0.039906 0.999055 0.017197 13.877400 -0.076640 -0.020220 0.996854 -4.354200 0.000000 0.000000 0.000000 1.000000
0.996691 0.034545 0.073575 0.000000 -0.036422 0.999040 0.024332 13.877400 -0.072664 -0.026931 0.996993 -4.354200 0.000000 0.000000 0.000000 1.000000
0.997456 0.019866 0.068458 0.000000 -0.022560 0.998992 0.038819 13.877400 -0.067618 -0.040265 0.996898 -4.354200 0.000000 0.000000 0.000000 1.000000
0.997851 0.014592 0.063874 0.000000 -0.017544 0.998792 0.045900 13.877400 -0.063127 -0.046922 0.996902 -4.354200 0.000000 0.000000 0.000000 1.000000</float_array><technique_common><accessor source="#swat_Neck-Matrix-animation-output-transform-array" count="16" stride="16"><param type="float4x4"/></accessor></technique_common></source><source id="swat_Neck-Interpolations"><Name_array id="swat_Neck-Interpolations-array" count="16">
 LINEAR LINEAR LINEAR LINEAR LINEAR LINEAR LINEAR LINEAR LINEAR LINEAR LINEAR
LINEAR LINEAR LINEAR LINEAR LINEAR</Name_array><technique_common><accessor source="#swat_Neck-Interpolations-array" count="16"><param type="name"/></accessor></technique_common></source><sampler id="swat_Neck-Matrix-animation-transform"><input semantic="INPUT" source="#swat_Neck-Matrix-animation-input"/><input semantic="OUTPUT" source="#swat_Neck-Matrix-animation-output-transform"/><input semantic="INTERPOLATION" source="#swat_Neck-Interpolations"/></sampler><channel source="#swat_Neck-Matrix-animation-transform" target="swat_Neck/matrix"/></animation>
    <animation id="swat_Neck1-anim" name="swat_Neck1"><source id="swat_Neck1-Matrix-animation-input"><float_array id="swat_Neck1-Matrix-animation-input-array" count="16">

0.000000 0.033333 0.066667 0.100000 0.133333 0.166667 0.200000 0.233333 0.266667 0.300000 0.333333 0.366667 0.400000 0.433333 0.466667 0.500000</float_array><technique_common><accessor source="#swat_Neck1-Matrix-animation-input-array" count="16"><param name="TIME" type="float"/></accessor></technique_common></source><source id="swat_Neck1-Matrix-animation-output-transform"><float_array id="swat_Neck1-Matrix-animation-output-transform-array" count="256">

0.997851 0.014596 0.063873 -0.000000 -0.017549 0.998791 0.045909 4.340000 -0.063125 -0.046932 0.996902 0.926900 0.000000 0.000000 0.000000 1.000000
0.997924 0.022819 0.060226 -0.000000 -0.025609 0.998615 0.045959 4.340000 -0.059094 -0.047405 0.997126 0.926900 0.000000 0.000000 0.000000 1.000000
0.997839 0.031602 0.057603 0.000000 -0.034114 0.998485 0.043168 4.340000 -0.056152 -0.045040 0.997406 0.926900 0.000000 0.000000 0.000000 1.000000
0.997766 0.035289 0.056733 -0.000000 -0.037486 0.998569 0.038134 4.340000 -0.055306 -0.040175 0.997661 0.926900 0.000000 0.000000 0.000000 1.000000
0.997837 0.031093 0.057927 -0.000000 -0.033039 0.998911 0.032941 4.340000 -0.056840 -0.034784 0.997777 0.926900 0.000000 0.000000 0.000000 1.000000
0.998088 0.023401 0.057210 0.000000 -0.025172 0.999220 0.030439 4.340000 -0.056453 -0.031821 0.997898 0.926900 0.000000 0.000000 0.000000 1.000000
0.998446 0.016916 0.053103 -0.000000 -0.018669 0.999291 0.032698 4.340000 -0.052512 -0.033638 0.998054 0.926900 0.000000 0.000000 0.000000 1.000000
0.998335 0.014310 0.055875 -0.000000 -0.016212 0.999299 0.033749 4.340000 -0.055353 -0.034599 0.997867 0.926900 0.000000 0.000000 0.000000 1.000000
0.997927 0.017323 0.061977 0.000000 -0.019268 0.999336 0.030920 4.340000 -0.061400 -0.032050 0.997599 0.926900 0.000000 0.000000 0.000000 1.000000
0.997265 0.024945 0.069578 -0.000000 -0.026803 0.999305 0.025897 4.340000 -0.068884 -0.027691 0.997240 0.926900 0.000000 0.000000 0.000000 1.000000
0.996451 0.034835 0.076634 -0.000000 -0.036489 0.999128 0.020280 4.340000 -0.075860 -0.023005 0.996853 0.926900 0.000000 0.000000 0.000000 1.000000
0.996075 0.038519 0.079695 0.000000 -0.040028 0.999047 0.017418 4.340000 -0.078948 -0.020540 0.996667 0.926900 0.000000 0.000000 0.000000 1.000000
0.996260 0.038463 0.077375 0.000000 -0.039906 0.999055 0.017194 4.340000 -0.076640 -0.020218 0.996854 0.926900 0.000000 0.000000 0.000000 1.000000
0.996691 0.034545 0.073576 0.000000 -0.036423 0.999040 0.024332 4.340000 -0.072665 -0.026931 0.996993 0.926900 0.000000 0.000000 0.000000 1.000000
0.997456 0.019865 0.068458 0.000000 -0.022560 0.998992 0.038817 4.340000 -0.067618 -0.040263 0.996899 0.926900 0.000000 0.000000 0.000000 1.000000
0.997851 0.014592 0.063874 0.000000 -0.017544 0.998792 0.045900 4.340000 -0.063127 -0.046922 0.996902 0.926900 0.000000 0.000000 0.000000 1.000000</float_array><technique_common><accessor source="#swat_Neck1-Matrix-animation-output-transform-array" count="16" stride="16"><param type="float4x4"/></accessor></technique_common></source><source id="swat_Neck1-Interpolations"><Name_array id="swat_Neck1-Interpolations-array" count="16">
 LINEAR LINEAR LINEAR LINEAR LINEAR LINEAR LINEAR LINEAR LINEAR LINEAR LINEAR
LINEAR LINEAR LINEAR LINEAR LINEAR</Name_array><technique_common><accessor source="#swat_Neck1-Interpolations-array" count="16"><param type="name"/></accessor></technique_common></source><sampler id="swat_Neck1-Matrix-animation-transform"><input semantic="INPUT" source="#swat_Neck1-Matrix-animation-input"/><input semantic="OUTPUT" source="#swat_Neck1-Matrix-animation-output-transform"/><input semantic="INTERPOLATION" source="#swat_Neck1-Interpolations"/></sampler><channel source="#swat_Neck1-Matrix-animation-transform" target="swat_Neck1/matrix"/></animation>
    <animation id="swat_Head-anim" name="swat_Head"><source id="swat_Head-Matrix-animation-input"><float_array id="swat_Head-Matrix-animation-input-array" count="16">

0.000000 0.033333 0.066667 0.100000 0.133333 0.166667 0.200000 0.233333 0.266667 0.300000 0.333333 0.366667 0.400000 0.433333 0.466667 0.500000</float_array><technique_common><accessor source="#swat_Head-Matrix-animation-input-array" count="16"><param name="TIME" type="float"/></accessor></technique_common></source><source id="swat_Head-Matrix-animation-output-transform"><float_array id="swat_Head-Matrix-animation-output-transform-array" count="256">

0.997851 0.014596 0.063873 -0.000000 -0.017548 0.998791 0.045909 4.026600 -0.063126 -0.046932 0.996901 0.858500 0.000000 0.000000 0.000000 1.000000
0.997924 0.022819 0.060226 0.000000 -0.025608 0.998615 0.045958 4.026600 -0.059094 -0.047405 0.997126 0.858500 0.000000 0.000000 0.000000 1.000000
0.997839 0.031601 0.057603 -0.000000 -0.034114 0.998485 0.043167 4.026600 -0.056152 -0.045039 0.997406 0.858500 0.000000 0.000000 0.000000 1.000000
0.997766 0.035289 0.056732 -0.000000 -0.037486 0.998569 0.038133 4.026600 -0.055306 -0.040174 0.997661 0.858500 0.000000 0.000000 0.000000 1.000000
0.997837 0.031092 0.057927 0.000000 -0.033038 0.998911 0.032942 4.026600 -0.056840 -0.034784 0.997777 0.858500 0.000000 0.000000 0.000000 1.000000
0.998088 0.023400 0.057210 0.000000 -0.025172 0.999220 0.030438 4.026600 -0.056453 -0.031820 0.997898 0.858500 0.000000 0.000000 0.000000 1.000000
0.998446 0.016915 0.053102 0.000000 -0.018668 0.999291 0.032697 4.026600 -0.052512 -0.033637 0.998054 0.858500 0.000000 0.000000 0.000000 1.000000
0.998335 0.014310 0.055875 -0.000000 -0.016213 0.999299 0.033749 4.026600 -0.055353 -0.034599 0.997867 0.858500 0.000000 0.000000 0.000000 1.000000
0.997927 0.017324 0.061976 0.000000 -0.019268 0.999336 0.030915 4.026600 -0.061400 -0.032045 0.997599 0.858500 0.000000 0.000000 0.000000 1.000000
0.997265 0.024945 0.069579 0.000000 -0.026803 0.999305 0.025897 4.026600 -0.068884 -0.027691 0.997240 0.858500 0.000000 0.000000 0.000000 1.000000
0.996451 0.034834 0.076633 0.000000 -0.036488 0.999128 0.020283 4.026600 -0.075860 -0.023007 0.996853 0.858500 0.000000 0.000000 0.000000 1.000000
0.996075 0.038519 0.079695 -0.000000 -0.040027 0.999047 0.017418 4.026600 -0.078948 -0.020539 0.996667 0.858500 0.000000 0.000000 0.000000 1.000000
0.996260 0.038463 0.077375 -0.000000 -0.039907 0.999055 0.017200 4.026600 -0.076640 -0.020223 0.996854 0.858500 0.000000 0.000000 0.000000 1.000000
0.996691 0.034544 0.073575 0.000000 -0.036422 0.999040 0.024332 4.026600 -0.072664 -0.026931 0.996993 0.858500 0.000000 0.000000 0.000000 1.000000
0.997456 0.019866 0.068458 -0.000000 -0.022561 0.998991 0.038821 4.026600 -0.067618 -0.040267 0.996898 0.858500 0.000000 0.000000 0.000000 1.000000
0.997851 0.014592 0.063874 0.000000 -0.017544 0.998792 0.045900 4.026600 -0.063127 -0.046922 0.996902 0.858500 0.000000 0.000000 0.000000 1.000000</float_array><technique_common><accessor source="#swat_Head-Matrix-animation-output-transform-array" count="16" stride="16"><param type="float4x4"/></accessor></technique_common></source><source id="swat_Head-Interpolations"><Name_array id="swat_Head-Interpolations-array" count="16">
 LINEAR LINEAR LINEAR LINEAR LINEAR LINEAR LINEAR LINEAR LINEAR LINEAR LINEAR
LINEAR LINEAR LINEAR LINEAR LINEAR</Name_array><technique_common><accessor source="#swat_Head-Interpolations-array" count="16"><param type="name"/></accessor></technique_common></source><sampler id="swat_Head-Matrix-animation-transform"><input semantic="INPUT" source="#swat_Head-Matrix-animation-input"/><input semantic="OUTPUT" source="#swat_Head-Matrix-animation-output-transform"/><input semantic="INTERPOLATION" source="#swat_Head-Interpolations"/></sampler><channel source="#swat_Head-Matrix-animation-transform" target="swat_Head/matrix"/></animation>
    <animation id="swat_LeftShoulder-anim" name="swat_LeftShoulder"><source id="swat_LeftShoulder-Matrix-animation-input"><float_array id="swat_LeftShoulder-Matrix-animation-input-array" count="16">

0.000000 0.033333 0.066667 0.100000 0.133333 0.166667 0.200000 0.233333 0.266667 0.300000 0.333333 0.366667 0.400000 0.433333 0.466667 0.500000</float_array><technique_common><accessor source="#swat_LeftShoulder-Matrix-animation-input-array" count="16"><param name="TIME" type="float"/></accessor></technique_common></source><source id="swat_LeftShoulder-Matrix-animation-output-transform"><float_array id="swat_LeftShoulder-Matrix-animation-output-transform-array" count="256">

0.965740 -0.000226 -0.259510 6.144200 -0.023619 0.995773 -0.088762 10.187000 0.258433 0.091851 0.961653 -3.793200 0.000000 0.000000 0.000000 1.000000
0.967481 0.022702 -0.251921 6.144200 -0.044026 0.995876 -0.079332 10.187000 0.249081 0.087843 0.964491 -3.793200 0.000000 0.000000 0.000000 1.000000
0.969094 0.014058 -0.246290 6.144200 -0.036542 0.995542 -0.086959 10.187000 0.243970 0.093271 0.965287 -3.793200 0.000000 0.000000 0.000000 1.000000
0.969659 0.002600 -0.244446 6.144200 -0.026182 0.995297 -0.093268 10.187000 0.243054 0.096838 0.965167 -3.793200 0.000000 0.000000 0.000000 1.000000
0.962369 0.018646 -0.271105 6.144200 -0.045280 0.994699 -0.092322 10.187000 0.267946 0.101124 0.958112 -3.793200 0.000000 0.000000 0.000000 1.000000
0.949794 0.028083 -0.311612 6.144200 -0.058132 0.994461 -0.087564 10.187000 0.307427 0.101282 0.946166 -3.793200 0.000000 0.000000 0.000000 1.000000
0.940512 0.018693 -0.339247 6.144200 -0.053102 0.994302 -0.092430 10.187000 0.335586 0.104946 0.936145 -3.793200 0.000000 0.000000 0.000000 1.000000
0.939245 -0.001929 -0.343243 6.144200 -0.035054 0.994217 -0.101508 10.187000 0.341453 0.107373 0.933745 -3.793200 0.000000 0.000000 0.000000 1.000000
0.941541 -0.009277 -0.336771 6.144200 -0.026163 0.994589 -0.100544 10.187000 0.335881 0.103477 0.936203 -3.793200 0.000000 0.000000 0.000000 1.000000
0.942361 0.018504 -0.334087 6.144200 -0.056342 0.992988 -0.103927 10.187000 0.329821 0.116760 0.936795 -3.793200 0.000000 0.000000 0.000000 1.000000
0.936612 0.102905 -0.334916 6.144200 -0.141002 0.985778 -0.091436 10.187000 0.320743 0.132864 0.937801 -3.793200 0.000000 0.000000 0.000000 1.000000
0.930856 0.155633 -0.330585 6.144200 -0.191855 0.978181 -0.079712 10.187000 0.310966 0.137625 0.940404 -3.793200 0.000000 0.000000 0.000000 1.000000
0.937180 0.150281 -0.314817 6.144200 -0.180998 0.980950 -0.070544 10.187000 0.298218 0.123094 0.946527 -3.793200 0.000000 0.000000 0.000000 1.000000
0.949906 0.108523 -0.293089 6.144200 -0.133531 0.988801 -0.066650 10.187000 0.282574 0.102448 0.953759 -3.793200 0.000000 0.000000 0.000000 1.000000
0.962420 -0.008625 -0.271429 6.144200 -0.019329 0.994785 -0.100148 10.187000 0.270877 0.101631 0.957234 -3.793200 0.000000 0.000000 0.000000 1.000000
0.965740 -0.000226 -0.259510 6.144200 -0.023619 0.995773 -0.088762 10.187000 0.258433 0.091850 0.961653 -3.793200 0.000000 0.000000 0.000000 1.000000</float_array><technique_common><accessor source="#swat_LeftShoulder-Matrix-animation-output-transform-array" count="16" stride="16"><param type="float4x4"/></accessor></technique_common></source><source id="swat_LeftShoulder-Interpolations"><Name_array id="swat_LeftShoulder-Interpolations-array" count="16">
 LINEAR LINEAR LINEAR LINEAR LINEAR LINEAR LINEAR LINEAR LINEAR LINEAR LINEAR
LINEAR LINEAR LINEAR LINEAR LINEAR</Name_array><technique_common><accessor source="#swat_LeftShoulder-Interpolations-array" count="16"><param type="name"/></accessor></technique_common></source><sampler id="swat_LeftShoulder-Matrix-animation-transform"><input semantic="INPUT" source="#swat_LeftShoulder-Matrix-animation-input"/><input semantic="OUTPUT" source="#swat_LeftShoulder-Matrix-animation-output-transform"/><input semantic="INTERPOLATION" source="#swat_LeftShoulder-Interpolations"/></sampler><channel source="#swat_LeftShoulder-Matrix-animation-transform" target="swat_LeftShoulder/matrix"/></animation>
    <animation id="swat_LeftArm-anim" name="swat_LeftArm"><source id="swat_LeftArm-Matrix-animation-input"><float_array id="swat_LeftArm-Matrix-animation-input-array" count="16">

0.000000 0.033333 0.066667 0.100000 0.133333 0.166667 0.200000 0.233333 0.266667 0.300000 0.333333 0.366667 0.400000 0.433333 0.466667 0.500000</float_array><technique_common><accessor source="#swat_LeftArm-Matrix-animation-input-array" count="16"><param name="TIME" type="float"/></accessor></technique_common></source><source id="swat_LeftArm-Matrix-animation-output-transform"><float_array id="swat_LeftArm-Matrix-animation-output-transform-array" count="256">

0.677155 0.639594 0.363841 12.319100 -0.672072 0.336234 0.659747 -1.113000 0.299635 -0.691278 0.657536 -1.793500 0.000000 0.000000 0.000000 1.000000
0.726804 0.650446 0.220625 12.319100 -0.549420 0.357810 0.755056 -1.113000 0.412182 -0.669994 0.617426 -1.793500 0.000000 0.000000 0.000000 1.000000
0.730382 0.676636 0.093303 12.319100 -0.464281 0.391617 0.794405 -1.113000 0.500984 -0.623538 0.600179 -1.793500 0.000000 0.000000 0.000000 1.000000
0.731864 0.681394 0.008761 12.319100 -0.391773 0.410202 0.823559 -1.113000 0.557574 -0.606166 0.567164 -1.793500 0.000000 0.000000 0.000000 1.000000
0.743255 0.667172 0.049537 12.319100 -0.405029 0.389810 0.827043 -1.113000 0.532470 -0.634768 0.559952 -1.793500 0.000000 0.000000 0.000000 1.000000
0.755161 0.642643 0.129392 12.319100 -0.447502 0.361129 0.818124 -1.113000 0.479034 -0.675719 0.560295 -1.793500 0.000000 0.000000 0.000000 1.000000
0.740630 0.650042 0.170039 12.319100 -0.487820 0.346178 0.801369 -1.113000 0.462060 -0.676466 0.573493 -1.793500 0.000000 0.000000 0.000000 1.000000
0.742384 0.609877 0.277337 12.319100 -0.556518 0.330866 0.762113 -1.113000 0.373034 -0.720123 0.585037 -1.793500 0.000000 0.000000 0.000000 1.000000
0.740764 0.512769 0.433977 12.319100 -0.631864 0.312520 0.709281 -1.113000 0.228071 -0.799624 0.555504 -1.793500 0.000000 0.000000 0.000000 1.000000
0.714117 0.450188 0.536067 12.319100 -0.685381 0.293821 0.666275 -1.113000 0.142441 -0.843208 0.518373 -1.793500 0.000000 0.000000 0.000000 1.000000
0.679949 0.444386 0.583259 12.319100 -0.724019 0.281002 0.629947 -1.113000 0.116042 -0.850623 0.512811 -1.793500 0.000000 0.000000 0.000000 1.000000
0.672875 0.481284 0.561786 12.319100 -0.725740 0.282349 0.627360 -1.113000 0.143319 -0.829846 0.539273 -1.793500 0.000000 0.000000 0.000000 1.000000
0.649457 0.540313 0.535039 12.319100 -0.742757 0.300090 0.598547 -1.113000 0.162843 -0.786135 0.596217 -1.793500 0.000000 0.000000 0.000000 1.000000
0.627176 0.593968 0.503838 12.319100 -0.758683 0.319533 0.567713 -1.113000 0.176211 -0.738310 0.651037 -1.793500 0.000000 0.000000 0.000000 1.000000
0.611746 0.638286 0.467289 12.319100 -0.765227 0.327777 0.554066 -1.113000 0.200486 -0.696530 0.688950 -1.793500 0.000000 0.000000 0.000000 1.000000
0.677128 0.639514 0.364032 12.319100 -0.672222 0.336324 0.659548 -1.113000 0.299358 -0.691309 0.657630 -1.793500 0.000000 0.000000 0.000000 1.000000</float_array><technique_common><accessor source="#swat_LeftArm-Matrix-animation-output-transform-array" count="16" stride="16"><param type="float4x4"/></accessor></technique_common></source><source id="swat_LeftArm-Interpolations"><Name_array id="swat_LeftArm-Interpolations-array" count="16">
 LINEAR LINEAR LINEAR LINEAR LINEAR LINEAR LINEAR LINEAR LINEAR LINEAR LINEAR
LINEAR LINEAR LINEAR LINEAR LINEAR</Name_array><technique_common><accessor source="#swat_LeftArm-Interpolations-array" count="16"><param type="name"/></accessor></technique_common></source><sampler id="swat_LeftArm-Matrix-animation-transform"><input semantic="INPUT" source="#swat_LeftArm-Matrix-animation-input"/><input semantic="OUTPUT" source="#swat_LeftArm-Matrix-animation-output-transform"/><input semantic="INTERPOLATION" source="#swat_LeftArm-Interpolations"/></sampler><channel source="#swat_LeftArm-Matrix-animation-transform" target="swat_LeftArm/matrix"/></animation>
    <animation id="swat_LeftForeArm-anim" name="swat_LeftForeArm"><source id="swat_LeftForeArm-Matrix-animation-input"><float_array id="swat_LeftForeArm-Matrix-animation-input-array" count="16">

0.000000 0.033333 0.066667 0.100000 0.133333 0.166667 0.200000 0.233333 0.266667 0.300000 0.333333 0.366667 0.400000 0.433333 0.466667 0.500000</float_array><technique_common><accessor source="#swat_LeftForeArm-Matrix-animation-input-array" count="16"><param name="TIME" type="float"/></accessor></technique_common></source><source id="swat_LeftForeArm-Matrix-animation-output-transform"><float_array id="swat_LeftForeArm-Matrix-animation-output-transform-array" count="256">

-0.174373 0.912595 0.369816 27.687000 -0.059694 -0.384676 0.921119 0.000000 0.982869 0.138543 0.121553 0.000000 0.000000 0.000000 0.000000 1.000000
-0.050738 0.926300 0.373355 27.687000 -0.061763 -0.376031 0.924546 0.000000 0.996800 0.023851 0.076290 0.000000 0.000000 0.000000 0.000000 1.000000
0.053767 0.925043 0.376037 27.687000 -0.062459 -0.372729 0.925836 -0.000000 0.996598 -0.073267 0.037737 0.000000 0.000000 0.000000 0.000000 1.000000
0.112677 0.916924 0.382824 27.687000 -0.062047 -0.378033 0.923711 0.000000 0.991692 -0.127835 0.014297 0.000000 0.000000 0.000000 0.000000 1.000000
0.095030 0.920849 0.378162 27.687000 -0.061802 -0.373691 0.925492 -0.000000 0.993554 -0.111320 0.021398 0.000000 0.000000 0.000000 0.000000 1.000000
0.028962 0.921149 0.388131 27.687000 -0.062100 -0.385886 0.920454 0.000000 0.997650 -0.050761 0.046027 0.000000 0.000000 0.000000 0.000000 1.000000
0.007139 0.925813 0.377914 27.687000 -0.062599 -0.376768 0.924190 0.000000 0.998013 -0.030254 0.055265 -0.000000 0.000000 0.000000 0.000000 1.000000
-0.087735 0.921711 0.377824 27.687000 -0.061311 -0.383564 0.921477 0.000000 0.994255 0.057681 0.090163 0.000000 0.000000 0.000000 0.000000 1.000000
-0.231246 0.893283 0.385448 27.687000 -0.057959 -0.408132 0.911081 0.000000 0.971167 0.188344 0.146153 -0.000000 0.000000 0.000000 0.000000 1.000000
-0.342053 0.858718 0.381580 27.687000 -0.054854 -0.423629 0.904173 0.000000 0.938078 0.288344 0.192008 0.000000 0.000000 0.000000 0.000000 1.000000
-0.447445 0.828188 0.337487 27.687000 -0.051766 -0.400723 0.914736 -0.000000 0.892812 0.391824 0.222173 -0.000000 0.000000 0.000000 0.000000 1.000000
-0.465031 0.825229 0.320536 27.687000 -0.051367 -0.386609 0.920812 -0.000000 0.883803 0.411742 0.222174 -0.000000 0.000000 0.000000 0.000000 1.000000
-0.435036 0.837704 0.330145 27.687000 -0.052531 -0.389648 0.919465 -0.000000 0.898879 0.382658 0.213516 0.000000 0.000000 0.000000 0.000000 1.000000
-0.380627 0.858271 0.344231 27.687000 -0.054388 -0.392384 0.918192 0.000000 0.923128 0.330767 0.196031 0.000000 0.000000 0.000000 0.000000 1.000000
-0.303492 0.882875 0.358364 27.687000 -0.056747 -0.392183 0.918135 -0.000000 0.951143 0.258310 0.169125 -0.000000 0.000000 0.000000 0.000000 1.000000
-0.174478 0.912581 0.369801 27.687000 -0.059691 -0.384674 0.921121 0.000000 0.982850 0.138642 0.121590 -0.000000 0.000000 0.000000 0.000000 1.000000</float_array><technique_common><accessor source="#swat_LeftForeArm-Matrix-animation-output-transform-array" count="16" stride="16"><param type="float4x4"/></accessor></technique_common></source><source id="swat_LeftForeArm-Interpolations"><Name_array id="swat_LeftForeArm-Interpolations-array" count="16">
 LINEAR LINEAR LINEAR LINEAR LINEAR LINEAR LINEAR LINEAR LINEAR LINEAR LINEAR
