<?xml version="1.0" encoding="utf-8"?>
<COLLADA xmlns="http://www.collada.org/2005/11/COLLADASchema" version="1.4.1">
  <asset><contributor><author>Mixamo</author><authoring_tool>COLLADA Mixamo exporter</authoring_tool><comments></comments></contributor><created>2020-08-16T17:00:54Z</created><modified>2020-08-16T17:00:54Z</modified><revision></revision><title></title><unit meter="0.010000"/><up_axis>Y_UP</up_axis></asset>
  <library_animations>
    <animation id="swat_Hips-anim" name="swat_Hips"><source id="swat_Hips-Matrix-animation-input"><float_array id="swat_Hips-Matrix-animation-input-array" count="55">

0.000000 0.033333 0.066667 0.100000 0.133333 0.166667 0.200000 0.233333 0.266667 0.300000 0.333333 0.366667 0.400000 0.433333 0.466667 0.500000
0.533333 0.566667 0.600000 0.633333 0.666667 0.700000 0.733333 0.766667 0.800000 0.833333 0.866667 0.900000 0.933333 0.966667 1.000000 1.033333
1.066667 1.100000 1.133333 1.166667 1.200000 1.233333 1.266667 1.300000 1.333333 1.366667 1.400000 1.433333 1.466667 1.500000 1.533333 1.566667
1.600000 1.633333 1.666667 1.700000 1.733333 1.766667 1.800000</float_array><technique_common><accessor source="#swat_Hips-Matrix-animation-input-array" count="55"><param name="TIME" type="float"/></accessor></technique_common></source><source id="swat_Hips-Matrix-animation-output-transform"><float_array id="swat_Hips-Matrix-animation-output-transform-array" count="880">

0.994028 0.060097 -0.091083 0.025652 -0.054266 0.996396 0.065192 95.571213 0.094673 -0.059860 0.993707 0.011972 0.000000 0.000000 0.000000 1.000000
0.994173 0.060005 -0.089553 0.014725 -0.054241 0.996379 0.065467 95.572632 0.093158 -0.060228 0.993828 -0.032968 0.000000 0.000000 0.000000 1.000000
0.994436 0.059593 -0.086872 0.002679 -0.053975 0.996382 0.065641 95.572205 0.090469 -0.060587 0.994055 -0.085169 0.000000 0.000000 0.000000 1.000000
0.994812 0.058977 -0.082885 -0.011205 -0.053593 0.996396 0.065747 95.571304 0.086464 -0.060964 0.994388 -0.145935 0.000000 0.000000 0.000000 1.000000
0.995291 0.058209 -0.077511 -0.027624 -0.053146 0.996413 0.065850 95.571121 0.081066 -0.061421 0.994814 -0.218044 0.000000 0.000000 0.000000 1.000000
0.995854 0.057314 -0.070641 -0.045903 -0.052664 0.996428 0.066020 95.569031 0.074173 -0.062026 0.995315 -0.302541 0.000000 0.000000 0.000000 1.000000
0.996459 0.056386 -0.062376 -0.064139 -0.052242 0.996438 0.066193 95.563911 0.065886 -0.062700 0.995855 -0.399295 0.000000 0.000000 0.000000 1.000000
0.997041 0.055506 -0.053183 -0.081102 -0.051941 0.996453 0.066212 95.556000 0.056670 -0.063253 0.996387 -0.507553 0.000000 0.000000 0.000000 1.000000
0.997551 0.054601 -0.043706 -0.098274 -0.051651 0.996482 0.065995 95.546402 0.047155 -0.063576 0.996862 -0.623976 0.000000 0.000000 0.000000 1.000000
0.997978 0.053482 -0.034348 -0.118500 -0.051148 0.996537 0.065558 95.537346 0.037735 -0.063668 0.997257 -0.742661 0.000000 0.000000 0.000000 1.000000
0.998330 0.052048 -0.025057 -0.142526 -0.050332 0.996626 0.064836 95.529022 0.028347 -0.063467 0.997581 -0.859904 0.000000 0.000000 0.000000 1.000000
0.998607 0.050434 -0.015481 -0.168742 -0.049353 0.996750 0.063674 95.519493 0.018642 -0.062821 0.997851 -0.976774 0.000000 0.000000 0.000000 1.000000
0.998791 0.048863 -0.005338 -0.195406 -0.048439 0.996901 0.061989 95.508438 0.008351 -0.061656 0.998063 -1.095286 0.000000 0.000000 0.000000 1.000000
0.998863 0.047373 0.005279 -0.221858 -0.047604 0.997072 0.059847 95.500351 -0.002428 -0.060030 0.998194 -1.214194 0.000000 0.000000 0.000000 1.000000
0.998821 0.045848 0.015932 -0.247121 -0.046691 0.997261 0.057366 95.498589 -0.013258 -0.058043 0.998226 -1.329455 0.000000 0.000000 0.000000 1.000000
0.998686 0.044154 0.026002 -0.270734 -0.045523 0.997468 0.054642 95.500404 -0.023524 -0.055754 0.998167 -1.438020 0.000000 0.000000 0.000000 1.000000
0.998499 0.042242 0.034861 -0.293941 -0.044014 0.997690 0.051739 95.500450 -0.032595 -0.053196 0.998052 -1.538347 0.000000 0.000000 0.000000 1.000000
0.998301 0.040182 0.042185 -0.318432 -0.042227 0.997918 0.048759 95.497353 -0.040138 -0.050458 0.997919 -1.627953 0.000000 0.000000 0.000000 1.000000
0.998112 0.038108 0.048171 -0.344562 -0.040327 0.998129 0.045956 95.494194 -0.046329 -0.047812 0.997781 -1.702396 0.000000 0.000000 0.000000 1.000000
0.997921 0.036140 0.053363 -0.371948 -0.038490 0.998303 0.043692 95.493126 -0.051693 -0.045655 0.997619 -1.756732 0.000000 0.000000 0.000000 1.000000
0.997706 0.034347 0.058329 -0.400819 -0.036839 0.998429 0.042211 95.492218 -0.056787 -0.044263 0.997405 -1.788526 0.000000 0.000000 0.000000 1.000000
0.997448 0.032809 0.063409 -0.431795 -0.035482 0.998508 0.041502 95.488716 -0.061952 -0.043646 0.997124 -1.798830 0.000000 0.000000 0.000000 1.000000
0.997147 0.031612 0.068550 -0.464610 -0.034501 0.998547 0.041385 95.481560 -0.067142 -0.043632 0.996789 -1.789825 0.000000 0.000000 0.000000 1.000000
0.996835 0.030794 0.073286 -0.497663 -0.033910 0.998556 0.041664 95.472641 -0.071897 -0.044018 0.996440 -1.761801 0.000000 0.000000 0.000000 1.000000
0.996582 0.030302 0.076856 -0.528646 -0.033615 0.998544 0.042186 95.464928 -0.075466 -0.044626 0.996149 -1.714417 0.000000 0.000000 0.000000 1.000000
0.996466 0.030068 0.078433 -0.555680 -0.033499 0.998522 0.042796 95.460480 -0.077031 -0.045272 0.996000 -1.651102 0.000000 0.000000 0.000000 1.000000
0.996544 0.029984 0.077461 -0.577641 -0.033411 0.998502 0.043335 95.458664 -0.076045 -0.045773 0.996053 -1.578192 0.000000 0.000000 0.000000 1.000000
0.996812 0.030086 0.073901 -0.594249 -0.033378 0.998486 0.043721 95.456963 -0.072474 -0.046048 0.996307 -1.499905 0.000000 0.000000 0.000000 1.000000
0.997219 0.030356 0.068059 -0.606213 -0.033391 0.998477 0.043913 95.454094 -0.066622 -0.046064 0.996714 -1.418159 0.000000 0.000000 0.000000 1.000000
0.997701 0.030779 0.060372 -0.614326 -0.033461 0.998474 0.043930 95.451515 -0.058928 -0.045849 0.997209 -1.333738 0.000000 0.000000 0.000000 1.000000
0.998181 0.031534 0.051389 -0.618236 -0.033806 0.998462 0.043952 95.451500 -0.049924 -0.045609 0.997711 -1.245680 0.000000 0.000000 0.000000 1.000000
0.998594 0.032733 0.041705 -0.618322 -0.034573 0.998424 0.044201 95.452217 -0.040193 -0.045581 0.998152 -1.151628 0.000000 0.000000 0.000000 1.000000
0.998907 0.034226 0.031839 -0.616440 -0.035637 0.998357 0.044860 95.452660 -0.030251 -0.045946 0.998486 -1.049511 0.000000 0.000000 0.000000 1.000000
0.999111 0.035849 0.022186 -0.613791 -0.036840 0.998263 0.045980 95.453781 -0.020499 -0.046756 0.998696 -0.940080 0.000000 0.000000 0.000000 1.000000
0.999210 0.037553 0.012997 -0.609344 -0.038131 0.998144 0.047491 95.457352 -0.011190 -0.047949 0.998787 -0.826830 0.000000 0.000000 0.000000 1.000000
0.999218 0.039312 0.004332 -0.600842 -0.039478 0.998006 0.049247 95.464226 -0.002387 -0.049380 0.998777 -0.713599 0.000000 0.000000 0.000000 1.000000
0.999149 0.041057 -0.003875 -0.587176 -0.040805 0.997859 0.051119 95.474533 0.005965 -0.050918 0.998685 -0.602291 0.000000 0.000000 0.000000 1.000000
0.999019 0.042700 -0.011703 -0.568636 -0.042022 0.997706 0.053079 95.487267 0.013943 -0.052535 0.998522 -0.493450 0.000000 0.000000 0.000000 1.000000
0.998836 0.044225 -0.019236 -0.545510 -0.043106 0.997547 0.055151 95.499550 0.021628 -0.054258 0.998293 -0.388748 0.000000 0.000000 0.000000 1.000000
0.998604 0.045646 -0.026571 -0.518123 -0.044066 0.997385 0.057291 95.508148 0.029117 -0.056040 0.998004 -0.291087 0.000000 0.000000 0.000000 1.000000
0.998323 0.047004 -0.033806 -0.487575 -0.044941 0.997223 0.059381 95.513168 0.036503 -0.057762 0.997663 -0.201937 0.000000 0.000000 0.000000 1.000000
0.997987 0.048362 -0.041026 -0.455919 -0.045796 0.997067 0.061316 95.512299 0.043871 -0.059313 0.997275 -0.121166 0.000000 0.000000 0.000000 1.000000
0.997590 0.049795 -0.048316 -0.424729 -0.046709 0.996918 0.063034 95.511505 0.051306 -0.060625 0.996841 -0.048446 0.000000 0.000000 0.000000 1.000000
0.997126 0.051337 -0.055717 -0.393734 -0.047716 0.996777 0.064485 95.512878 0.058848 -0.061641 0.996362 0.014223 0.000000 0.000000 0.000000 1.000000
0.996598 0.052975 -0.063143 -0.361987 -0.048819 0.996649 0.065634 95.515579 0.066408 -0.062329 0.995844 0.063968 0.000000 0.000000 0.000000 1.000000
0.996030 0.054624 -0.070293 -0.329582 -0.049960 0.996536 0.066480 95.518936 0.073681 -0.062704 0.995309 0.099595 0.000000 0.000000 0.000000 1.000000
0.995476 0.056108 -0.076677 -0.296972 -0.051000 0.996447 0.067027 95.522934 0.080166 -0.062814 0.994800 0.122575 0.000000 0.000000 0.000000 1.000000
0.994993 0.057317 -0.081879 -0.264195 -0.051862 0.996386 0.067264 95.527679 0.085439 -0.062681 0.994370 0.134558 0.000000 0.000000 0.000000 1.000000
0.994601 0.058334 -0.085828 -0.231222 -0.052636 0.996349 0.067222 95.533371 0.089436 -0.062342 0.994040 0.134680 0.000000 0.000000 0.000000 1.000000
0.994297 0.059245 -0.088672 -0.196863 -0.053397 0.996327 0.066938 95.540741 0.092312 -0.061822 0.993809 0.123939 0.000000 0.000000 0.000000 1.000000
0.994082 0.059975 -0.090574 -0.159081 -0.054047 0.996319 0.066545 95.549591 0.094232 -0.061256 0.993664 0.106580 0.000000 0.000000 0.000000 1.000000
0.993960 0.060405 -0.091626 -0.117064 -0.054451 0.996323 0.066149 95.558060 0.095285 -0.060760 0.993594 0.086184 0.000000 0.000000 0.000000 1.000000
0.993930 0.060447 -0.091917 -0.071661 -0.054509 0.996343 0.065798 95.564323 0.095558 -0.060388 0.993590 0.063604 0.000000 0.000000 0.000000 1.000000
0.993961 0.060331 -0.091656 -0.023861 -0.054438 0.996367 0.065487 95.568459 0.095274 -0.060102 0.993635 0.038539 0.000000 0.000000 0.000000 1.000000
0.994023 0.060185 -0.091084 0.025636 -0.054354 0.996391 0.065200 95.571198 0.094679 -0.059859 0.993707 0.012020 0.000000 0.000000 0.000000 1.000000</float_array><technique_common><accessor source="#swat_Hips-Matrix-animation-output-transform-array" count="55" stride="16"><param type="float4x4"/></accessor></technique_common></source><source id="swat_Hips-Interpolations"><Name_array id="swat_Hips-Interpolations-array" count="55">
 LINEAR LINEAR LINEAR LINEAR LINEAR LINEAR LINEAR LINEAR LINEAR LINEAR LINEAR
LINEAR LINEAR LINEAR LINEAR LINEAR LINEAR LINEAR LINEAR LINEAR LINEAR LINEAR LINEAR
LINEAR LINEAR LINEAR LINEAR LINEAR LINEAR LINEAR LINEAR LINEAR LINEAR LINEAR LINEAR
LINEAR LINEAR LINEAR LINEAR LINEAR LINEAR LINEAR LINEAR LINEAR LINEAR LINEAR LINEAR
LINEAR LINEAR LINEAR LINEAR LINEAR LINEAR LINEAR LINEAR</Name_array><technique_common><accessor source="#swat_Hips-Interpolations-array" count="55"><param type="name"/></accessor></technique_common></source><sampler id="swat_Hips-Matrix-animation-transform"><input semantic="INPUT" source="#swat_Hips-Matrix-animation-input"/><input semantic="OUTPUT" source="#swat_Hips-Matrix-animation-output-transform"/><input semantic="INTERPOLATION" source="#swat_Hips-Interpolations"/></sampler><channel source="#swat_Hips-Matrix-animation-transform" target="swat_Hips/matrix"/></animation>
    <animation id="swat_Spine-anim" name="swat_Spine"><source id="swat_Spine-Matrix-animation-input"><float_array id="swat_Spine-Matrix-animation-input-array" count="55">

0.000000 0.033333 0.066667 0.100000 0.133333 0.166667 0.200000 0.233333 0.266667 0.300000 0.333333 0.366667 0.400000 0.433333 0.466667 0.500000
0.533333 0.566667 0.600000 0.633333 0.666667 0.700000 0.733333 0.766667 0.800000 0.833333 0.866667 0.900000 0.933333 0.966667 1.000000 1.033333
1.066667 1.100000 1.133333 1.166667 1.200000 1.233333 1.266667 1.300000 1.333333 1.366667 1.400000 1.433333 1.466667 1.500000 1.533333 1.566667
1.600000 1.633333 1.666667 1.700000 1.733333 1.766667 1.800000</float_array><technique_common><accessor source="#swat_Spine-Matrix-animation-input-array" count="55"><param name="TIME" type="float"/></accessor></technique_common></source><source id="swat_Spine-Matrix-animation-output-transform"><float_array id="swat_Spine-Matrix-animation-output-transform-array" count="880">

0.998740 -0.042462 0.026747 -0.000000 0.043947 0.997369 -0.057653 9.226300 -0.024228 0.058756 0.997978 1.577100 0.000000 0.000000 0.000000 1.000000
0.998741 -0.042438 0.026748 0.000000 0.043923 0.997370 -0.057653 9.226300 -0.024230 0.058756 0.997978 1.577100 0.000000 0.000000 0.000000 1.000000
0.998749 -0.042238 0.026749 0.000000 0.043724 0.997379 -0.057654 9.226300 -0.024243 0.058752 0.997978 1.577100 0.000000 0.000000 0.000000 1.000000
0.998760 -0.041990 0.026750 0.000000 0.043476 0.997389 -0.057656 9.226300 -0.024260 0.058747 0.997978 1.577100 0.000000 0.000000 0.000000 1.000000
0.998772 -0.041695 0.026752 0.000000 0.043182 0.997402 -0.057657 9.226300 -0.024279 0.058742 0.997978 1.577100 0.000000 0.000000 0.000000 1.000000
0.998787 -0.041330 0.026755 0.000000 0.042818 0.997418 -0.057659 9.226300 -0.024302 0.058735 0.997978 1.577100 0.000000 0.000000 0.000000 1.000000
0.998803 -0.040900 0.026841 0.000000 0.042399 0.997423 -0.057871 9.226300 -0.024404 0.058940 0.997963 1.577100 0.000000 0.000000 0.000000 1.000000
0.998813 -0.040479 0.027086 0.000000 0.042001 0.997422 -0.058184 9.226300 -0.024661 0.059253 0.997938 1.577100 0.000000 0.000000 0.000000 1.000000
0.998817 -0.040149 0.027447 -0.000000 0.041700 0.997416 -0.058494 9.226300 -0.025028 0.059569 0.997910 1.577100 0.000000 0.000000 0.000000 1.000000
0.998812 -0.039944 0.027901 0.000000 0.041530 0.997407 -0.058776 9.226300 -0.025480 0.059865 0.997881 1.577100 0.000000 0.000000 0.000000 1.000000
0.998805 -0.039793 0.028379 -0.000000 0.041416 0.997392 -0.059109 9.226300 -0.025953 0.060214 0.997848 1.577100 0.000000 0.000000 0.000000 1.000000
0.998798 -0.039656 0.028823 0.000000 0.041318 0.997369 -0.059564 9.226300 -0.026385 0.060684 0.997808 1.577100 0.000000 0.000000 0.000000 1.000000
0.998791 -0.039540 0.029221 0.000000 0.041241 0.997340 -0.060108 9.226300 -0.026766 0.061241 0.997764 1.577100 0.000000 0.000000 0.000000 1.000000
0.998785 -0.039413 0.029577 0.000000 0.041151 0.997310 -0.060651 9.226300 -0.027107 0.061794 0.997721 1.577100 0.000000 0.000000 0.000000 1.000000
0.998781 -0.039293 0.029865 0.000000 0.041063 0.997283 -0.061157 9.226300 -0.027381 0.062309 0.997681 1.577100 0.000000 0.000000 0.000000 1.000000
0.998779 -0.039220 0.030046 -0.000000 0.041015 0.997255 -0.061653 9.226300 -0.027546 0.062810 0.997645 1.577100 0.000000 0.000000 0.000000 1.000000
0.998771 -0.039325 0.030156 0.000000 0.041140 0.997220 -0.062133 9.226300 -0.027629 0.063297 0.997612 1.577100 0.000000 0.000000 0.000000 1.000000
0.998756 -0.039604 0.030288 0.000000 0.041438 0.997184 -0.062512 9.226300 -0.027727 0.063690 0.997585 1.577100 0.000000 0.000000 0.000000 1.000000
0.998734 -0.039967 0.030553 0.000000 0.041823 0.997154 -0.062733 9.226300 -0.027959 0.063931 0.997563 1.577100 0.000000 0.000000 0.000000 1.000000
0.998708 -0.040314 0.030953 0.000000 0.042198 0.997131 -0.062849 9.226300 -0.028330 0.064074 0.997543 1.577100 0.000000 0.000000 0.000000 1.000000
0.998683 -0.040570 0.031392 -0.000000 0.042485 0.997111 -0.062965 9.226300 -0.028747 0.064216 0.997522 1.577100 0.000000 0.000000 0.000000 1.000000
0.998668 -0.040679 0.031746 -0.000000 0.042620 0.997100 -0.063051 9.226300 -0.029089 0.064320 0.997505 1.577100 0.000000 0.000000 0.000000 1.000000
0.998660 -0.040720 0.031953 -0.000000 0.042675 0.997095 -0.063092 9.226300 -0.029291 0.064371 0.997496 1.577100 0.000000 0.000000 0.000000 1.000000
0.998655 -0.040753 0.032052 -0.000000 0.042714 0.997095 -0.063066 9.226300 -0.029388 0.064350 0.997495 1.577100 0.000000 0.000000 0.000000 1.000000
0.998652 -0.040777 0.032116 0.000000 0.042735 0.997107 -0.062867 9.226300 -0.029459 0.064155 0.997505 1.577100 0.000000 0.000000 0.000000 1.000000
0.998650 -0.040790 0.032164 -0.000000 0.042743 0.997126 -0.062555 9.226300 -0.029520 0.063845 0.997523 1.577100 0.000000 0.000000 0.000000 1.000000
0.998649 -0.040802 0.032174 -0.000000 0.042744 0.997148 -0.062197 9.226300 -0.029544 0.063488 0.997545 1.577100 0.000000 0.000000 0.000000 1.000000
0.998651 -0.040825 0.032093 -0.000000 0.042753 0.997167 -0.061882 9.226300 -0.029476 0.063171 0.997567 1.577100 0.000000 0.000000 0.000000 1.000000
0.998656 -0.040865 0.031867 0.000000 0.042771 0.997182 -0.061631 9.226300 -0.029259 0.062911 0.997590 1.577100 0.000000 0.000000 0.000000 1.000000
0.998663 -0.040906 0.031590 0.000000 0.042787 0.997198 -0.061370 9.226300 -0.028991 0.062639 0.997615 1.577100 0.000000 0.000000 0.000000 1.000000
0.998667 -0.040995 0.031347 -0.000000 0.042851 0.997215 -0.061033 9.226300 -0.028758 0.062295 0.997643 1.577100 0.000000 0.000000 0.000000 1.000000
0.998668 -0.041132 0.031147 0.000000 0.042964 0.997234 -0.060644 9.226300 -0.028567 0.061902 0.997673 1.577100 0.000000 0.000000 0.000000 1.000000
0.998670 -0.041226 0.030954 0.000000 0.043035 0.997254 -0.060265 9.226300 -0.028384 0.061517 0.997702 1.577100 0.000000 0.000000 0.000000 1.000000
0.998673 -0.041325 0.030736 0.000000 0.043112 0.997270 -0.059946 9.226300 -0.028174 0.061192 0.997728 1.577100 0.000000 0.000000 0.000000 1.000000
0.998677 -0.041423 0.030472 0.000000 0.043187 0.997281 -0.059705 9.226300 -0.027916 0.060942 0.997751 1.577100 0.000000 0.000000 0.000000 1.000000
0.998684 -0.041512 0.030131 0.000000 0.043249 0.997291 -0.059503 9.226300 -0.027579 0.060728 0.997773 1.577100 0.000000 0.000000 0.000000 1.000000
0.998693 -0.041591 0.029704 -0.000000 0.043296 0.997302 -0.059286 9.226300 -0.027158 0.060494 0.997799 1.577100 0.000000 0.000000 0.000000 1.000000
0.998703 -0.041660 0.029254 0.000000 0.043332 0.997314 -0.059044 9.226300 -0.026716 0.060235 0.997827 1.577100 0.000000 0.000000 0.000000 1.000000
0.998712 -0.041732 0.028863 0.000000 0.043374 0.997326 -0.058810 9.226300 -0.026331 0.059986 0.997852 1.577100 0.000000 0.000000 0.000000 1.000000
0.998718 -0.041799 0.028546 0.000000 0.043416 0.997337 -0.058604 9.226300 -0.026020 0.059768 0.997873 1.577100 0.000000 0.000000 0.000000 1.000000
0.998724 -0.041857 0.028255 -0.000000 0.043452 0.997346 -0.058421 9.226300 -0.025734 0.059574 0.997892 1.577100 0.000000 0.000000 0.000000 1.000000
0.998731 -0.041905 0.027931 0.000000 0.043475 0.997356 -0.058232 9.226300 -0.025417 0.059372 0.997912 1.577100 0.000000 0.000000 0.000000 1.000000
0.998739 -0.041952 0.027572 -0.000000 0.043496 0.997367 -0.058018 9.226300 -0.025066 0.059145 0.997935 1.577100 0.000000 0.000000 0.000000 1.000000
0.998746 -0.042003 0.027246 0.000000 0.043523 0.997379 -0.057801 9.226300 -0.024747 0.058914 0.997956 1.577100 0.000000 0.000000 0.000000 1.000000
0.998750 -0.042056 0.027028 -0.000000 0.043557 0.997389 -0.057603 9.226300 -0.024534 0.058708 0.997974 1.577100 0.000000 0.000000 0.000000 1.000000
0.998747 -0.042109 0.027024 0.000000 0.043606 0.997397 -0.057432 9.226300 -0.024535 0.058539 0.997984 1.577100 0.000000 0.000000 0.000000 1.000000
0.998745 -0.042160 0.027021 0.000000 0.043657 0.997394 -0.057431 9.226300 -0.024529 0.058539 0.997984 1.577100 0.000000 0.000000 0.000000 1.000000
0.998743 -0.042209 0.027019 0.000000 0.043705 0.997392 -0.057430 9.226300 -0.024524 0.058538 0.997984 1.577100 0.000000 0.000000 0.000000 1.000000
0.998741 -0.042255 0.027018 -0.000000 0.043751 0.997390 -0.057428 9.226300 -0.024521 0.058538 0.997984 1.577100 0.000000 0.000000 0.000000 1.000000
0.998739 -0.042304 0.027018 0.000000 0.043800 0.997388 -0.057427 9.226300 -0.024518 0.058538 0.997984 1.577100 0.000000 0.000000 0.000000 1.000000
0.998737 -0.042354 0.027018 0.000000 0.043850 0.997386 -0.057426 9.226300 -0.024515 0.058538 0.997984 1.577100 0.000000 0.000000 0.000000 1.000000
0.998735 -0.042398 0.027019 -0.000000 0.043894 0.997384 -0.057425 9.226300 -0.024513 0.058538 0.997984 1.577100 0.000000 0.000000 0.000000 1.000000
0.998734 -0.042428 0.027020 -0.000000 0.043924 0.997383 -0.057424 9.226300 -0.024513 0.058538 0.997984 1.577100 0.000000 0.000000 0.000000 1.000000
0.998734 -0.042441 0.027021 0.000000 0.043937 0.997383 -0.057423 9.226300 -0.024513 0.058538 0.997984 1.577100 0.000000 0.000000 0.000000 1.000000
0.998733 -0.042442 0.027022 -0.000000 0.043938 0.997383 -0.057423 9.226300 -0.024514 0.058538 0.997984 1.577100 0.000000 0.000000 0.000000 1.000000</float_array><technique_common><accessor source="#swat_Spine-Matrix-animation-output-transform-array" count="55" stride="16"><param type="float4x4"/></accessor></technique_common></source><source id="swat_Spine-Interpolations"><Name_array id="swat_Spine-Interpolations-array" count="55">
 LINEAR LINEAR LINEAR LINEAR LINEAR LINEAR LINEAR LINEAR LINEAR LINEAR LINEAR
LINEAR LINEAR LINEAR LINEAR LINEAR LINEAR LINEAR LINEAR LINEAR LINEAR LINEAR LINEAR
LINEAR LINEAR LINEAR LINEAR LINEAR LINEAR LINEAR LINEAR LINEAR LINEAR LINEAR LINEAR
LINEAR LINEAR LINEAR LINEAR LINEAR LINEAR LINEAR LINEAR LINEAR LINEAR LINEAR LINEAR
LINEAR LINEAR LINEAR LINEAR LINEAR LINEAR LINEAR LINEAR</Name_array><technique_common><accessor source="#swat_Spine-Interpolations-array" count="55"><param type="name"/></accessor></technique_common></source><sampler id="swat_Spine-Matrix-animation-transform"><input semantic="INPUT" source="#swat_Spine-Matrix-animation-input"/><input semantic="OUTPUT" source="#swat_Spine-Matrix-animation-output-transform"/><input semantic="INTERPOLATION" source="#swat_Spine-Interpolations"/></sampler><channel source="#swat_Spine-Matrix-animation-transform" target="swat_Spine/matrix"/></animation>
    <animation id="swat_Spine1-anim" name="swat_Spine1"><source id="swat_Spine1-Matrix-animation-input"><float_array id="swat_Spine1-Matrix-animation-input-array" count="55">

0.000000 0.033333 0.066667 0.100000 0.133333 0.166667 0.200000 0.233333 0.266667 0.300000 0.333333 0.366667 0.400000 0.433333 0.466667 0.500000
0.533333 0.566667 0.600000 0.633333 0.666667 0.700000 0.733333 0.766667 0.800000 0.833333 0.866667 0.900000 0.933333 0.966667 1.000000 1.033333
1.066667 1.100000 1.133333 1.166667 1.200000 1.233333 1.266667 1.300000 1.333333 1.366667 1.400000 1.433333 1.466667 1.500000 1.533333 1.566667
1.600000 1.633333 1.666667 1.700000 1.733333 1.766667 1.800000</float_array><technique_common><accessor source="#swat_Spine1-Matrix-animation-input-array" count="55"><param name="TIME" type="float"/></accessor></technique_common></source><source id="swat_Spine1-Matrix-animation-output-transform"><float_array id="swat_Spine1-Matrix-animation-output-transform-array" count="880">

0.999616 -0.027098 0.005811 0.000000 0.027209 0.999427 -0.020111 16.254000 -0.005262 0.020262 0.999781 -0.165600 0.000000 0.000000 0.000000 1.000000
0.999622 -0.026871 0.005811 -0.000000 0.026983 0.999434 -0.020111 16.254000 -0.005267 0.020260 0.999781 -0.165600 0.000000 0.000000 0.000000 1.000000
0.999631 -0.026546 0.005811 0.000000 0.026658 0.999442 -0.020111 16.254000 -0.005273 0.020259 0.999781 -0.165600 0.000000 0.000000 0.000000 1.000000
0.999641 -0.026146 0.005811 0.000000 0.026258 0.999453 -0.020111 16.254000 -0.005282 0.020257 0.999781 -0.165600 0.000000 0.000000 0.000000 1.000000
0.999653 -0.025686 0.005811 -0.000000 0.025798 0.999465 -0.020111 16.254000 -0.005291 0.020254 0.999781 -0.165600 0.000000 0.000000 0.000000 1.000000
0.999667 -0.025105 0.005895 0.000000 0.025219 0.999478 -0.020188 16.254000 -0.005385 0.020330 0.999779 -0.165600 0.000000 0.000000 0.000000 1.000000
0.999682 -0.024437 0.006173 0.000000 0.024559 0.999487 -0.020541 16.254000 -0.005668 0.020686 0.999770 -0.165600 0.000000 0.000000 0.000000 1.000000
0.999694 -0.023815 0.006630 0.000000 0.023950 0.999491 -0.021079 16.254000 -0.006124 0.021231 0.999756 -0.165600 0.000000 0.000000 0.000000 1.000000
0.999700 -0.023368 0.007290 0.000000 0.023521 0.999489 -0.021624 16.254000 -0.006781 0.021789 0.999740 -0.165600 0.000000 0.000000 0.000000 1.000000
0.999698 -0.023176 0.008112 -0.000000 0.023351 0.999483 -0.022123 16.254000 -0.007595 0.022305 0.999722 -0.165600 0.000000 0.000000 0.000000 1.000000
0.999694 -0.023065 0.008968 0.000000 0.023263 0.999472 -0.022696 16.254000 -0.008440 0.022898 0.999702 -0.165600 0.000000 0.000000 0.000000 1.000000
0.999689 -0.022952 0.009751 -0.000000 0.023175 0.999456 -0.023462 16.254000 -0.009207 0.023680 0.999677 -0.165600 0.000000 0.000000 0.000000 1.000000
0.999684 -0.022853 0.010457 0.000000 0.023102 0.999436 -0.024375 16.254000 -0.009894 0.024609 0.999648 -0.165600 0.000000 0.000000 0.000000 1.000000
0.999679 -0.022790 0.011100 0.000000 0.023065 0.999414 -0.025302 16.254000 -0.010517 0.025550 0.999618 -0.165600 0.000000 0.000000 0.000000 1.000000
0.999673 -0.022763 0.011619 -0.000000 0.023061 0.999391 -0.026195 16.254000 -0.011016 0.026455 0.999589 -0.165600 0.000000 0.000000 0.000000 1.000000
0.999668 -0.022854 0.011935 0.000000 0.023171 0.999364 -0.027093 16.254000 -0.011308 0.027360 0.999562 -0.165600 0.000000 0.000000 0.000000 1.000000
0.999657 -0.023227 0.012091 0.000000 0.023557 0.999331 -0.027971 16.254000 -0.011433 0.028246 0.999536 -0.165600 0.000000 0.000000 0.000000 1.000000
0.999640 -0.023871 0.012284 0.000000 0.024215 0.999295 -0.028677 16.254000 -0.011590 0.028964 0.999513 -0.165600 0.000000 0.000000 0.000000 1.000000
0.999615 -0.024656 0.012713 0.000000 0.025018 0.999263 -0.029103 16.254000 -0.011986 0.029410 0.999496 -0.165600 0.000000 0.000000 0.000000 1.000000
0.999587 -0.025429 0.013398 0.000000 0.025814 0.999236 -0.029338 16.254000 -0.012641 0.029672 0.999480 -0.165600 0.000000 0.000000 0.000000 1.000000
0.999560 -0.026053 0.014168 0.000000 0.026462 0.999213 -0.029546 16.254000 -0.013387 0.029908 0.999463 -0.165600 0.000000 0.000000 0.000000 1.000000
0.999541 -0.026421 0.014794 -0.000000 0.026852 0.999196 -0.029758 16.254000 -0.013996 0.030141 0.999448 -0.165600 0.000000 0.000000 0.000000 1.000000
0.999533 -0.026519 0.015160 -0.000000 0.026963 0.999190 -0.029859 16.254000 -0.014356 0.030254 0.999439 -0.165600 0.000000 0.000000 0.000000 1.000000
0.999532 -0.026460 0.015329 0.000000 0.026907 0.999195 -0.029757 16.254000 -0.014529 0.030156 0.999440 -0.165600 0.000000 0.000000 0.000000 1.000000
0.999536 -0.026271 0.015434 0.000000 0.026716 0.999211 -0.029399 16.254000 -0.014650 0.029797 0.999449 -0.165600 0.000000 0.000000 0.000000 1.000000
0.999540 -0.026042 0.015531 0.000000 0.026482 0.999233 -0.028845 16.254000 -0.014767 0.029243 0.999463 -0.165600 0.000000 0.000000 0.000000 1.000000
0.999543 -0.025922 0.015581 -0.000000 0.026354 0.999254 -0.028223 16.254000 -0.014838 0.028620 0.999480 -0.165600 0.000000 0.000000 0.000000 1.000000
0.999544 -0.025951 0.015411 0.000000 0.026370 0.999269 -0.027680 16.254000 -0.014681 0.028074 0.999498 -0.165600 0.000000 0.000000 0.000000 1.000000
0.999545 -0.026168 0.014989 -0.000000 0.026570 0.999275 -0.027250 16.254000 -0.014265 0.027636 0.999516 -0.165600 0.000000 0.000000 0.000000 1.000000
0.999546 -0.026445 0.014468 -0.000000 0.026826 0.999280 -0.026820 16.254000 -0.013748 0.027196 0.999536 -0.165600 0.000000 0.000000 0.000000 1.000000
0.999545 -0.026704 0.014014 0.000000 0.027066 0.999288 -0.026288 16.254000 -0.013302 0.026656 0.999556 -0.165600 0.000000 0.000000 0.000000 1.000000
0.999546 -0.026859 0.013649 -0.000000 0.027203 0.999300 -0.025686 16.254000 -0.012950 0.026045 0.999577 -0.165600 0.000000 0.000000 0.000000 1.000000
0.999549 -0.026906 0.013303 -0.000000 0.027234 0.999314 -0.025101 16.254000 -0.012619 0.025452 0.999596 -0.165600 0.000000 0.000000 0.000000 1.000000
0.999554 -0.026909 0.012921 0.000000 0.027221 0.999327 -0.024588 16.254000 -0.012251 0.024929 0.999614 -0.165600 0.000000 0.000000 0.000000 1.000000
0.999561 -0.026881 0.012451 -0.000000 0.027176 0.999339 -0.024153 16.254000 -0.011794 0.024481 0.999631 -0.165600 0.000000 0.000000 0.000000 1.000000
0.999570 -0.026836 0.011837 -0.000000 0.027112 0.999350 -0.023754 16.254000 -0.011192 0.024065 0.999648 -0.165600 0.000000 0.000000 0.000000 1.000000
0.999580 -0.026789 0.011066 -0.000000 0.027042 0.999362 -0.023327 16.254000 -0.010434 0.023616 0.999667 -0.165600 0.000000 0.000000 0.000000 1.000000
0.999590 -0.026736 0.010255 0.000000 0.026965 0.999375 -0.022867 16.254000 -0.009638 0.023134 0.999686 -0.165600 0.000000 0.000000 0.000000 1.000000
0.999599 -0.026667 0.009557 0.000000 0.026876 0.999387 -0.022420 16.254000 -0.008953 0.022667 0.999703 -0.165600 0.000000 0.000000 0.000000 1.000000
0.999605 -0.026612 0.009002 0.000000 0.026805 0.999398 -0.022023 16.254000 -0.008411 0.022256 0.999717 -0.165600 0.000000 0.000000 0.000000 1.000000
0.999611 -0.026579 0.008498 0.000000 0.026758 0.999407 -0.021672 16.254000 -0.007917 0.021891 0.999729 -0.165600 0.000000 0.000000 0.000000 1.000000
0.999616 -0.026550 0.007936 0.000000 0.026714 0.999416 -0.021320 16.254000 -0.007365 0.021524 0.999741 -0.165600 0.000000 0.000000 0.000000 1.000000
0.999621 -0.026527 0.007306 0.000000 0.026674 0.999425 -0.020935 16.254000 -0.006746 0.021122 0.999754 -0.165600 0.000000 0.000000 0.000000 1.000000
0.999626 -0.026508 0.006739 0.000000 0.026641 0.999434 -0.020545 16.254000 -0.006191 0.020717 0.999766 -0.165600 0.000000 0.000000 0.000000 1.000000
0.999629 -0.026494 0.006368 0.000000 0.026618 0.999442 -0.020191 16.254000 -0.005830 0.020353 0.999776 -0.165600 0.000000 0.000000 0.000000 1.000000
0.999630 -0.026486 0.006213 0.000000 0.026605 0.999448 -0.019895 16.254000 -0.005683 0.020053 0.999783 -0.165600 0.000000 0.000000 0.000000 1.000000
0.999630 -0.026483 0.006145 0.000000 0.026600 0.999451 -0.019777 16.254000 -0.005618 0.019934 0.999786 -0.165600 0.000000 0.000000 0.000000 1.000000
0.999630 -0.026485 0.006145 -0.000000 0.026602 0.999450 -0.019777 16.254000 -0.005618 0.019934 0.999786 -0.165600 0.000000 0.000000 0.000000 1.000000
0.999630 -0.026494 0.006145 -0.000000 0.026611 0.999450 -0.019777 16.254000 -0.005618 0.019934 0.999786 -0.165600 0.000000 0.000000 0.000000 1.000000
0.999630 -0.026509 0.006145 -0.000000 0.026625 0.999450 -0.019777 16.254000 -0.005618 0.019934 0.999786 -0.165600 0.000000 0.000000 0.000000 1.000000
0.999629 -0.026543 0.006145 0.000000 0.026660 0.999449 -0.019777 16.254000 -0.005617 0.019934 0.999786 -0.165600 0.000000 0.000000 0.000000 1.000000
0.999627 -0.026612 0.006145 0.000000 0.026728 0.999447 -0.019777 16.254000 -0.005616 0.019934 0.999786 -0.165600 0.000000 0.000000 0.000000 1.000000
0.999624 -0.026707 0.006145 -0.000000 0.026823 0.999445 -0.019777 16.254000 -0.005614 0.019935 0.999786 -0.165600 0.000000 0.000000 0.000000 1.000000
0.999620 -0.026879 0.006145 0.000000 0.026996 0.999440 -0.019777 16.254000 -0.005610 0.019936 0.999786 -0.165600 0.000000 0.000000 0.000000 1.000000
0.999614 -0.027095 0.006145 0.000000 0.027212 0.999434 -0.019777 16.254000 -0.005606 0.019937 0.999786 -0.165600 0.000000 0.000000 0.000000 1.000000</float_array><technique_common><accessor source="#swat_Spine1-Matrix-animation-output-transform-array" count="55" stride="16"><param type="float4x4"/></accessor></technique_common></source><source id="swat_Spine1-Interpolations"><Name_array id="swat_Spine1-Interpolations-array" count="55">
 LINEAR LINEAR LINEAR LINEAR LINEAR LINEAR LINEAR LINEAR LINEAR LINEAR LINEAR
LINEAR LINEAR LINEAR LINEAR LINEAR LINEAR LINEAR LINEAR LINEAR LINEAR LINEAR LINEAR
LINEAR LINEAR LINEAR LINEAR LINEAR LINEAR LINEAR LINEAR LINEAR LINEAR LINEAR LINEAR
LINEAR LINEAR LINEAR LINEAR LINEAR LINEAR LINEAR LINEAR LINEAR LINEAR LINEAR LINEAR
LINEAR LINEAR LINEAR LINEAR LINEAR LINEAR LINEAR LINEAR</Name_array><technique_common><accessor source="#swat_Spine1-Interpolations-array" count="55"><param type="name"/></accessor></technique_common></source><sampler id="swat_Spine1-Matrix-animation-transform"><input semantic="INPUT" source="#swat_Spine1-Matrix-animation-input"/><input semantic="OUTPUT" source="#swat_Spine1-Matrix-animation-output-transform"/><input semantic="INTERPOLATION" source="#swat_Spine1-Interpolations"/></sampler><channel source="#swat_Spine1-Matrix-animation-transform" target="swat_Spine1/matrix"/></animation>
    <animation id="swat_Spine2-anim" name="swat_Spine2"><source id="swat_Spine2-Matrix-animation-input"><float_array id="swat_Spine2-Matrix-animation-input-array" count="55">

0.000000 0.033333 0.066667 0.100000 0.133333 0.166667 0.200000 0.233333 0.266667 0.300000 0.333333 0.366667 0.400000 0.433333 0.466667 0.500000
0.533333 0.566667 0.600000 0.633333 0.666667 0.700000 0.733333 0.766667 0.800000 0.833333 0.866667 0.900000 0.933333 0.966667 1.000000 1.033333
1.066667 1.100000 1.133333 1.166667 1.200000 1.233333 1.266667 1.300000 1.333333 1.366667 1.400000 1.433333 1.466667 1.500000 1.533333 1.566667
1.600000 1.633333 1.666667 1.700000 1.733333 1.766667 1.800000</float_array><technique_common><accessor source="#swat_Spine2-Matrix-animation-input-array" count="55"><param name="TIME" type="float"/></accessor></technique_common></source><source id="swat_Spine2-Matrix-animation-output-transform"><float_array id="swat_Spine2-Matrix-animation-output-transform-array" count="880">

0.999612 -0.027151 0.006209 0.000000 0.027269 0.999435 -0.019656 13.639600 -0.005671 0.019818 0.999788 -1.292300 0.000000 0.000000 0.000000 1.000000
0.999617 -0.026963 0.006209 0.000000 0.027081 0.999440 -0.019656 13.639600 -0.005675 0.019817 0.999788 -1.292300 0.000000 0.000000 0.000000 1.000000
0.999626 -0.026651 0.006153 -0.000000 0.026767 0.999448 -0.019656 13.639600 -0.005626 0.019814 0.999788 -1.292300 0.000000 0.000000 0.000000 1.000000
0.999637 -0.026255 0.006029 0.000000 0.026369 0.999459 -0.019656 13.639600 -0.005509 0.019808 0.999789 -1.292300 0.000000 0.000000 0.000000 1.000000
0.999649 -0.025814 0.005971 0.000000 0.025926 0.999471 -0.019656 13.639600 -0.005461 0.019804 0.999789 -1.292300 0.000000 0.000000 0.000000 1.000000
0.999663 -0.025233 0.006071 0.000000 0.025349 0.999484 -0.019733 13.639600 -0.005570 0.019880 0.999787 -1.292300 0.000000 0.000000 0.000000 1.000000
0.999678 -0.024568 0.006355 0.000000 0.024691 0.999493 -0.020086 13.639600 -0.005858 0.020236 0.999778 -1.292300 0.000000 0.000000 0.000000 1.000000
0.999690 -0.023949 0.006816 0.000000 0.024085 0.999497 -0.020624 13.639600 -0.006319 0.020782 0.999764 -1.292300 0.000000 0.000000 0.000000 1.000000
0.999696 -0.023508 0.007480 0.000000 0.023662 0.999496 -0.021169 13.639600 -0.006979 0.021339 0.999748 -1.292300 0.000000 0.000000 0.000000 1.000000
0.999694 -0.023302 0.008301 0.000000 0.023478 0.999490 -0.021667 13.639600 -0.007792 0.021855 0.999731 -1.292300 0.000000 0.000000 0.000000 1.000000
0.999687 -0.023271 0.009164 0.000000 0.023470 0.999477 -0.022239 13.639600 -0.008642 0.022447 0.999711 -1.292300 0.000000 0.000000 0.000000 1.000000
0.999680 -0.023232 0.009961 0.000000 0.023456 0.999460 -0.023003 13.639600 -0.009421 0.023229 0.999686 -1.292300 0.000000 0.000000 0.000000 1.000000
0.999675 -0.023140 0.010668 0.000000 0.023390 0.999440 -0.023916 13.639600 -0.010108 0.024157 0.999657 -1.292300 0.000000 0.000000 0.000000 1.000000
0.999671 -0.023048 0.011299 0.000000 0.023323 0.999419 -0.024844 13.639600 -0.010720 0.025100 0.999627 -1.292300 0.000000 0.000000 0.000000 1.000000
0.999667 -0.022959 0.011816 0.000000 0.023257 0.999398 -0.025738 13.639600 -0.011218 0.026004 0.999599 -1.292300 0.000000 0.000000 0.000000 1.000000
0.999661 -0.023028 0.012132 0.000000 0.023344 0.999373 -0.026636 13.639600 -0.011511 0.026910 0.999572 -1.292300 0.000000 0.000000 0.000000 1.000000
0.999651 -0.023401 0.012287 0.000000 0.023732 0.999340 -0.027514 13.639600 -0.011636 0.027796 0.999546 -1.292300 0.000000 0.000000 0.000000 1.000000
0.999633 -0.024043 0.012485 -0.000000 0.024388 0.999304 -0.028219 13.639600 -0.011798 0.028513 0.999524 -1.292300 0.000000 0.000000 0.000000 1.000000
0.999608 -0.024835 0.012895 0.000000 0.025196 0.999272 -0.028645 13.639600 -0.012174 0.028958 0.999506 -1.292300 0.000000 0.000000 0.000000 1.000000
0.999580 -0.025613 0.013572 -0.000000 0.025997 0.999245 -0.028879 13.639600 -0.012822 0.029220 0.999491 -1.292300 0.000000 0.000000 0.000000 1.000000
0.999553 -0.026241 0.014336 0.000000 0.026650 0.999222 -0.029086 13.639600 -0.013562 0.029455 0.999474 -1.292300 0.000000 0.000000 0.000000 1.000000
0.999534 -0.026614 0.014958 0.000000 0.027043 0.999205 -0.029297 13.639600 -0.014167 0.029688 0.999459 -1.292300 0.000000 0.000000 0.000000 1.000000
0.999526 -0.026706 0.015325 0.000000 0.027148 0.999199 -0.029399 13.639600 -0.014527 0.029801 0.999450 -1.292300 0.000000 0.000000 0.000000 1.000000
0.999525 -0.026636 0.015487 -0.000000 0.027082 0.999204 -0.029297 13.639600 -0.014694 0.029703 0.999451 -1.292300 0.000000 0.000000 0.000000 1.000000
0.999528 -0.026467 0.015594 0.000000 0.026910 0.999219 -0.028938 13.639600 -0.014815 0.029344 0.999460 -1.292300 0.000000 0.000000 0.000000 1.000000
0.999532 -0.026238 0.015697 -0.000000 0.026677 0.999241 -0.028385 13.639600 -0.014940 0.028790 0.999474 -1.292300 0.000000 0.000000 0.000000 1.000000
0.999534 -0.026134 0.015758 0.000000 0.026565 0.999262 -0.027762 13.639600 -0.015021 0.028168 0.999490 -1.292300 0.000000 0.000000 0.000000 1.000000
0.999535 -0.026191 0.015599 -0.000000 0.026609 0.999275 -0.027219 13.639600 -0.014874 0.027622 0.999508 -1.292300 0.000000 0.000000 0.000000 1.000000
0.999538 -0.026359 0.015160 0.000000 0.026759 0.999283 -0.026790 13.639600 -0.014443 0.027184 0.999526 -1.292300 0.000000 0.000000 0.000000 1.000000
0.999541 -0.026555 0.014613 -0.000000 0.026933 0.999290 -0.026362 13.639600 -0.013902 0.026743 0.999546 -1.292300 0.000000 0.000000 0.000000 1.000000
0.999542 -0.026741 0.014135 -0.000000 0.027100 0.999299 -0.025831 13.639600 -0.013434 0.026202 0.999566 -1.292300 0.000000 0.000000 0.000000 1.000000
0.999544 -0.026885 0.013768 -0.000000 0.027227 0.999311 -0.025228 13.639600 -0.013081 0.025592 0.999587 -1.292300 0.000000 0.000000 0.000000 1.000000
0.999546 -0.026942 0.013453 -0.000000 0.027267 0.999324 -0.024643 13.639600 -0.012780 0.024999 0.999606 -1.292300 0.000000 0.000000 0.000000 1.000000
0.999550 -0.026974 0.013088 0.000000 0.027284 0.999336 -0.024130 13.639600 -0.012428 0.024476 0.999623 -1.292300 0.000000 0.000000 0.000000 1.000000
0.999556 -0.026984 0.012617 -0.000000 0.027277 0.999347 -0.023695 13.639600 -0.011969 0.024029 0.999640 -1.292300 0.000000 0.000000 0.000000 1.000000
0.999564 -0.026975 0.012002 -0.000000 0.027249 0.999357 -0.023296 13.639600 -0.011366 0.023613 0.999657 -1.292300 0.000000 0.000000 0.000000 1.000000
0.999574 -0.026949 0.011231 0.000000 0.027201 0.999368 -0.022869 13.639600 -0.010607 0.023165 0.999675 -1.292300 0.000000 0.000000 0.000000 1.000000
0.999584 -0.026888 0.010420 0.000000 0.027116 0.999381 -0.022409 13.639600 -0.009811 0.022682 0.999695 -1.292300 0.000000 0.000000 0.000000 1.000000
0.999593 -0.026814 0.009722 0.000000 0.027022 0.999394 -0.021962 13.639600 -0.009127 0.022216 0.999712 -1.292300 0.000000 0.000000 0.000000 1.000000
0.999600 -0.026759 0.009168 -0.000000 0.026951 0.999404 -0.021566 13.639600 -0.008585 0.021805 0.999725 -1.292300 0.000000 0.000000 0.000000 1.000000
0.999605 -0.026724 0.008664 -0.000000 0.026903 0.999413 -0.021216 13.639600 -0.008092 0.021440 0.999737 -1.292300 0.000000 0.000000 0.000000 1.000000
0.999611 -0.026696 0.008102 0.000000 0.026860 0.999421 -0.020864 13.639600 -0.007541 0.021074 0.999749 -1.292300 0.000000 0.000000 0.000000 1.000000
0.999616 -0.026675 0.007474 -0.000000 0.026823 0.999430 -0.020480 13.639600 -0.006923 0.020673 0.999762 -1.292300 0.000000 0.000000 0.000000 1.000000
0.999621 -0.026658 0.006905 0.000000 0.026792 0.999439 -0.020091 13.639600 -0.006365 0.020268 0.999774 -1.292300 0.000000 0.000000 0.000000 1.000000
0.999624 -0.026647 0.006539 0.000000 0.026772 0.999447 -0.019737 13.639600 -0.006010 0.019905 0.999784 -1.292300 0.000000 0.000000 0.000000 1.000000
0.999625 -0.026640 0.006381 0.000000 0.026760 0.999453 -0.019441 13.639600 -0.005860 0.019604 0.999791 -1.292300 0.000000 0.000000 0.000000 1.000000
0.999625 -0.026637 0.006381 0.000000 0.026756 0.999455 -0.019324 13.639600 -0.005863 0.019487 0.999793 -1.292300 0.000000 0.000000 0.000000 1.000000
0.999625 -0.026637 0.006381 0.000000 0.026756 0.999455 -0.019324 13.639600 -0.005863 0.019487 0.999793 -1.292300 0.000000 0.000000 0.000000 1.000000
0.999625 -0.026640 0.006381 0.000000 0.026759 0.999455 -0.019324 13.639600 -0.005863 0.019487 0.999793 -1.292300 0.000000 0.000000 0.000000 1.000000
