<?xml version="1.0" encoding="utf-8"?>
<COLLADA xmlns="http://www.collada.org/2005/11/COLLADASchema" version="1.4.1">
  <asset><contributor><author>Mixamo</author><authoring_tool>COLLADA Mixamo exporter</authoring_tool><comments></comments></contributor><created>2020-08-17T12:12:59Z</created><modified>2020-08-17T12:12:59Z</modified><revision></revision><title></title><unit meter="0.010000"/><up_axis>Y_UP</up_axis></asset>
  <library_animations>
    <animation id="swat_Hips-anim" name="swat_Hips"><source id="swat_Hips-Matrix-animation-input"><float_array id="swat_Hips-Matrix-animation-input-array" count="44">

0.000000 0.033333 0.066667 0.100000 0.133333 0.166667 0.200000 0.233333 0.266667 0.300000 0.333333 0.366667 0.400000 0.433333 0.466667 0.500000
0.533333 0.566667 0.600000 0.633333 0.666667 0.700000 0.733333 0.766667 0.800000 0.833333 0.866667 0.900000 0.933333 0.966667 1.000000 1.033333
1.066667 1.100000 1.133333 1.166667 1.200000 1.233333 1.266667 1.300000 1.333333 1.366667 1.400000 1.433333</float_array><technique_common><accessor source="#swat_Hips-Matrix-animation-input-array" count="44"><param name="TIME" type="float"/></accessor></technique_common></source><source id="swat_Hips-Matrix-animation-output-transform"><float_array id="swat_Hips-Matrix-animation-output-transform-array" count="704">

0.999576 0.013909 0.025596 -0.235992 -0.015522 0.997833 0.063948 93.666840 -0.024651 -0.064318 0.997625 0.007379 0.000000 0.000000 0.000000 1.000000
0.999254 0.013300 0.036248 -0.394193 -0.015829 0.997393 0.070402 94.439087 -0.035217 -0.070923 0.996860 -0.554327 0.000000 0.000000 0.000000 1.000000
0.998831 0.014250 0.046197 -0.545755 -0.017678 0.997053 0.074653 95.076385 -0.044997 -0.075382 0.996139 -1.141698 0.000000 0.000000 0.000000 1.000000
0.998324 0.018263 0.054913 -0.699171 -0.022320 0.996994 0.074199 95.428070 -0.053393 -0.075301 0.995730 -1.644468 0.000000 0.000000 0.000000 1.000000
0.997666 0.029300 0.061673 -0.826507 -0.033291 0.997348 0.064717 95.169945 -0.059614 -0.066619 0.995996 -1.960831 0.000000 0.000000 0.000000 1.000000
0.996708 0.046344 0.066527 -0.860978 -0.050012 0.997257 0.054570 94.356392 -0.063815 -0.057718 0.996291 -1.993023 0.000000 0.000000 0.000000 1.000000
0.995607 0.061216 0.070842 -0.782568 -0.064645 0.996793 0.047167 93.388512 -0.067727 -0.051539 0.996372 -1.860507 0.000000 0.000000 0.000000 1.000000
0.994776 0.066842 0.077153 -0.584213 -0.070115 0.996716 0.040520 92.641098 -0.074191 -0.045718 0.996196 -1.731975 0.000000 0.000000 0.000000 1.000000
0.994374 0.064480 0.084044 -0.197082 -0.067559 0.997125 0.034321 92.162483 -0.081589 -0.039806 0.995871 -1.470580 0.000000 0.000000 0.000000 1.000000
0.994613 0.053870 0.088566 0.435704 -0.056626 0.997977 0.028905 92.022652 -0.086830 -0.033764 0.995651 -0.962243 0.000000 0.000000 0.000000 1.000000
0.995404 0.042251 0.085943 1.353747 -0.044535 0.998699 0.024834 91.977768 -0.084782 -0.028548 0.995990 -0.050073 0.000000 0.000000 0.000000 1.000000
0.996670 0.029913 0.075851 2.494236 -0.031606 0.999275 0.021223 92.047150 -0.075161 -0.023550 0.996893 1.050328 0.000000 0.000000 0.000000 1.000000
0.998155 0.015255 0.058768 3.786830 -0.016508 0.999645 0.020897 92.222702 -0.058429 -0.021829 0.998053 2.097400 0.000000 0.000000 0.000000 1.000000
0.999391 -0.001883 0.034838 5.177813 0.000883 0.999588 0.028699 92.358803 -0.034877 -0.028651 0.998981 2.943653 0.000000 0.000000 0.000000 1.000000
0.999779 -0.020151 0.006044 6.565700 0.019857 0.998773 0.045366 92.322685 -0.006951 -0.045236 0.998952 3.514755 0.000000 0.000000 0.000000 1.000000
0.999051 -0.036448 -0.023836 7.826712 0.037909 0.997227 0.064039 92.125679 0.021436 -0.064882 0.997663 3.749604 0.000000 0.000000 0.000000 1.000000
0.997510 -0.047565 -0.052070 8.872797 0.051490 0.995713 0.076840 91.935715 0.048192 -0.079330 0.995683 3.678434 0.000000 0.000000 0.000000 1.000000
0.995615 -0.053649 -0.076629 9.665676 0.059942 0.994801 0.082323 91.838058 0.071814 -0.086555 0.993655 3.367605 0.000000 0.000000 0.000000 1.000000
0.993872 -0.057254 -0.094554 10.220547 0.065296 0.994302 0.084267 91.847473 0.089191 -0.089924 0.991947 2.910557 0.000000 0.000000 0.000000 1.000000
0.992869 -0.059043 -0.103557 10.584548 0.068187 0.993863 0.087100 92.039986 0.097779 -0.093540 0.990802 2.384810 0.000000 0.000000 0.000000 1.000000
0.992741 -0.057734 -0.105505 10.811653 0.067639 0.993381 0.092845 92.469460 0.099446 -0.099307 0.990075 1.806052 0.000000 0.000000 0.000000 1.000000
0.993060 -0.052449 -0.105267 10.959524 0.063124 0.992905 0.100775 93.088516 0.099234 -0.106720 0.989325 1.212165 0.000000 0.000000 0.000000 1.000000
0.993347 -0.044596 -0.106178 11.078222 0.056051 0.992627 0.107469 93.759201 0.100603 -0.112705 0.988522 0.642508 0.000000 0.000000 0.000000 1.000000
0.993355 -0.037873 -0.108680 11.198007 0.049645 0.992939 0.107739 94.328857 0.103832 -0.112418 0.988221 0.069758 0.000000 0.000000 0.000000 1.000000
0.993070 -0.036008 -0.111876 11.339560 0.047145 0.994014 0.098557 94.670181 0.107657 -0.103148 0.988823 -0.545861 0.000000 0.000000 0.000000 1.000000
0.992674 -0.039702 -0.114117 11.490430 0.049134 0.995497 0.081065 94.690483 0.110385 -0.086078 0.990154 -1.176830 0.000000 0.000000 0.000000 1.000000
0.992390 -0.048006 -0.113395 11.565591 0.054849 0.996808 0.058013 94.358231 0.110248 -0.063791 0.991855 -1.735381 0.000000 0.000000 0.000000 1.000000
0.992313 -0.058981 -0.108790 11.438997 0.062852 0.997494 0.032496 93.688499 0.106601 -0.039084 0.993533 -2.093910 0.000000 0.000000 0.000000 1.000000
0.992157 -0.074317 -0.100502 11.053599 0.075617 0.997095 0.009186 92.682587 0.099528 -0.016714 0.994894 -2.121706 0.000000 0.000000 0.000000 1.000000
0.992127 -0.079513 -0.096759 10.559665 0.078986 0.996833 -0.009275 91.940613 0.097190 0.001559 0.995265 -2.073058 0.000000 0.000000 0.000000 1.000000
0.992334 -0.073829 -0.099105 9.975083 0.072023 0.997167 -0.021680 91.616760 0.100425 0.014376 0.994841 -1.913368 0.000000 0.000000 0.000000 1.000000
0.992888 -0.060464 -0.102552 9.223652 0.057961 0.997948 -0.027212 91.645187 0.103987 0.021074 0.994355 -1.444795 0.000000 0.000000 0.000000 1.000000
0.993867 -0.048458 -0.099402 8.235028 0.046113 0.998604 -0.025754 91.688980 0.100511 0.021012 0.994714 -0.688432 0.000000 0.000000 0.000000 1.000000
0.995191 -0.036156 -0.091036 7.053487 0.034633 0.999233 -0.018255 91.744888 0.091626 0.015014 0.995680 0.137433 0.000000 0.000000 0.000000 1.000000
0.996566 -0.023865 -0.079288 5.730774 0.023467 0.999707 -0.005958 91.697311 0.079407 0.004077 0.996834 0.962116 0.000000 0.000000 0.000000 1.000000
0.997774 -0.008872 -0.066097 4.376425 0.009438 0.999921 0.008263 91.511292 0.066019 -0.008869 0.997779 1.650282 0.000000 0.000000 0.000000 1.000000
0.998565 0.006637 -0.053147 3.149356 -0.005521 0.999762 0.021121 91.160149 0.053275 -0.020797 0.998363 2.078085 0.000000 0.000000 0.000000 1.000000
0.998924 0.019329 -0.042167 2.167278 -0.018049 0.999371 0.030515 90.820290 0.042730 -0.029721 0.998644 2.210946 0.000000 0.000000 0.000000 1.000000
0.999194 0.024497 -0.031800 1.433900 -0.023346 0.999076 0.036075 90.685410 0.032655 -0.035304 0.998843 2.114733 0.000000 0.000000 0.000000 1.000000
0.999531 0.023066 -0.020156 0.891963 -0.022260 0.998977 0.039367 90.842751 0.021044 -0.038900 0.999021 1.855688 0.000000 0.000000 0.000000 1.000000
0.999773 0.019502 -0.008534 0.481363 -0.019116 0.998883 0.043208 91.301132 0.009367 -0.043035 0.999030 1.484594 0.000000 0.000000 0.000000 1.000000
0.999854 0.016809 0.003164 0.182362 -0.016946 0.998604 0.050026 92.058006 -0.002319 -0.050072 0.998743 1.039324 0.000000 0.000000 0.000000 1.000000
0.999780 0.015024 0.014661 -0.047847 -0.015840 0.998239 0.057170 92.869797 -0.013777 -0.057390 0.998257 0.541422 0.000000 0.000000 0.000000 1.000000
0.999576 0.013908 0.025596 -0.242762 -0.015522 0.997833 0.063948 93.666824 -0.024651 -0.064318 0.997625 0.007379 0.000000 0.000000 0.000000 1.000000</float_array><technique_common><accessor source="#swat_Hips-Matrix-animation-output-transform-array" count="44" stride="16"><param type="float4x4"/></accessor></technique_common></source><source id="swat_Hips-Interpolations"><Name_array id="swat_Hips-Interpolations-array" count="44">
 LINEAR LINEAR LINEAR LINEAR LINEAR LINEAR LINEAR LINEAR LINEAR LINEAR LINEAR
LINEAR LINEAR LINEAR LINEAR LINEAR LINEAR LINEAR LINEAR LINEAR LINEAR LINEAR LINEAR
LINEAR LINEAR LINEAR LINEAR LINEAR LINEAR LINEAR LINEAR LINEAR LINEAR LINEAR LINEAR
LINEAR LINEAR LINEAR LINEAR LINEAR LINEAR LINEAR LINEAR LINEAR</Name_array><technique_common><accessor source="#swat_Hips-Interpolations-array" count="44"><param type="name"/></accessor></technique_common></source><sampler id="swat_Hips-Matrix-animation-transform"><input semantic="INPUT" source="#swat_Hips-Matrix-animation-input"/><input semantic="OUTPUT" source="#swat_Hips-Matrix-animation-output-transform"/><input semantic="INTERPOLATION" source="#swat_Hips-Interpolations"/></sampler><channel source="#swat_Hips-Matrix-animation-transform" target="swat_Hips/matrix"/></animation>
    <animation id="swat_Spine-anim" name="swat_Spine"><source id="swat_Spine-Matrix-animation-input"><float_array id="swat_Spine-Matrix-animation-input-array" count="44">

0.000000 0.033333 0.066667 0.100000 0.133333 0.166667 0.200000 0.233333 0.266667 0.300000 0.333333 0.366667 0.400000 0.433333 0.466667 0.500000
0.533333 0.566667 0.600000 0.633333 0.666667 0.700000 0.733333 0.766667 0.800000 0.833333 0.866667 0.900000 0.933333 0.966667 1.000000 1.033333
1.066667 1.100000 1.133333 1.166667 1.200000 1.233333 1.266667 1.300000 1.333333 1.366667 1.400000 1.433333</float_array><technique_common><accessor source="#swat_Spine-Matrix-animation-input-array" count="44"><param name="TIME" type="float"/></accessor></technique_common></source><source id="swat_Spine-Matrix-animation-output-transform"><float_array id="swat_Spine-Matrix-animation-output-transform-array" count="704">

0.999696 0.011696 0.021711 0.000000 -0.010263 0.997834 -0.064982 9.226300 -0.022424 0.064739 0.997650 1.577100 0.000000 0.000000 0.000000 1.000000
0.999048 0.018530 0.039499 -0.000000 -0.015767 0.997481 -0.069164 9.226300 -0.040681 0.068475 0.996823 1.577100 0.000000 0.000000 0.000000 1.000000
0.998123 0.023886 0.056387 0.000000 -0.019830 0.997249 -0.071416 9.226300 -0.057938 0.070164 0.995852 1.577100 0.000000 0.000000 0.000000 1.000000
0.997043 0.026832 0.072010 0.000000 -0.021746 0.997274 -0.070506 9.226300 -0.073705 0.068732 0.994909 1.577100 0.000000 0.000000 0.000000 1.000000
0.996098 0.024013 0.084930 0.000000 -0.018550 0.997743 -0.064536 9.226300 -0.086288 0.062709 0.994295 1.577100 0.000000 0.000000 0.000000 1.000000
0.995318 0.018477 0.094869 0.000000 -0.013002 0.998231 -0.058007 9.226300 -0.095773 0.056502 0.993798 1.577100 0.000000 0.000000 0.000000 1.000000
0.994616 0.014004 0.102674 0.000000 -0.008655 0.998591 -0.052360 9.226300 -0.103262 0.051189 0.993336 1.577100 0.000000 0.000000 0.000000 1.000000
0.993986 0.015552 0.108393 0.000000 -0.010397 0.998795 -0.047963 9.226300 -0.109008 0.046548 0.992950 1.577100 0.000000 0.000000 0.000000 1.000000
0.993279 0.023007 0.113439 0.000000 -0.018183 0.998894 -0.043372 9.226300 -0.114311 0.041017 0.992598 1.577100 0.000000 0.000000 0.000000 1.000000
0.992289 0.036467 0.118460 -0.000000 -0.032191 0.998766 -0.037810 9.226300 -0.119693 0.033705 0.992239 1.577100 0.000000 0.000000 0.000000 1.000000
0.990909 0.050232 0.124808 -0.000000 -0.046843 0.998453 -0.029945 9.226300 -0.126119 0.023826 0.991729 1.577100 0.000000 0.000000 0.000000 1.000000
0.989363 0.061564 0.131799 -0.000000 -0.059310 0.998020 -0.020961 9.226300 -0.132828 0.012921 0.991055 1.577100 0.000000 0.000000 0.000000 1.000000
0.988057 0.068764 0.137892 0.000000 -0.067585 0.997626 -0.013218 9.226300 -0.138473 0.003741 0.990359 1.577100 0.000000 0.000000 0.000000 1.000000
0.987415 0.071924 0.140847 -0.000000 -0.071323 0.997410 -0.009318 9.226300 -0.141153 -0.000844 0.989987 1.577100 0.000000 0.000000 0.000000 1.000000
0.987602 0.072361 0.139306 -0.000000 -0.071559 0.997378 -0.010761 9.226300 -0.139719 0.000659 0.990191 1.577100 0.000000 0.000000 0.000000 1.000000
0.988688 0.070555 0.132354 0.000000 -0.068900 0.997478 -0.017046 9.226300 -0.133223 0.007734 0.991056 1.577100 0.000000 0.000000 0.000000 1.000000
0.990624 0.066133 0.119540 0.000000 -0.063439 0.997642 -0.026204 9.226300 -0.120991 0.018375 0.992484 1.577100 0.000000 0.000000 0.000000 1.000000
0.993057 0.059583 0.101428 0.000000 -0.056179 0.997768 -0.036097 9.226300 -0.103353 0.030148 0.994188 1.577100 0.000000 0.000000 0.000000 1.000000
0.995502 0.051647 0.079422 0.000000 -0.048154 0.997813 -0.045284 9.226300 -0.081587 0.041256 0.995812 1.577100 0.000000 0.000000 0.000000 1.000000
0.997592 0.042083 0.055122 0.000000 -0.039156 0.997819 -0.053146 9.226300 -0.057238 0.050860 0.997064 1.577100 0.000000 0.000000 0.000000 1.000000
0.999074 0.030721 0.030134 0.000000 -0.028883 0.997801 -0.059655 9.226300 -0.031901 0.058730 0.997764 1.577100 0.000000 0.000000 0.000000 1.000000
0.999820 0.018030 0.005861 0.000000 -0.017613 0.997746 -0.064757 9.226300 -0.007015 0.064642 0.997884 1.577100 0.000000 0.000000 0.000000 1.000000
0.999846 0.004946 -0.016809 0.000000 -0.006078 0.997668 -0.067977 9.226300 0.016433 0.068069 0.997545 1.577100 0.000000 0.000000 0.000000 1.000000
0.999267 -0.007242 -0.037592 0.000000 0.004652 0.997638 -0.068533 9.226300 0.037999 0.068308 0.996940 1.577100 0.000000 0.000000 0.000000 1.000000
0.998254 -0.016820 -0.056619 0.000000 0.013084 0.997751 -0.065735 9.226300 0.057597 0.064880 0.996229 1.577100 0.000000 0.000000 0.000000 1.000000
0.997009 -0.022121 -0.074059 -0.000000 0.017732 0.998077 -0.059404 9.226300 0.075230 0.057913 0.995483 1.577100 0.000000 0.000000 0.000000 1.000000
0.995728 -0.021867 -0.089713 -0.000000 0.017417 0.998593 -0.050081 9.226300 0.090682 0.048305 0.994708 1.577100 0.000000 0.000000 0.000000 1.000000
0.994565 -0.018632 -0.102437 0.000000 0.014659 0.999116 -0.039397 9.226300 0.103080 0.037682 0.993959 1.577100 0.000000 0.000000 0.000000 1.000000
0.993680 -0.016111 -0.111084 0.000000 0.012917 0.999484 -0.029406 9.226300 0.111500 0.027786 0.993376 1.577100 0.000000 0.000000 0.000000 1.000000
0.993151 -0.016402 -0.115678 0.000000 0.014045 0.999677 -0.021157 9.226300 0.115988 0.019388 0.993061 1.577100 0.000000 0.000000 0.000000 1.000000
0.992961 -0.020705 -0.116614 0.000000 0.019038 0.999700 -0.015394 9.226300 0.116898 0.013065 0.993058 1.577100 0.000000 0.000000 0.000000 1.000000
0.992923 -0.026971 -0.115657 0.000000 0.025753 0.999596 -0.012009 9.226300 0.115934 0.008946 0.993217 1.577100 0.000000 0.000000 0.000000 1.000000
0.992878 -0.032956 -0.114488 0.000000 0.031978 0.999435 -0.010375 9.226300 0.114766 0.006640 0.993370 1.577100 0.000000 0.000000 0.000000 1.000000
0.992824 -0.036404 -0.113907 -0.000000 0.035494 0.999320 -0.010007 9.226300 0.114194 0.005892 0.993441 1.577100 0.000000 0.000000 0.000000 1.000000
0.992905 -0.037218 -0.112932 -0.000000 0.036211 0.999284 -0.010957 9.226300 0.113259 0.006790 0.993542 1.577100 0.000000 0.000000 0.000000 1.000000
0.993224 -0.036852 -0.110222 0.000000 0.035578 0.999276 -0.013507 9.226300 0.110640 0.009494 0.993815 1.577100 0.000000 0.000000 0.000000 1.000000
0.993855 -0.036601 -0.104462 0.000000 0.034923 0.999231 -0.017851 9.226300 0.105035 0.014094 0.994369 1.577100 0.000000 0.000000 0.000000 1.000000
0.994900 -0.035603 -0.094378 0.000000 0.033501 0.999156 -0.023766 9.226300 0.095144 0.020483 0.995253 1.577100 0.000000 0.000000 0.000000 1.000000
0.996353 -0.031550 -0.079283 -0.000000 0.029196 0.999103 -0.030686 9.226300 0.080180 0.028259 0.996380 1.577100 0.000000 0.000000 0.000000 1.000000
0.997920 -0.024104 -0.059789 0.000000 0.021854 0.999038 -0.038020 9.226300 0.060647 0.036634 0.997487 1.577100 0.000000 0.000000 0.000000 1.000000
0.999193 -0.014250 -0.037555 -0.000000 0.012548 0.998900 -0.045177 9.226300 0.038157 0.044669 0.998273 1.577100 0.000000 0.000000 0.000000 1.000000
0.999857 -0.004551 -0.016310 0.000000 0.003681 0.998587 -0.053022 9.226300 0.016529 0.052955 0.998460 1.577100 0.000000 0.000000 0.000000 1.000000
0.999986 0.004108 0.003373 0.000000 -0.003899 0.998196 -0.059907 9.226300 -0.003613 0.059893 0.998198 1.577100 0.000000 0.000000 0.000000 1.000000
0.999696 0.011697 0.021711 0.000000 -0.010264 0.997834 -0.064982 9.226300 -0.022425 0.064739 0.997650 1.577100 0.000000 0.000000 0.000000 1.000000</float_array><technique_common><accessor source="#swat_Spine-Matrix-animation-output-transform-array" count="44" stride="16"><param type="float4x4"/></accessor></technique_common></source><source id="swat_Spine-Interpolations"><Name_array id="swat_Spine-Interpolations-array" count="44">
 LINEAR LINEAR LINEAR LINEAR LINEAR LINEAR LINEAR LINEAR LINEAR LINEAR LINEAR
LINEAR LINEAR LINEAR LINEAR LINEAR LINEAR LINEAR LINEAR LINEAR LINEAR LINEAR LINEAR
LINEAR LINEAR LINEAR LINEAR LINEAR LINEAR LINEAR LINEAR LINEAR LINEAR LINEAR LINEAR
LINEAR LINEAR LINEAR LINEAR LINEAR LINEAR LINEAR LINEAR LINEAR</Name_array><technique_common><accessor source="#swat_Spine-Interpolations-array" count="44"><param type="name"/></accessor></technique_common></source><sampler id="swat_Spine-Matrix-animation-transform"><input semantic="INPUT" source="#swat_Spine-Matrix-animation-input"/><input semantic="OUTPUT" source="#swat_Spine-Matrix-animation-output-transform"/><input semantic="INTERPOLATION" source="#swat_Spine-Interpolations"/></sampler><channel source="#swat_Spine-Matrix-animation-transform" target="swat_Spine/matrix"/></animation>
    <animation id="swat_Spine1-anim" name="swat_Spine1"><source id="swat_Spine1-Matrix-animation-input"><float_array id="swat_Spine1-Matrix-animation-input-array" count="44">

0.000000 0.033333 0.066667 0.100000 0.133333 0.166667 0.200000 0.233333 0.266667 0.300000 0.333333 0.366667 0.400000 0.433333 0.466667 0.500000
0.533333 0.566667 0.600000 0.633333 0.666667 0.700000 0.733333 0.766667 0.800000 0.833333 0.866667 0.900000 0.933333 0.966667 1.000000 1.033333
1.066667 1.100000 1.133333 1.166667 1.200000 1.233333 1.266667 1.300000 1.333333 1.366667 1.400000 1.433333</float_array><technique_common><accessor source="#swat_Spine1-Matrix-animation-input-array" count="44"><param name="TIME" type="float"/></accessor></technique_common></source><source id="swat_Spine1-Matrix-animation-output-transform"><float_array id="swat_Spine1-Matrix-animation-output-transform-array" count="704">

0.999610 0.022801 0.016142 -0.000000 -0.022156 0.998991 -0.039064 16.254000 -0.017017 0.038691 0.999106 -0.165600 0.000000 0.000000 0.000000 1.000000
0.999131 0.026825 0.031896 -0.000000 -0.025458 0.998771 -0.042520 16.254000 -0.032997 0.041671 0.998586 -0.165600 0.000000 0.000000 0.000000 1.000000
0.998459 0.030341 0.046459 0.000000 -0.028284 0.998617 -0.044308 16.254000 -0.047739 0.042926 0.997937 -0.165600 0.000000 0.000000 0.000000 1.000000
0.997702 0.033083 0.059127 0.000000 -0.030538 0.998589 -0.043448 16.254000 -0.060481 0.041543 0.997304 -0.165600 0.000000 0.000000 0.000000 1.000000
0.997089 0.034392 0.068055 -0.000000 -0.031830 0.998756 -0.038388 16.254000 -0.069290 0.036110 0.996943 -0.165600 0.000000 0.000000 0.000000 1.000000
0.996620 0.035186 0.074239 0.000000 -0.032838 0.998928 -0.032619 16.254000 -0.075307 0.030071 0.996707 -0.165600 0.000000 0.000000 0.000000 1.000000
0.996213 0.036278 0.079022 0.000000 -0.034214 0.999041 -0.027317 16.254000 -0.079938 0.024510 0.996498 -0.165600 0.000000 0.000000 0.000000 1.000000
0.995773 0.038439 0.083421 0.000000 -0.036661 0.999069 -0.022741 16.254000 -0.084217 0.019587 0.996255 -0.165600 0.000000 0.000000 0.000000 1.000000
0.995226 0.041548 0.088316 -0.000000 -0.040124 0.999035 -0.017839 16.254000 -0.088972 0.014210 0.995933 -0.165600 0.000000 0.000000 0.000000 1.000000
0.994515 0.045615 0.094128 0.000000 -0.044671 0.998928 -0.012116 16.254000 -0.094580 0.007845 0.995486 -0.165600 0.000000 0.000000 0.000000 1.000000
0.993682 0.049486 0.100730 0.000000 -0.049250 0.998775 -0.004830 16.254000 -0.100845 -0.000162 0.994902 -0.165600 0.000000 0.000000 0.000000 1.000000
0.992840 0.052358 0.107369 0.000000 -0.052973 0.998592 0.002881 16.254000 -0.107067 -0.008548 0.994215 -0.165600 0.000000 0.000000 0.000000 1.000000
0.992172 0.053467 0.112854 0.000000 -0.054839 0.998454 0.009087 16.254000 -0.112194 -0.015205 0.993570 -0.165600 0.000000 0.000000 0.000000 1.000000
0.991889 0.052380 0.115814 0.000000 -0.054111 0.998465 0.011853 16.254000 -0.115016 -0.018024 0.993200 -0.165600 0.000000 0.000000 0.000000 1.000000
0.992146 0.049114 0.115036 -0.000000 -0.050622 0.998666 0.010224 16.254000 -0.114381 -0.015967 0.993309 -0.165600 0.000000 0.000000 0.000000 1.000000
0.992979 0.044106 0.109762 0.000000 -0.044888 0.998981 0.004661 16.254000 -0.109444 -0.009555 0.993947 -0.165600 0.000000 0.000000 0.000000 1.000000
0.994278 0.038060 0.099811 0.000000 -0.037911 0.999275 -0.003384 16.254000 -0.099867 -0.000419 0.995001 -0.165600 0.000000 0.000000 0.000000 1.000000
0.995834 0.031600 0.085530 0.000000 -0.030665 0.999455 -0.012221 16.254000 -0.085870 0.009547 0.996261 -0.165600 0.000000 0.000000 0.000000 1.000000
0.997393 0.025049 0.067668 0.000000 -0.023702 0.999506 -0.020640 16.254000 -0.068152 0.018983 0.997494 -0.165600 0.000000 0.000000 0.000000 1.000000
0.998710 0.018442 0.047307 0.000000 -0.017125 0.999459 -0.028088 16.254000 -0.047799 0.027242 0.998485 -0.165600 0.000000 0.000000 0.000000 1.000000
0.999600 0.011619 0.025789 -0.000000 -0.010729 0.999351 -0.034389 16.254000 -0.026172 0.034099 0.999076 -0.165600 0.000000 0.000000 0.000000 1.000000
0.999980 0.004515 0.004532 0.000000 -0.004333 0.999217 -0.039321 16.254000 -0.004706 0.039300 0.999216 -0.165600 0.000000 0.000000 0.000000 1.000000
0.999880 -0.002650 -0.015294 0.000000 0.002000 0.999100 -0.042379 16.254000 0.015392 0.042343 0.998985 -0.165600 0.000000 0.000000 0.000000 1.000000
0.999411 -0.009393 -0.033017 -0.000000 0.007973 0.999049 -0.042876 16.254000 0.033388 0.042587 0.998535 -0.165600 0.000000 0.000000 0.000000 1.000000
0.998711 -0.015155 -0.048444 0.000000 0.013208 0.999102 -0.040247 16.254000 0.049010 0.039555 0.998015 -0.165600 0.000000 0.000000 0.000000 1.000000
0.997910 -0.019525 -0.061597 0.000000 0.017428 0.999256 -0.034398 16.254000 0.062223 0.033253 0.997508 -0.165600 0.000000 0.000000 0.000000 1.000000
0.997122 -0.022401 -0.072433 -0.000000 0.020570 0.999452 -0.025919 16.254000 0.072974 0.024354 0.997036 -0.165600 0.000000 0.000000 0.000000 1.000000
0.996439 -0.024201 -0.080771 0.000000 0.022965 0.999605 -0.016204 16.254000 0.081131 0.014292 0.996601 -0.165600 0.000000 0.000000 0.000000 1.000000
0.995925 -0.025521 -0.086500 0.000000 0.025011 0.999663 -0.006976 16.254000 0.086649 0.004784 0.996227 -0.165600 0.000000 0.000000 0.000000 1.000000
0.995604 -0.026426 -0.089861 0.000000 0.026612 0.999645 0.000876 16.254000 0.089806 -0.003263 0.995954 -0.165600 0.000000 0.000000 0.000000 1.000000
0.995431 -0.027267 -0.091513 0.000000 0.027988 0.999586 0.006598 16.254000 0.091295 -0.009129 0.995782 -0.165600 0.000000 0.000000 0.000000 1.000000
0.995330 -0.028117 -0.092341 0.000000 0.029162 0.999525 0.009987 16.254000 0.092017 -0.012634 0.995677 -0.165600 0.000000 0.000000 0.000000 1.000000
0.995252 -0.028475 -0.093078 0.000000 0.029673 0.999493 0.011509 16.254000 0.092704 -0.014216 0.995592 -0.165600 0.000000 0.000000 0.000000 1.000000
0.995192 -0.027821 -0.093913 0.000000 0.029034 0.999511 0.011577 16.254000 0.093545 -0.014248 0.995513 -0.165600 0.000000 0.000000 0.000000 1.000000
0.995203 -0.025911 -0.094341 -0.000000 0.027004 0.999582 0.010327 16.254000 0.094034 -0.012825 0.995486 -0.165600 0.000000 0.000000 0.000000 1.000000
0.995377 -0.022713 -0.093325 0.000000 0.023540 0.999693 0.007771 16.254000 0.093120 -0.009932 0.995605 -0.165600 0.000000 0.000000 0.000000 1.000000
0.995804 -0.018367 -0.089655 0.000000 0.018789 0.999816 0.003865 16.254000 0.089567 -0.005533 0.995965 -0.165600 0.000000 0.000000 0.000000 1.000000
0.996519 -0.013033 -0.082339 0.000000 0.012964 0.999915 -0.001373 16.254000 0.082350 0.000301 0.996603 -0.165600 0.000000 0.000000 0.000000 1.000000
0.997462 -0.006812 -0.070878 0.000000 0.006279 0.999950 -0.007731 16.254000 0.070927 0.007266 0.997455 -0.165600 0.000000 0.000000 0.000000 1.000000
0.998465 0.000176 -0.055390 0.000000 -0.000993 0.999891 -0.014720 16.254000 0.055381 0.014753 0.998356 -0.165600 0.000000 0.000000 0.000000 1.000000
0.999296 0.007490 -0.036750 -0.000000 -0.008290 0.999731 -0.021675 16.254000 0.036577 0.021965 0.999089 -0.165600 0.000000 0.000000 0.000000 1.000000
0.999749 0.013488 -0.017891 -0.000000 -0.013999 0.999488 -0.028772 16.254000 0.017494 0.029015 0.999426 -0.165600 0.000000 0.000000 0.000000 1.000000
0.999829 0.018482 -0.000204 -0.000000 -0.018478 0.999225 -0.034769 16.254000 -0.000438 0.034767 0.999395 -0.165600 0.000000 0.000000 0.000000 1.000000
0.999610 0.022801 0.016142 0.000000 -0.022156 0.998991 -0.039064 16.254000 -0.017017 0.038691 0.999106 -0.165600 0.000000 0.000000 0.000000 1.000000</float_array><technique_common><accessor source="#swat_Spine1-Matrix-animation-output-transform-array" count="44" stride="16"><param type="float4x4"/></accessor></technique_common></source><source id="swat_Spine1-Interpolations"><Name_array id="swat_Spine1-Interpolations-array" count="44">
 LINEAR LINEAR LINEAR LINEAR LINEAR LINEAR LINEAR LINEAR LINEAR LINEAR LINEAR
LINEAR LINEAR LINEAR LINEAR LINEAR LINEAR LINEAR LINEAR LINEAR LINEAR LINEAR LINEAR
LINEAR LINEAR LINEAR LINEAR LINEAR LINEAR LINEAR LINEAR LINEAR LINEAR LINEAR LINEAR
LINEAR LINEAR LINEAR LINEAR LINEAR LINEAR LINEAR LINEAR LINEAR</Name_array><technique_common><accessor source="#swat_Spine1-Interpolations-array" count="44"><param type="name"/></accessor></technique_common></source><sampler id="swat_Spine1-Matrix-animation-transform"><input semantic="INPUT" source="#swat_Spine1-Matrix-animation-input"/><input semantic="OUTPUT" source="#swat_Spine1-Matrix-animation-output-transform"/><input semantic="INTERPOLATION" source="#swat_Spine1-Interpolations"/></sampler><channel source="#swat_Spine1-Matrix-animation-transform" target="swat_Spine1/matrix"/></animation>
    <animation id="swat_Spine2-anim" name="swat_Spine2"><source id="swat_Spine2-Matrix-animation-input"><float_array id="swat_Spine2-Matrix-animation-input-array" count="44">

0.000000 0.033333 0.066667 0.100000 0.133333 0.166667 0.200000 0.233333 0.266667 0.300000 0.333333 0.366667 0.400000 0.433333 0.466667 0.500000
0.533333 0.566667 0.600000 0.633333 0.666667 0.700000 0.733333 0.766667 0.800000 0.833333 0.866667 0.900000 0.933333 0.966667 1.000000 1.033333
1.066667 1.100000 1.133333 1.166667 1.200000 1.233333 1.266667 1.300000 1.333333 1.366667 1.400000 1.433333</float_array><technique_common><accessor source="#swat_Spine2-Matrix-animation-input-array" count="44"><param name="TIME" type="float"/></accessor></technique_common></source><source id="swat_Spine2-Matrix-animation-output-transform"><float_array id="swat_Spine2-Matrix-animation-output-transform-array" count="704">

0.999608 0.023272 0.015540 0.000000 -0.022655 0.998992 -0.038745 13.639600 -0.016426 0.038378 0.999128 -1.292300 0.000000 0.000000 0.000000 1.000000
0.999121 0.027809 0.031362 -0.000000 -0.026479 0.998764 -0.042055 13.639600 -0.032493 0.041188 0.998623 -1.292300 0.000000 0.000000 0.000000 1.000000
0.998435 0.031818 0.045985 -0.000000 -0.029814 0.998603 -0.043625 13.639600 -0.047309 0.042186 0.997989 -1.292300 0.000000 0.000000 0.000000 1.000000
0.997662 0.035038 0.058670 0.000000 -0.032572 0.998566 -0.042475 13.639600 -0.060074 0.040465 0.997373 -1.292300 0.000000 0.000000 0.000000 1.000000
0.997041 0.036812 0.067491 -0.000000 -0.034365 0.998721 -0.037073 13.639600 -0.068770 0.034644 0.997031 -1.292300 0.000000 0.000000 0.000000 1.000000
0.996572 0.038091 0.073433 0.000000 -0.035891 0.998873 -0.031050 13.639600 -0.074533 0.028308 0.996817 -1.292300 0.000000 0.000000 0.000000 1.000000
0.996173 0.039673 0.077887 -0.000000 -0.037781 0.998958 -0.025607 13.639600 -0.078822 0.022566 0.996633 -1.292300 0.000000 0.000000 0.000000 1.000000
0.995743 0.042262 0.081917 -0.000000 -0.040671 0.998952 -0.021002 13.639600 -0.082719 0.017581 0.996418 -1.292300 0.000000 0.000000 0.000000 1.000000
0.995208 0.045728 0.086433 0.000000 -0.044497 0.998880 -0.016114 13.639600 -0.087073 0.012190 0.996127 -1.292300 0.000000 0.000000 0.000000 1.000000
0.994511 0.050029 0.091896 -0.000000 -0.049279 0.998731 -0.010408 13.639600 -0.092300 0.005822 0.995714 -1.292300 0.000000 0.000000 0.000000 1.000000
0.993698 0.054055 0.098194 0.000000 -0.054016 0.998535 -0.003051 13.639600 -0.098215 -0.002272 0.995163 -1.292300 0.000000 0.000000 0.000000 1.000000
0.992877 0.056992 0.104629 0.000000 -0.057813 0.998316 0.004831 13.639600 -0.104177 -0.010846 0.994500 -1.292300 0.000000 0.000000 0.000000 1.000000
0.992226 0.058077 0.110063 0.000000 -0.059674 0.998154 0.011271 13.639600 -0.109205 -0.017752 0.993861 -1.292300 0.000000 0.000000 0.000000 1.000000
0.991947 0.056877 0.113164 0.000000 -0.058859 0.998165 0.014246 13.639600 -0.112146 -0.020792 0.993474 -1.292300 0.000000 0.000000 0.000000 1.000000
0.992191 0.053406 0.112714 0.000000 -0.055182 0.998396 0.012697 13.639600 -0.111855 -0.018817 0.993546 -1.292300 0.000000 0.000000 0.000000 1.000000
0.992999 0.048093 0.107892 0.000000 -0.049133 0.998768 0.007006 13.639600 -0.107422 -0.012258 0.994138 -1.292300 0.000000 0.000000 0.000000 1.000000
0.994274 0.041623 0.098426 -0.000000 -0.041688 0.999130 -0.001392 13.639600 -0.098398 -0.002719 0.995143 -1.292300 0.000000 0.000000 0.000000 1.000000
0.995817 0.034608 0.084564 -0.000000 -0.033818 0.999370 -0.010754 13.639600 -0.084883 0.007849 0.996360 -1.292300 0.000000 0.000000 0.000000 1.000000
0.997378 0.027382 0.066994 -0.000000 -0.026113 0.999464 -0.019756 13.639600 -0.067499 0.017955 0.997558 -1.292300 0.000000 0.000000 0.000000 1.000000
0.998704 0.020025 0.046780 0.000000 -0.018742 0.999440 -0.027712 13.639600 -0.047309 0.026799 0.998521 -1.292300 0.000000 0.000000 0.000000 1.000000
0.999603 0.012445 0.025293 -0.000000 -0.011573 0.999343 -0.034333 13.639600 -0.025704 0.034026 0.999090 -1.292300 0.000000 0.000000 0.000000 1.000000
0.999981 0.004645 0.004005 0.000000 -0.004484 0.999216 -0.039345 13.639600 -0.004185 0.039326 0.999218 -1.292300 0.000000 0.000000 0.000000 1.000000
0.999869 -0.003114 -0.015852 0.000000 0.002442 0.999104 -0.042258 13.639600 0.015970 0.042213 0.998981 -1.292300 0.000000 0.000000 0.000000 1.000000
0.999383 -0.010364 -0.033550 0.000000 0.008936 0.999059 -0.042441 13.639600 0.033958 0.042115 0.998536 -1.292300 0.000000 0.000000 0.000000 1.000000
0.998668 -0.016598 -0.048853 0.000000 0.014678 0.999116 -0.039398 13.639600 0.049464 0.038628 0.998029 -1.292300 0.000000 0.000000 0.000000 1.000000
0.997860 -0.021471 -0.061764 0.000000 0.019453 0.999263 -0.033092 13.639600 0.062429 0.031819 0.997542 -1.292300 0.000000 0.000000 0.000000 1.000000
0.997076 -0.024916 -0.072245 0.000000 0.023224 0.999438 -0.024159 13.639600 0.072806 0.022411 0.997094 -1.292300 0.000000 0.000000 0.000000 1.000000
0.996408 -0.027309 -0.080154 -0.000000 0.026265 0.999556 -0.014054 13.639600 0.080502 0.011898 0.996683 -1.292300 0.000000 0.000000 0.000000 1.000000
0.995916 -0.029145 -0.085449 -0.000000 0.028862 0.999573 -0.004549 13.639600 0.085545 0.002064 0.996332 -1.292300 0.000000 0.000000 0.000000 1.000000
0.995618 -0.030431 -0.088429 -0.000000 0.030859 0.999518 0.003476 13.639600 0.088280 -0.006190 0.996076 -1.292300 0.000000 0.000000 0.000000 1.000000
0.995463 -0.031464 -0.089796 0.000000 0.032426 0.999431 0.009279 13.639600 0.089453 -0.012148 0.995917 -1.292300 0.000000 0.000000 0.000000 1.000000
0.995375 -0.032316 -0.090469 0.000000 0.033598 0.999355 0.012690 13.639600 0.090001 -0.015671 0.995818 -1.292300 0.000000 0.000000 0.000000 1.000000
0.995302 -0.032562 -0.091181 0.000000 0.033998 0.999321 0.014233 13.639600 0.090656 -0.017266 0.995733 -1.292300 0.000000 0.000000 0.000000 1.000000
0.995242 -0.031757 -0.092114 0.000000 0.033216 0.999345 0.014346 13.639600 0.091598 -0.017337 0.995645 -1.292300 0.000000 0.000000 0.000000 1.000000
0.995246 -0.029692 -0.092758 0.000000 0.031040 0.999432 0.013122 13.639600 0.092316 -0.015939 0.995602 -1.292300 0.000000 0.000000 0.000000 1.000000
0.995406 -0.026327 -0.092058 0.000000 0.027409 0.999569 0.010505 13.639600 0.091742 -0.012980 0.995698 -1.292300 0.000000 0.000000 0.000000 1.000000
0.995814 -0.021761 -0.088777 -0.000000 0.022416 0.999728 0.006381 13.639600 0.088614 -0.008344 0.996031 -1.292300 0.000000 0.000000 0.000000 1.000000
0.996511 -0.016098 -0.081890 0.000000 0.016214 0.999868 0.000750 13.639600 0.081867 -0.002075 0.996641 -1.292300 0.000000 0.000000 0.000000 1.000000
0.997443 -0.009402 -0.070851 0.000000 0.008989 0.999941 -0.006135 13.639600 0.070905 0.005483 0.997468 -1.292300 0.000000 0.000000 0.000000 1.000000
0.998444 -0.001799 -0.055732 -0.000000 0.001037 0.999906 -0.013694 13.639600 0.055751 0.013615 0.998352 -1.292300 0.000000 0.000000 0.000000 1.000000
0.999283 0.006208 -0.037345 0.000000 -0.007001 0.999752 -0.021130 13.639600 0.037204 0.021377 0.999079 -1.292300 0.000000 0.000000 0.000000 1.000000
0.999745 0.012847 -0.018557 0.000000 -0.013372 0.999505 -0.028467 13.639600 0.018182 0.028707 0.999422 -1.292300 0.000000 0.000000 0.000000 1.000000
0.999830 0.018420 -0.000860 0.000000 -0.018439 0.999233 -0.034533 13.639600 0.000224 0.034543 0.999403 -1.292300 0.000000 0.000000 0.000000 1.000000
0.999608 0.023272 0.015540 0.000000 -0.022655 0.998992 -0.038745 13.639600 -0.016426 0.038378 0.999128 -1.292300 0.000000 0.000000 0.000000 1.000000</float_array><technique_common><accessor source="#swat_Spine2-Matrix-animation-output-transform-array" count="44" stride="16"><param type="float4x4"/></accessor></technique_common></source><source id="swat_Spine2-Interpolations"><Name_array id="swat_Spine2-Interpolations-array" count="44">
 LINEAR LINEAR LINEAR LINEAR LINEAR LINEAR LINEAR LINEAR LINEAR LINEAR LINEAR
LINEAR LINEAR LINEAR LINEAR LINEAR LINEAR LINEAR LINEAR LINEAR LINEAR LINEAR LINEAR
LINEAR LINEAR LINEAR LINEAR LINEAR LINEAR LINEAR LINEAR LINEAR LINEAR LINEAR LINEAR
LINEAR LINEAR LINEAR LINEAR LINEAR LINEAR LINEAR LINEAR LINEAR</Name_array><technique_common><accessor source="#swat_Spine2-Interpolations-array" count="44"><param type="name"/></accessor></technique_common></source><sampler id="swat_Spine2-Matrix-animation-transform"><input semantic="INPUT" source="#swat_Spine2-Matrix-animation-input"/><input semantic="OUTPUT" source="#swat_Spine2-Matrix-animation-output-transform"/><input semantic="INTERPOLATION" source="#swat_Spine2-Interpolations"/></sampler><channel source="#swat_Spine2-Matrix-animation-transform" target="swat_Spine2/matrix"/></animation>
    <animation id="swat_Neck-anim" name="swat_Neck"><source id="swat_Neck-Matrix-animation-input"><float_array id="swat_Neck-Matrix-animation-input-array" count="44">

0.000000 0.033333 0.066667 0.100000 0.133333 0.166667 0.200000 0.233333 0.266667 0.300000 0.333333 0.366667 0.400000 0.433333 0.466667 0.500000
0.533333 0.566667 0.600000 0.633333 0.666667 0.700000 0.733333 0.766667 0.800000 0.833333 0.866667 0.900000 0.933333 0.966667 1.000000 1.033333
1.066667 1.100000 1.133333 1.166667 1.200000 1.233333 1.266667 1.300000 1.333333 1.366667 1.400000 1.433333</float_array><technique_common><accessor source="#swat_Neck-Matrix-animation-input-array" count="44"><param name="TIME" type="float"/></accessor></technique_common></source><source id="swat_Neck-Matrix-animation-output-transform"><float_array id="swat_Neck-Matrix-animation-output-transform-array" count="704">

0.999828 0.018387 0.002573 0.000000 -0.018495 0.998525 0.051040 13.877400 -0.001630 -0.051079 0.998693 -4.354200 0.000000 0.000000 0.000000 1.000000
0.999829 0.018406 -0.001781 -0.000000 -0.018298 0.998656 0.048495 13.877400 0.002671 -0.048454 0.998822 -4.354200 0.000000 0.000000 0.000000 1.000000
0.999813 0.018454 -0.005814 0.000000 -0.018164 0.998753 0.046498 13.877400 0.006665 -0.046384 0.998901 -4.354200 0.000000 0.000000 0.000000 1.000000
0.999785 0.018545 -0.009240 0.000000 -0.018104 0.998787 0.045790 13.877400 0.010078 -0.045613 0.998908 -4.354200 0.000000 0.000000 0.000000 1.000000
0.999758 0.018737 -0.011488 0.000000 -0.018168 0.998690 0.047826 13.877400 0.012369 -0.047606 0.998790 -4.354200 0.000000 0.000000 0.000000 1.000000
0.999732 0.019031 -0.013174 0.000000 -0.018332 0.998513 0.051337 13.877400 0.014132 -0.051081 0.998595 -4.354200 0.000000 0.000000 0.000000 1.000000
0.999707 0.019210 -0.014732 -0.000000 -0.018370 0.998306 0.055215 13.877400 0.015767 -0.054928 0.998366 -4.354200 0.000000 0.000000 0.000000 1.000000
0.999686 0.018949 -0.016420 -0.000000 -0.017958 0.998124 0.058524 13.877400 0.017499 -0.058211 0.998151 -4.354200 0.000000 0.000000 0.000000 1.000000
0.999670 0.017961 -0.018369 0.000000 -0.016822 0.998033 0.060389 13.877400 0.019418 -0.060060 0.998006 -4.354200 0.000000 0.000000 0.000000 1.000000
0.999659 0.016171 -0.020494 0.000000 -0.014909 0.998068 0.060320 13.877400 0.021430 -0.059994 0.997969 -4.354200 0.000000 0.000000 0.000000 1.000000
0.999652 0.013771 -0.022496 0.000000 -0.012437 0.998214 0.058435 13.877400 0.023260 -0.058135 0.998038 -4.354200 0.000000 0.000000 0.000000 1.000000
0.999651 0.011143 -0.023942 0.000000 -0.009800 0.998412 0.055476 13.877400 0.024522 -0.055222 0.998173 -4.354200 0.000000 0.000000 0.000000 1.000000
0.999665 0.008679 -0.024396 0.000000 -0.007387 0.998590 0.052569 13.877400 0.024818 -0.052371 0.998319 -4.354200 0.000000 0.000000 0.000000 1.000000
0.999701 0.006632 -0.023556 0.000000 -0.005429 0.998694 0.050804 13.877400 0.023862 -0.050661 0.998431 -4.354200 0.000000 0.000000 0.000000 1.000000
0.999759 0.005057 -0.021357 -0.000000 -0.003967 0.998701 0.050806 13.877400 0.021586 -0.050709 0.998480 -4.354200 0.000000 0.000000 0.000000 1.000000
0.999831 0.003853 -0.017980 -0.000000 -0.002905 0.998618 0.052467 13.877400 0.018157 -0.052405 0.998461 -4.354200 0.000000 0.000000 0.000000 1.000000
0.999901 0.002868 -0.013778 -0.000000 -0.002106 0.998485 0.054988 13.877400 0.013915 -0.054953 0.998392 -4.354200 0.000000 0.000000 0.000000 1.000000
0.999956 0.001989 -0.009143 0.000000 -0.001463 0.998363 0.057185 13.877400 0.009241 -0.057169 0.998322 -4.354200 0.000000 0.000000 0.000000 1.000000
0.999990 0.001188 -0.004389 0.000000 -0.000932 0.998321 0.057916 13.877400 0.004451 -0.057912 0.998312 -4.354200 0.000000 0.000000 0.000000 1.000000
1.000000 0.000502 0.000295 0.000000 -0.000518 0.998405 0.056448 13.877400 -0.000266 -0.056448 0.998406 -4.354200 0.000000 0.000000 0.000000 1.000000
0.999988 -0.000022 0.004829 0.000000 -0.000232 0.998611 0.052681 13.877400 -0.004824 -0.052682 0.998600 -4.354200 0.000000 0.000000 0.000000 1.000000
0.999958 -0.000384 0.009185 0.000000 -0.000050 0.998886 0.047181 13.877400 -0.009193 -0.047179 0.998844 -4.354200 0.000000 0.000000 0.000000 1.000000
0.999911 -0.000649 0.013330 0.000000 0.000102 0.999158 0.041020 13.877400 -0.013345 -0.041015 0.999069 -4.354200 0.000000 0.000000 0.000000 1.000000
0.999851 -0.000905 0.017210 0.000000 0.000294 0.999371 0.035471 13.877400 -0.017232 -0.035461 0.999222 -4.354200 0.000000 0.000000 0.000000 1.000000
0.999784 -0.001188 0.020747 0.000000 0.000532 0.999500 0.031617 13.877400 -0.020774 -0.031599 0.999285 -4.354200 0.000000 0.000000 0.000000 1.000000
0.999715 -0.001436 0.023843 0.000000 0.000719 0.999548 0.030046 13.877400 -0.023876 -0.030020 0.999264 -4.354200 0.000000 0.000000 0.000000 1.000000
0.999650 -0.001515 0.026399 0.000000 0.000703 0.999527 0.030738 13.877400 -0.026433 -0.030709 0.999179 -4.354200 0.000000 0.000000 0.000000 1.000000
0.999597 -0.001303 0.028342 0.000000 0.000363 0.999450 0.033156 13.877400 -0.028370 -0.033133 0.999048 -4.354200 0.000000 0.000000 0.000000 1.000000
0.999560 -0.000767 0.029661 0.000000 -0.000314 0.999335 0.036450 13.877400 -0.029669 -0.036443 0.998895 -4.354200 0.000000 0.000000 0.000000 1.000000
