<?xml version="1.0" encoding="utf-8"?>
<COLLADA xmlns="http://www.collada.org/2005/11/COLLADASchema" version="1.4.1">
  <asset><contributor><author>Mixamo</author><authoring_tool>COLLADA Mixamo exporter</authoring_tool><comments></comments></contributor><created>2020-08-16T14:01:56Z</created><modified>2020-08-16T14:01:56Z</modified><revision></revision><title></title><unit meter="0.010000"/><up_axis>Y_UP</up_axis></asset>
  <library_animations>
    <animation id="swat_Hips-anim" name="swat_Hips"><source id="swat_Hips-Matrix-animation-input"><float_array id="swat_Hips-Matrix-animation-input-array" count="31">

0.000000 0.033333 0.066667 0.100000 0.133333 0.166667 0.200000 0.233333 0.266667 0.300000 0.333333 0.366667 0.400000 0.433333 0.466667 0.500000
0.533333 0.566667 0.600000 0.633333 0.666667 0.700000 0.733333 0.766667 0.800000 0.833333 0.866667 0.900000 0.933333 0.966667 1.000000</float_array><technique_common><accessor source="#swat_Hips-Matrix-animation-input-array" count="31"><param name="TIME" type="float"/></accessor></technique_common></source><source id="swat_Hips-Matrix-animation-output-transform"><float_array id="swat_Hips-Matrix-animation-output-transform-array" count="496">

0.664137 -0.070905 -0.744241 -0.064540 0.066600 0.997146 -0.035568 84.314423 0.744639 -0.025945 0.666963 0.101020 0.000000 0.000000 0.000000 1.000000
0.681001 -0.072310 -0.728704 -1.252325 0.064145 0.997178 -0.039005 84.932281 0.729468 -0.020180 0.683718 0.018122 0.000000 0.000000 0.000000 1.000000
0.697693 -0.074491 -0.712514 -2.160138 0.062652 0.997113 -0.042896 84.951324 0.713652 -0.014712 0.700346 0.034390 0.000000 0.000000 0.000000 1.000000
0.714002 -0.077320 -0.695861 -3.156268 0.062234 0.996958 -0.046920 84.153603 0.697372 -0.009805 0.716642 0.138021 0.000000 0.000000 0.000000 1.000000
0.729777 -0.080319 -0.678951 -4.246889 0.062489 0.996755 -0.050749 82.982361 0.680824 -0.005392 0.732427 0.316454 0.000000 0.000000 0.000000 1.000000
0.744903 -0.082891 -0.662003 -5.157441 0.062862 0.996558 -0.054048 81.136826 0.664205 -0.001354 0.747550 0.560067 0.000000 0.000000 0.000000 1.000000
0.759285 -0.084548 -0.645243 -5.999791 0.062955 0.996417 -0.056482 78.957024 0.647706 0.002265 0.761887 0.857600 0.000000 0.000000 0.000000 1.000000
0.772761 -0.084943 -0.628988 -6.333302 0.062599 0.996372 -0.057649 77.033745 0.631603 0.005175 0.775275 1.198598 0.000000 0.000000 0.000000 1.000000
0.784198 -0.082899 -0.614948 -5.615589 0.061891 0.996543 -0.055417 76.054939 0.617417 0.005398 0.786618 1.566897 0.000000 0.000000 0.000000 1.000000
0.778753 -0.078044 -0.622457 -4.363535 0.057231 0.996932 -0.053394 76.543289 0.624714 0.005957 0.780831 1.950251 0.000000 0.000000 0.000000 1.000000
0.754501 -0.070817 -0.652467 -2.861958 0.050149 0.997476 -0.050272 77.827553 0.654380 0.005209 0.756148 2.331459 0.000000 0.000000 0.000000 1.000000
0.730701 -0.062650 -0.679817 -2.043319 0.043366 0.998029 -0.045363 78.925911 0.681319 0.003666 0.731978 2.705516 0.000000 0.000000 0.000000 1.000000
0.706249 -0.054276 -0.705880 -1.685925 0.036980 0.998524 -0.039779 79.922180 0.706997 0.001990 0.707214 3.069735 0.000000 0.000000 0.000000 1.000000
0.681238 -0.045878 -0.730623 -1.701786 0.031431 0.998947 -0.033420 81.057755 0.731387 -0.000197 0.681963 3.398751 0.000000 0.000000 0.000000 1.000000
0.655693 -0.037251 -0.754108 -2.081028 0.026572 0.999302 -0.026259 82.399391 0.754560 -0.002821 0.656226 3.675187 0.000000 0.000000 0.000000 1.000000
0.629373 -0.028529 -0.776579 -2.511160 0.022340 0.999577 -0.018616 83.534424 0.776782 -0.005633 0.629744 3.893731 0.000000 0.000000 0.000000 1.000000
0.602057 -0.019420 -0.798217 -2.993040 0.018095 0.999779 -0.010675 84.200348 0.798248 -0.008017 0.602275 4.049950 0.000000 0.000000 0.000000 1.000000
0.573511 -0.009817 -0.819139 -3.498053 0.013369 0.999907 -0.002623 84.448708 0.819089 -0.009447 0.573589 4.137195 0.000000 0.000000 0.000000 1.000000
0.543574 -0.000317 -0.839361 -4.089027 0.008843 0.999947 0.005348 84.210609 0.839314 -0.010329 0.543548 4.135665 0.000000 0.000000 0.000000 1.000000
0.511806 0.008816 -0.859056 -4.696022 0.004663 0.999904 0.013040 83.389946 0.859088 -0.010679 0.511716 4.016412 0.000000 0.000000 0.000000 1.000000
0.477862 0.017350 -0.878264 -5.291050 0.000910 0.999795 0.020246 81.909653 0.878435 -0.010474 0.477748 3.791680 0.000000 0.000000 0.000000 1.000000
0.441456 0.024840 -0.896939 -5.863292 -0.001890 0.999640 0.026754 80.178848 0.897281 -0.010116 0.441344 3.480282 0.000000 0.000000 0.000000 1.000000
0.402347 0.030997 -0.914962 -6.327256 -0.003459 0.999471 0.032339 78.495293 0.915481 -0.009846 0.402242 3.101356 0.000000 0.000000 0.000000 1.000000
0.356362 0.034238 -0.933720 -6.480991 -0.002569 0.999361 0.035664 77.154709 0.934344 -0.010311 0.356222 2.675173 0.000000 0.000000 0.000000 1.000000
0.360178 0.031418 -0.932355 -6.419116 0.000177 0.999430 0.033746 76.450928 0.932884 -0.012320 0.359967 2.224114 0.000000 0.000000 0.000000 1.000000
0.404841 0.018654 -0.914197 -6.317940 0.007595 0.999689 0.023762 76.574219 0.914356 -0.016563 0.404573 1.764971 0.000000 0.000000 0.000000 1.000000
0.456094 0.002751 -0.889928 -5.441228 0.016952 0.999787 0.011779 77.521782 0.889770 -0.020459 0.455950 1.322366 0.000000 0.000000 0.000000 1.000000
0.510819 -0.015465 -0.859549 -4.253470 0.028463 0.999594 -0.001070 79.031281 0.859217 -0.023918 0.511052 0.911900 0.000000 0.000000 0.000000 1.000000
0.565514 -0.034587 -0.824013 -2.885127 0.041040 0.999063 -0.013769 80.828560 0.823717 -0.026031 0.566403 0.556960 0.000000 0.000000 0.000000 1.000000
0.617328 -0.053411 -0.784890 -1.448045 0.053972 0.998217 -0.025479 82.689377 0.784852 -0.026633 0.619111 0.278928 0.000000 0.000000 0.000000 1.000000
0.664137 -0.070905 -0.744241 -0.064533 0.066601 0.997146 -0.035568 84.314468 0.744639 -0.025945 0.666963 0.100075 0.000000 0.000000 0.000000 1.000000</float_array><technique_common><accessor source="#swat_Hips-Matrix-animation-output-transform-array" count="31" stride="16"><param type="float4x4"/></accessor></technique_common></source><source id="swat_Hips-Interpolations"><Name_array id="swat_Hips-Interpolations-array" count="31">
 LINEAR LINEAR LINEAR LINEAR LINEAR LINEAR LINEAR LINEAR LINEAR LINEAR LINEAR
LINEAR LINEAR LINEAR LINEAR LINEAR LINEAR LINEAR LINEAR LINEAR LINEAR LINEAR LINEAR
LINEAR LINEAR LINEAR LINEAR LINEAR LINEAR LINEAR LINEAR</Name_array><technique_common><accessor source="#swat_Hips-Interpolations-array" count="31"><param type="name"/></accessor></technique_common></source><sampler id="swat_Hips-Matrix-animation-transform"><input semantic="INPUT" source="#swat_Hips-Matrix-animation-input"/><input semantic="OUTPUT" source="#swat_Hips-Matrix-animation-output-transform"/><input semantic="INTERPOLATION" source="#swat_Hips-Interpolations"/></sampler><channel source="#swat_Hips-Matrix-animation-transform" target="swat_Hips/matrix"/></animation>
    <animation id="swat_Spine-anim" name="swat_Spine"><source id="swat_Spine-Matrix-animation-input"><float_array id="swat_Spine-Matrix-animation-input-array" count="31">

0.000000 0.033333 0.066667 0.100000 0.133333 0.166667 0.200000 0.233333 0.266667 0.300000 0.333333 0.366667 0.400000 0.433333 0.466667 0.500000
0.533333 0.566667 0.600000 0.633333 0.666667 0.700000 0.733333 0.766667 0.800000 0.833333 0.866667 0.900000 0.933333 0.966667 1.000000</float_array><technique_common><accessor source="#swat_Spine-Matrix-animation-input-array" count="31"><param name="TIME" type="float"/></accessor></technique_common></source><source id="swat_Spine-Matrix-animation-output-transform"><float_array id="swat_Spine-Matrix-animation-output-transform-array" count="496">

0.996827 0.079588 0.000995 0.000000 -0.079588 0.996828 0.000071 9.226300 -0.000987 -0.000150 1.000000 1.577100 0.000000 0.000000 0.000000 1.000000
0.996892 0.078024 -0.010928 0.000000 -0.078007 0.996951 0.001929 9.226300 0.011046 -0.001071 0.999938 1.577100 0.000000 0.000000 0.000000 1.000000
0.996757 0.077069 -0.023164 -0.000000 -0.076991 0.997023 0.004244 9.226300 0.023422 -0.002447 0.999723 1.577100 0.000000 0.000000 0.000000 1.000000
0.996374 0.077276 -0.035592 0.000000 -0.077083 0.997002 0.006761 9.226300 0.036008 -0.003993 0.999344 1.577100 0.000000 0.000000 0.000000 1.000000
0.995800 0.078292 -0.047453 0.000000 -0.077936 0.996915 0.009320 9.226300 0.048036 -0.005583 0.998830 1.577100 0.000000 0.000000 0.000000 1.000000
0.995062 0.079629 -0.059250 0.000000 -0.079089 0.996802 0.011406 9.226300 0.059968 -0.006663 0.998178 1.577100 0.000000 0.000000 0.000000 1.000000
0.994280 0.080703 -0.069956 0.000000 -0.080003 0.996713 0.012752 9.226300 0.070755 -0.007082 0.997469 1.577100 0.000000 0.000000 0.000000 1.000000
0.993264 0.084320 -0.079477 0.000000 -0.083347 0.996400 0.015480 9.226300 0.080496 -0.008751 0.996716 1.577100 0.000000 0.000000 0.000000 1.000000
0.992571 0.087607 -0.084427 0.000000 -0.086465 0.996108 0.017098 9.226300 0.085597 -0.009671 0.996283 1.577100 0.000000 0.000000 0.000000 1.000000
0.993430 0.084594 -0.077076 -0.000000 -0.083648 0.996376 0.015421 9.226300 0.078102 -0.008873 0.996906 1.577100 0.000000 0.000000 0.000000 1.000000
0.995189 0.074515 -0.063617 -0.000000 -0.073918 0.997196 0.011690 9.226300 0.064309 -0.006932 0.997906 1.577100 0.000000 0.000000 0.000000 1.000000
0.996354 0.070150 -0.048565 0.000000 -0.069799 0.997522 0.008882 9.226300 0.049068 -0.005460 0.998781 1.577100 0.000000 0.000000 0.000000 1.000000
0.997167 0.067509 -0.033178 -0.000000 -0.067355 0.997713 0.005737 9.226300 0.033489 -0.003486 0.999433 1.577100 0.000000 0.000000 0.000000 1.000000
0.997506 0.068548 -0.016811 0.000000 -0.068539 0.997648 0.001064 9.226300 0.016844 0.000091 0.999858 1.577100 0.000000 0.000000 0.000000 1.000000
0.997378 0.072368 0.000918 0.000000 -0.072364 0.997372 -0.003526 9.226300 -0.001170 0.003451 0.999993 1.577100 0.000000 0.000000 0.000000 1.000000
0.996785 0.077692 0.019575 0.000000 -0.077545 0.996955 -0.008171 9.226300 -0.020150 0.006627 0.999775 1.577100 0.000000 0.000000 0.000000 1.000000
0.995867 0.081991 0.039074 0.000000 -0.081551 0.996588 -0.012718 9.226300 -0.039984 0.009479 0.999155 1.577100 0.000000 0.000000 0.000000 1.000000
0.994607 0.085379 0.058882 0.000000 -0.084437 0.996261 -0.018308 9.226300 -0.060225 0.013238 0.998097 1.577100 0.000000 0.000000 0.000000 1.000000
0.993076 0.087751 0.078098 0.000000 -0.086110 0.995993 -0.024138 9.226300 -0.079903 0.017246 0.996653 1.577100 0.000000 0.000000 0.000000 1.000000
0.991381 0.088314 0.096769 0.000000 -0.085703 0.995844 -0.030827 9.226300 -0.099089 0.022268 0.994829 1.577100 0.000000 0.000000 0.000000 1.000000
0.989533 0.085734 0.116079 -0.000000 -0.081991 0.995959 -0.036654 9.226300 -0.118753 0.026753 0.992563 1.577100 0.000000 0.000000 0.000000 1.000000
0.987537 0.079207 0.136001 0.000000 -0.074098 0.996356 -0.042231 9.226300 -0.138851 0.031627 0.989808 1.577100 0.000000 0.000000 0.000000 1.000000
0.985853 0.068534 0.152964 0.000000 -0.062187 0.997008 -0.045900 9.226300 -0.155652 0.035739 0.987165 1.577100 0.000000 0.000000 0.000000 1.000000
0.985235 0.050362 0.163633 0.000000 -0.042817 0.997865 -0.049317 9.226300 -0.165767 0.041583 0.985288 1.577100 0.000000 0.000000 0.000000 1.000000
0.986574 0.047888 0.156136 0.000000 -0.040902 0.998026 -0.047653 9.226300 -0.158110 0.040627 0.986585 1.577100 0.000000 0.000000 0.000000 1.000000
0.989470 0.055695 0.133596 0.000000 -0.050412 0.997819 -0.042610 9.226300 -0.135678 0.035427 0.990119 1.577100 0.000000 0.000000 0.000000 1.000000
0.992334 0.061829 0.107011 -0.000000 -0.058306 0.997659 -0.035745 9.226300 -0.108970 0.029232 0.993615 1.577100 0.000000 0.000000 0.000000 1.000000
0.994576 0.066508 0.079976 0.000000 -0.064553 0.997555 -0.026791 9.226300 -0.081562 0.021483 0.996437 1.577100 0.000000 0.000000 0.000000 1.000000
0.996159 0.070367 0.052110 0.000000 -0.069533 0.997424 -0.017642 9.226300 -0.053217 0.013950 0.998486 1.577100 0.000000 0.000000 0.000000 1.000000
0.996865 0.075046 0.025065 -0.000000 -0.074871 0.997162 -0.007849 9.226300 -0.025583 0.005948 0.999655 1.577100 0.000000 0.000000 0.000000 1.000000
0.996822 0.079659 0.000942 0.000000 -0.079659 0.996822 0.000029 9.226300 -0.000937 -0.000104 1.000000 1.577100 0.000000 0.000000 0.000000 1.000000</float_array><technique_common><accessor source="#swat_Spine-Matrix-animation-output-transform-array" count="31" stride="16"><param type="float4x4"/></accessor></technique_common></source><source id="swat_Spine-Interpolations"><Name_array id="swat_Spine-Interpolations-array" count="31">
 LINEAR LINEAR LINEAR LINEAR LINEAR LINEAR LINEAR LINEAR LINEAR LINEAR LINEAR
LINEAR LINEAR LINEAR LINEAR LINEAR LINEAR LINEAR LINEAR LINEAR LINEAR LINEAR LINEAR
LINEAR LINEAR LINEAR LINEAR LINEAR LINEAR LINEAR LINEAR</Name_array><technique_common><accessor source="#swat_Spine-Interpolations-array" count="31"><param type="name"/></accessor></technique_common></source><sampler id="swat_Spine-Matrix-animation-transform"><input semantic="INPUT" source="#swat_Spine-Matrix-animation-input"/><input semantic="OUTPUT" source="#swat_Spine-Matrix-animation-output-transform"/><input semantic="INTERPOLATION" source="#swat_Spine-Interpolations"/></sampler><channel source="#swat_Spine-Matrix-animation-transform" target="swat_Spine/matrix"/></animation>
    <animation id="swat_Spine1-anim" name="swat_Spine1"><source id="swat_Spine1-Matrix-animation-input"><float_array id="swat_Spine1-Matrix-animation-input-array" count="31">

0.000000 0.033333 0.066667 0.100000 0.133333 0.166667 0.200000 0.233333 0.266667 0.300000 0.333333 0.366667 0.400000 0.433333 0.466667 0.500000
0.533333 0.566667 0.600000 0.633333 0.666667 0.700000 0.733333 0.766667 0.800000 0.833333 0.866667 0.900000 0.933333 0.966667 1.000000</float_array><technique_common><accessor source="#swat_Spine1-Matrix-animation-input-array" count="31"><param name="TIME" type="float"/></accessor></technique_common></source><source id="swat_Spine1-Matrix-animation-output-transform"><float_array id="swat_Spine1-Matrix-animation-output-transform-array" count="496">

0.980597 -0.040782 0.191744 0.000000 0.110465 0.922995 -0.368616 16.254000 -0.161946 0.382645 0.909591 -0.165600 0.000000 0.000000 0.000000 1.000000
0.980648 -0.040544 0.191537 -0.000000 0.110171 0.923003 -0.368685 16.254000 -0.161841 0.382652 0.909607 -0.165600 0.000000 0.000000 0.000000 1.000000
0.980650 -0.040675 0.191499 0.000000 0.110427 0.922640 -0.369514 16.254000 -0.161654 0.383510 0.909279 -0.165600 0.000000 0.000000 0.000000 1.000000
0.980708 -0.040889 0.191156 0.000000 0.110632 0.922298 -0.370308 16.254000 -0.161161 0.384312 0.909028 -0.165600 0.000000 0.000000 0.000000 1.000000
0.980610 -0.041035 0.191625 0.000000 0.111151 0.921795 -0.371403 16.254000 -0.161398 0.385501 0.908482 -0.165600 0.000000 0.000000 0.000000 1.000000
0.980616 -0.041148 0.191569 0.000000 0.111337 0.921541 -0.371977 16.254000 -0.161232 0.386095 0.908259 -0.165600 0.000000 0.000000 0.000000 1.000000
0.980488 -0.040099 0.192443 0.000000 0.110592 0.921875 -0.371369 16.254000 -0.162517 0.385406 0.908323 -0.165600 0.000000 0.000000 0.000000 1.000000
0.980219 -0.040968 0.193627 0.000000 0.112025 0.921381 -0.372167 16.254000 -0.163157 0.386496 0.907745 -0.165600 0.000000 0.000000 0.000000 1.000000
0.980677 -0.042343 0.190999 0.000000 0.112410 0.921002 -0.372986 16.254000 -0.160117 0.387249 0.907965 -0.165600 0.000000 0.000000 0.000000 1.000000
0.980972 -0.041027 0.189764 0.000000 0.110640 0.921309 -0.372757 16.254000 -0.159538 0.386660 0.908318 -0.165600 0.000000 0.000000 0.000000 1.000000
0.980354 -0.033829 0.194325 -0.000000 0.105583 0.922159 -0.372122 16.254000 -0.166610 0.385329 0.907614 -0.165600 0.000000 0.000000 0.000000 1.000000
0.980167 -0.030657 0.195786 0.000000 0.103072 0.922680 -0.371534 16.254000 -0.169257 0.384346 0.907541 -0.165600 0.000000 0.000000 0.000000 1.000000
0.980297 -0.028275 0.195496 0.000000 0.100620 0.923152 -0.371034 16.254000 -0.169981 0.383394 0.907808 -0.165600 0.000000 0.000000 0.000000 1.000000
0.980567 -0.028433 0.194113 -0.000000 0.099877 0.923972 -0.369189 16.254000 -0.168858 0.381402 0.908856 -0.165600 0.000000 0.000000 0.000000 1.000000
0.980909 -0.029811 0.192170 0.000000 0.100088 0.924643 -0.367448 16.254000 -0.166735 0.379667 0.909974 -0.165600 0.000000 0.000000 0.000000 1.000000
0.981076 -0.032825 0.190819 0.000000 0.102119 0.925031 -0.365908 16.254000 -0.164503 0.378470 0.910878 -0.165600 0.000000 0.000000 0.000000 1.000000
0.981068 -0.034981 0.190479 0.000000 0.103902 0.925089 -0.365259 16.254000 -0.163433 0.378135 0.911210 -0.165600 0.000000 0.000000 0.000000 1.000000
0.980953 -0.037256 0.190641 0.000000 0.105795 0.925570 -0.363493 16.254000 -0.162910 0.376738 0.911882 -0.165600 0.000000 0.000000 0.000000 1.000000
0.980822 -0.039634 0.190831 -0.000000 0.107826 0.925967 -0.361883 16.254000 -0.162361 0.375519 0.912483 -0.165600 0.000000 0.000000 0.000000 1.000000
0.980645 -0.041421 0.191361 -0.000000 0.109211 0.926917 -0.359023 16.254000 -0.162505 0.372973 0.913501 -0.165600 0.000000 0.000000 0.000000 1.000000
0.980445 -0.041566 0.192355 -0.000000 0.109490 0.927405 -0.357677 16.254000 -0.163523 0.371743 0.913820 -0.165600 0.000000 0.000000 0.000000 1.000000
0.980188 -0.039417 0.194107 -0.000000 0.107843 0.928209 -0.356088 16.254000 -0.166136 0.369966 0.914070 -0.165600 0.000000 0.000000 0.000000 1.000000
0.979416 -0.033977 0.198972 -0.000000 0.104505 0.928691 -0.355826 16.254000 -0.172694 0.369295 0.913125 -0.165600 0.000000 0.000000 0.000000 1.000000
0.977498 -0.021024 0.209894 0.000000 0.096386 0.929592 -0.355766 16.254000 -0.187636 0.367991 0.910700 -0.165600 0.000000 0.000000 0.000000 1.000000
0.977503 -0.020175 0.209956 0.000000 0.095770 0.929342 -0.356582 16.254000 -0.187927 0.368667 0.910367 -0.165600 0.000000 0.000000 0.000000 1.000000
0.979197 -0.026341 0.201197 0.000000 0.098356 0.928884 -0.357072 16.254000 -0.177483 0.369433 0.912151 -0.165600 0.000000 0.000000 0.000000 1.000000
0.980504 -0.031139 0.194015 0.000000 0.100389 0.928166 -0.358370 16.254000 -0.168919 0.370860 0.913197 -0.165600 0.000000 0.000000 0.000000 1.000000
0.980904 -0.034410 0.191423 -0.000000 0.102915 0.926973 -0.360734 16.254000 -0.165031 0.373546 0.912813 -0.165600 0.000000 0.000000 0.000000 1.000000
0.980796 -0.036310 0.191629 0.000000 0.105231 0.925757 -0.363181 16.254000 -0.164215 0.376372 0.911799 -0.165600 0.000000 0.000000 0.000000 1.000000
0.980696 -0.038851 0.191639 -0.000000 0.108247 0.924056 -0.366610 16.254000 -0.162842 0.380278 0.910424 -0.165600 0.000000 0.000000 0.000000 1.000000
0.980622 -0.040939 0.191586 0.000000 0.110523 0.923048 -0.368465 16.254000 -0.161758 0.382500 0.909686 -0.165600 0.000000 0.000000 0.000000 1.000000</float_array><technique_common><accessor source="#swat_Spine1-Matrix-animation-output-transform-array" count="31" stride="16"><param type="float4x4"/></accessor></technique_common></source><source id="swat_Spine1-Interpolations"><Name_array id="swat_Spine1-Interpolations-array" count="31">
 LINEAR LINEAR LINEAR LINEAR LINEAR LINEAR LINEAR LINEAR LINEAR LINEAR LINEAR
LINEAR LINEAR LINEAR LINEAR LINEAR LINEAR LINEAR LINEAR LINEAR LINEAR LINEAR LINEAR
LINEAR LINEAR LINEAR LINEAR LINEAR LINEAR LINEAR LINEAR</Name_array><technique_common><accessor source="#swat_Spine1-Interpolations-array" count="31"><param type="name"/></accessor></technique_common></source><sampler id="swat_Spine1-Matrix-animation-transform"><input semantic="INPUT" source="#swat_Spine1-Matrix-animation-input"/><input semantic="OUTPUT" source="#swat_Spine1-Matrix-animation-output-transform"/><input semantic="INTERPOLATION" source="#swat_Spine1-Interpolations"/></sampler><channel source="#swat_Spine1-Matrix-animation-transform" target="swat_Spine1/matrix"/></animation>
    <animation id="swat_Spine2-anim" name="swat_Spine2"><source id="swat_Spine2-Matrix-animation-input"><float_array id="swat_Spine2-Matrix-animation-input-array" count="31">

0.000000 0.033333 0.066667 0.100000 0.133333 0.166667 0.200000 0.233333 0.266667 0.300000 0.333333 0.366667 0.400000 0.433333 0.466667 0.500000
0.533333 0.566667 0.600000 0.633333 0.666667 0.700000 0.733333 0.766667 0.800000 0.833333 0.866667 0.900000 0.933333 0.966667 1.000000</float_array><technique_common><accessor source="#swat_Spine2-Matrix-animation-input-array" count="31"><param name="TIME" type="float"/></accessor></technique_common></source><source id="swat_Spine2-Matrix-animation-output-transform"><float_array id="swat_Spine2-Matrix-animation-output-transform-array" count="496">

0.968132 -0.083085 0.236255 -0.000000 0.158894 0.932958 -0.323022 13.639600 -0.193578 0.350267 0.916428 -1.292300 0.000000 0.000000 0.000000 1.000000
0.968192 -0.082761 0.236126 -0.000000 0.158532 0.933022 -0.323013 13.639600 -0.193578 0.350172 0.916465 -1.292300 0.000000 0.000000 0.000000 1.000000
0.968133 -0.082897 0.236321 0.000000 0.158893 0.932701 -0.323761 13.639600 -0.193578 0.350994 0.916150 -1.292300 0.000000 0.000000 0.000000 1.000000
0.968095 -0.083148 0.236388 -0.000000 0.159301 0.932400 -0.324427 13.639600 -0.193433 0.351733 0.915897 -1.292300 0.000000 0.000000 0.000000 1.000000
0.967901 -0.083446 0.237074 0.000000 0.160040 0.931947 -0.325365 13.639600 -0.193790 0.352862 0.915387 -1.292300 0.000000 0.000000 0.000000 1.000000
0.967916 -0.083517 0.236987 -0.000000 0.160206 0.931704 -0.325979 13.639600 -0.193576 0.353487 0.915191 -1.292300 0.000000 0.000000 0.000000 1.000000
0.967983 -0.081761 0.237328 0.000000 0.158630 0.931993 -0.325922 13.639600 -0.194540 0.353134 0.915123 -1.292300 0.000000 0.000000 0.000000 1.000000
0.967696 -0.081951 0.238428 0.000000 0.159423 0.931529 -0.326860 13.639600 -0.195316 0.354312 0.914502 -1.292300 0.000000 0.000000 0.000000 1.000000
0.968069 -0.083968 0.236204 -0.000000 0.160619 0.931184 -0.327260 13.639600 -0.192470 0.354749 0.914936 -1.292300 0.000000 0.000000 0.000000 1.000000
0.968459 -0.083358 0.234817 0.000000 0.159472 0.931453 -0.327055 13.639600 -0.191458 0.354186 0.915367 -1.292300 0.000000 0.000000 0.000000 1.000000
0.968578 -0.075149 0.237084 -0.000000 0.152709 0.932106 -0.328419 13.639600 -0.196307 0.354304 0.914293 -1.292300 0.000000 0.000000 0.000000 1.000000
0.968778 -0.071579 0.237370 0.000000 0.149459 0.932502 -0.328790 13.639600 -0.197814 0.354001 0.914086 -1.292300 0.000000 0.000000 0.000000 1.000000
0.969240 -0.069254 0.236175 0.000000 0.146811 0.932863 -0.328956 13.639600 -0.197537 0.353511 0.914335 -1.292300 0.000000 0.000000 0.000000 1.000000
0.969552 -0.069538 0.234806 0.000000 0.146165 0.933639 -0.327039 13.639600 -0.196482 0.351402 0.915375 -1.292300 0.000000 0.000000 0.000000 1.000000
0.969742 -0.071433 0.233446 0.000000 0.146992 0.934320 -0.324715 13.639600 -0.194917 0.349205 0.916550 -1.292300 0.000000 0.000000 0.000000 1.000000
0.969590 -0.074678 0.233063 -0.000000 0.149468 0.934763 -0.322300 13.639600 -0.193790 0.347334 0.917499 -1.292300 0.000000 0.000000 0.000000 1.000000
0.969293 -0.077049 0.233526 0.000000 0.151633 0.934886 -0.320928 13.639600 -0.193593 0.346483 0.917862 -1.292300 0.000000 0.000000 0.000000 1.000000
0.968821 -0.079396 0.234698 -0.000000 0.153775 0.935426 -0.318327 13.639600 -0.194268 0.344492 0.918469 -1.292300 0.000000 0.000000 0.000000 1.000000
0.968356 -0.081797 0.235788 -0.000000 0.155975 0.935882 -0.315907 13.639600 -0.194829 0.342687 0.919025 -1.292300 0.000000 0.000000 0.000000 1.000000
0.967963 -0.083145 0.236926 0.000000 0.156977 0.936835 -0.312569 13.639600 -0.195972 0.339747 0.919873 -1.292300 0.000000 0.000000 0.000000 1.000000
0.967679 -0.083097 0.238100 0.000000 0.157029 0.937327 -0.311064 13.639600 -0.197329 0.338399 0.920080 -1.292300 0.000000 0.000000 0.000000 1.000000
0.967655 -0.080423 0.239115 0.000000 0.154592 0.938047 -0.310110 13.639600 -0.199362 0.337045 0.920139 -1.292300 0.000000 0.000000 0.000000 1.000000
0.967560 -0.073380 0.241752 -0.000000 0.149093 0.938348 -0.311889 13.639600 -0.203961 0.337815 0.918848 -1.292300 0.000000 0.000000 0.000000 1.000000
0.967205 -0.056880 0.247546 0.000000 0.136245 0.938710 -0.316639 13.639600 -0.214364 0.339981 0.915675 -1.292300 0.000000 0.000000 0.000000 1.000000
0.967370 -0.055883 0.247127 0.000000 0.135412 0.938418 -0.317861 13.639600 -0.214146 0.340954 0.915365 -1.292300 0.000000 0.000000 0.000000 1.000000
0.968442 -0.064475 0.240754 0.000000 0.141018 0.938223 -0.315994 13.639600 -0.205507 0.339973 0.917707 -1.292300 0.000000 0.000000 0.000000 1.000000
0.969270 -0.071325 0.235434 0.000000 0.145631 0.937689 -0.315484 13.639600 -0.198262 0.340075 0.919261 -1.292300 0.000000 0.000000 0.000000 1.000000
0.969245 -0.075724 0.234156 -0.000000 0.149684 0.936645 -0.316686 13.639600 -0.195340 0.341996 0.919174 -1.292300 0.000000 0.000000 0.000000 1.000000
0.968866 -0.077856 0.235027 -0.000000 0.152466 0.935543 -0.318611 13.639600 -0.195072 0.344525 0.918286 -1.292300 0.000000 0.000000 0.000000 1.000000
0.968397 -0.080683 0.236004 0.000000 0.156130 0.934003 -0.321344 13.639600 -0.194501 0.348035 0.917083 -1.292300 0.000000 0.000000 0.000000 1.000000
0.968052 -0.082909 0.236646 0.000000 0.158795 0.933094 -0.322675 13.639600 -0.194061 0.349945 0.916449 -1.292300 0.000000 0.000000 0.000000 1.000000</float_array><technique_common><accessor source="#swat_Spine2-Matrix-animation-output-transform-array" count="31" stride="16"><param type="float4x4"/></accessor></technique_common></source><source id="swat_Spine2-Interpolations"><Name_array id="swat_Spine2-Interpolations-array" count="31">
 LINEAR LINEAR LINEAR LINEAR LINEAR LINEAR LINEAR LINEAR LINEAR LINEAR LINEAR
LINEAR LINEAR LINEAR LINEAR LINEAR LINEAR LINEAR LINEAR LINEAR LINEAR LINEAR LINEAR
LINEAR LINEAR LINEAR LINEAR LINEAR LINEAR LINEAR LINEAR</Name_array><technique_common><accessor source="#swat_Spine2-Interpolations-array" count="31"><param type="name"/></accessor></technique_common></source><sampler id="swat_Spine2-Matrix-animation-transform"><input semantic="INPUT" source="#swat_Spine2-Matrix-animation-input"/><input semantic="OUTPUT" source="#swat_Spine2-Matrix-animation-output-transform"/><input semantic="INTERPOLATION" source="#swat_Spine2-Interpolations"/></sampler><channel source="#swat_Spine2-Matrix-animation-transform" target="swat_Spine2/matrix"/></animation>
    <animation id="swat_Neck-anim" name="swat_Neck"><source id="swat_Neck-Matrix-animation-input"><float_array id="swat_Neck-Matrix-animation-input-array" count="31">

0.000000 0.033333 0.066667 0.100000 0.133333 0.166667 0.200000 0.233333 0.266667 0.300000 0.333333 0.366667 0.400000 0.433333 0.466667 0.500000
0.533333 0.566667 0.600000 0.633333 0.666667 0.700000 0.733333 0.766667 0.800000 0.833333 0.866667 0.900000 0.933333 0.966667 1.000000</float_array><technique_common><accessor source="#swat_Neck-Matrix-animation-input-array" count="31"><param name="TIME" type="float"/></accessor></technique_common></source><source id="swat_Neck-Matrix-animation-output-transform"><float_array id="swat_Neck-Matrix-animation-output-transform-array" count="496">

0.999669 -0.023049 0.011461 0.000000 0.022217 0.997437 0.068018 13.877400 -0.012999 -0.067741 0.997618 -4.354200 0.000000 0.000000 0.000000 1.000000
0.999694 -0.022648 0.009924 0.000000 0.021923 0.997447 0.067969 13.877400 -0.011438 -0.067730 0.997638 -4.354200 0.000000 0.000000 0.000000 1.000000
0.999714 -0.022316 0.008650 0.000000 0.021678 0.997455 0.067928 13.877400 -0.010144 -0.067721 0.997653 -4.354200 0.000000 0.000000 0.000000 1.000000
0.999728 -0.022043 0.007629 0.000000 0.021475 0.997461 0.067897 13.877400 -0.009106 -0.067714 0.997663 -4.354200 0.000000 0.000000 0.000000 1.000000
0.999738 -0.021841 0.006844 0.000000 0.021326 0.997466 0.067872 13.877400 -0.008309 -0.067709 0.997671 -4.354200 0.000000 0.000000 0.000000 1.000000
0.999744 -0.021714 0.006281 0.000000 0.021238 0.997469 0.067856 13.877400 -0.007739 -0.067705 0.997675 -4.354200 0.000000 0.000000 0.000000 1.000000
0.999748 -0.021652 0.005935 0.000000 0.021200 0.997471 0.067846 13.877400 -0.007389 -0.067703 0.997678 -4.354200 0.000000 0.000000 0.000000 1.000000
0.999749 -0.021623 0.005789 -0.000000 0.021180 0.997471 0.067842 13.877400 -0.007241 -0.067702 0.997679 -4.354200 0.000000 0.000000 0.000000 1.000000
0.999749 -0.021627 0.005829 0.000000 0.021182 0.997471 0.067843 13.877400 -0.007281 -0.067702 0.997679 -4.354200 0.000000 0.000000 0.000000 1.000000
0.999747 -0.021669 0.006050 0.000000 0.021209 0.997470 0.067849 13.877400 -0.007505 -0.067703 0.997677 -4.354200 0.000000 0.000000 0.000000 1.000000
0.999741 -0.021783 0.006582 0.000000 0.021287 0.997467 0.067865 13.877400 -0.008044 -0.067707 0.997673 -4.354200 0.000000 0.000000 0.000000 1.000000
0.999729 -0.022022 0.007509 -0.000000 0.021462 0.997462 0.067893 13.877400 -0.008985 -0.067713 0.997664 -4.354200 0.000000 0.000000 0.000000 1.000000
0.999714 -0.022306 0.008595 0.000000 0.021672 0.997455 0.067927 13.877400 -0.010088 -0.067722 0.997653 -4.354200 0.000000 0.000000 0.000000 1.000000
0.999695 -0.022638 0.009855 0.000000 0.021917 0.997447 0.067967 13.877400 -0.011369 -0.067730 0.997639 -4.354200 0.000000 0.000000 0.000000 1.000000
0.999671 -0.023017 0.011298 -0.000000 0.022197 0.997437 0.068014 13.877400 -0.012834 -0.067741 0.997620 -4.354200 0.000000 0.000000 0.000000 1.000000
0.999644 -0.023416 0.012817 0.000000 0.022492 0.997427 0.068064 13.877400 -0.014378 -0.067751 0.997599 -4.354200 0.000000 0.000000 0.000000 1.000000
0.999611 -0.023850 0.014465 -0.000000 0.022812 0.997416 0.068120 13.877400 -0.016052 -0.067763 0.997572 -4.354200 0.000000 0.000000 0.000000 1.000000
0.999573 -0.024307 0.016212 -0.000000 0.023149 0.997404 0.068180 13.877400 -0.017827 -0.067775 0.997541 -4.354200 0.000000 0.000000 0.000000 1.000000
0.999532 -0.024771 0.017971 -0.000000 0.023491 0.997392 0.068243 13.877400 -0.019615 -0.067789 0.997507 -4.354200 0.000000 0.000000 0.000000 1.000000
0.999489 -0.025212 0.019655 -0.000000 0.023816 0.997380 0.068304 13.877400 -0.021326 -0.067801 0.997471 -4.354200 0.000000 0.000000 0.000000 1.000000
0.999448 -0.025614 0.021181 0.000000 0.024112 0.997369 0.068360 13.877400 -0.022876 -0.067811 0.997436 -4.354200 0.000000 0.000000 0.000000 1.000000
0.999411 -0.025953 0.022457 -0.000000 0.024363 0.997360 0.068409 13.877400 -0.024173 -0.067821 0.997405 -4.354200 0.000000 0.000000 0.000000 1.000000
0.999383 -0.026194 0.023401 0.000000 0.024538 0.997353 0.068444 13.877400 -0.025132 -0.067828 0.997380 -4.354200 0.000000 0.000000 0.000000 1.000000
0.999367 -0.026329 0.023927 -0.000000 0.024636 0.997349 0.068465 13.877400 -0.025666 -0.067832 0.997367 -4.354200 0.000000 0.000000 0.000000 1.000000
0.999369 -0.026319 0.023868 0.000000 0.024631 0.997350 0.068463 13.877400 -0.025607 -0.067832 0.997368 -4.354200 0.000000 0.000000 0.000000 1.000000
0.999402 -0.026034 0.022767 0.000000 0.024422 0.997358 0.068420 13.877400 -0.024488 -0.067823 0.997397 -4.354200 0.000000 0.000000 0.000000 1.000000
0.999457 -0.025526 0.020835 0.000000 0.024048 0.997372 0.068347 13.877400 -0.022525 -0.067809 0.997444 -4.354200 0.000000 0.000000 0.000000 1.000000
0.999521 -0.024885 0.018405 0.000000 0.023575 0.997389 0.068259 13.877400 -0.020055 -0.067792 0.997498 -4.354200 0.000000 0.000000 0.000000 1.000000
0.999582 -0.024203 0.015809 -0.000000 0.023072 0.997407 0.068166 13.877400 -0.017418 -0.067773 0.997549 -4.354200 0.000000 0.000000 0.000000 1.000000
0.999633 -0.023567 0.013382 -0.000000 0.022604 0.997424 0.068082 13.877400 -0.014953 -0.067755 0.997590 -4.354200 0.000000 0.000000 0.000000 1.000000
0.999668 -0.023064 0.011458 -0.000000 0.022232 0.997436 0.068019 13.877400 -0.012998 -0.067742 0.997618 -4.354200 0.000000 0.000000 0.000000 1.000000</float_array><technique_common><accessor source="#swat_Neck-Matrix-animation-output-transform-array" count="31" stride="16"><param type="float4x4"/></accessor></technique_common></source><source id="swat_Neck-Interpolations"><Name_array id="swat_Neck-Interpolations-array" count="31">
 LINEAR LINEAR LINEAR LINEAR LINEAR LINEAR LINEAR LINEAR LINEAR LINEAR LINEAR
LINEAR LINEAR LINEAR LINEAR LINEAR LINEAR LINEAR LINEAR LINEAR LINEAR LINEAR LINEAR
LINEAR LINEAR LINEAR LINEAR LINEAR LINEAR LINEAR LINEAR</Name_array><technique_common><accessor source="#swat_Neck-Interpolations-array" count="31"><param type="name"/></accessor></technique_common></source><sampler id="swat_Neck-Matrix-animation-transform"><input semantic="INPUT" source="#swat_Neck-Matrix-animation-input"/><input semantic="OUTPUT" source="#swat_Neck-Matrix-animation-output-transform"/><input semantic="INTERPOLATION" source="#swat_Neck-Interpolations"/></sampler><channel source="#swat_Neck-Matrix-animation-transform" target="swat_Neck/matrix"/></animation>
    <animation id="swat_Neck1-anim" name="swat_Neck1"><source id="swat_Neck1-Matrix-animation-input"><float_array id="swat_Neck1-Matrix-animation-input-array" count="31">

0.000000 0.033333 0.066667 0.100000 0.133333 0.166667 0.200000 0.233333 0.266667 0.300000 0.333333 0.366667 0.400000 0.433333 0.466667 0.500000
0.533333 0.566667 0.600000 0.633333 0.666667 0.700000 0.733333 0.766667 0.800000 0.833333 0.866667 0.900000 0.933333 0.966667 1.000000</float_array><technique_common><accessor source="#swat_Neck1-Matrix-animation-input-array" count="31"><param name="TIME" type="float"/></accessor></technique_common></source><source id="swat_Neck1-Matrix-animation-output-transform"><float_array id="swat_Neck1-Matrix-animation-output-transform-array" count="496">

0.999669 -0.023048 0.011461 0.000000 0.022217 0.997437 0.068018 4.340000 -0.012999 -0.067741 0.997618 0.926900 0.000000 0.000000 0.000000 1.000000
0.999694 -0.022648 0.009924 -0.000000 0.021922 0.997447 0.067969 4.340000 -0.011438 -0.067731 0.997638 0.926900 0.000000 0.000000 0.000000 1.000000
0.999714 -0.022315 0.008651 0.000000 0.021677 0.997455 0.067929 4.340000 -0.010144 -0.067722 0.997653 0.926900 0.000000 0.000000 0.000000 1.000000
0.999728 -0.022043 0.007629 0.000000 0.021475 0.997461 0.067896 4.340000 -0.009106 -0.067714 0.997663 0.926900 0.000000 0.000000 0.000000 1.000000
0.999738 -0.021840 0.006844 0.000000 0.021326 0.997466 0.067873 4.340000 -0.008309 -0.067709 0.997671 0.926900 0.000000 0.000000 0.000000 1.000000
0.999744 -0.021714 0.006281 -0.000000 0.021238 0.997469 0.067856 4.340000 -0.007739 -0.067705 0.997675 0.926900 0.000000 0.000000 0.000000 1.000000
0.999748 -0.021652 0.005935 -0.000000 0.021200 0.997471 0.067846 4.340000 -0.007389 -0.067703 0.997678 0.926900 0.000000 0.000000 0.000000 1.000000
0.999749 -0.021622 0.005789 0.000000 0.021180 0.997471 0.067842 4.340000 -0.007241 -0.067702 0.997679 0.926900 0.000000 0.000000 0.000000 1.000000
0.999749 -0.021627 0.005829 0.000000 0.021182 0.997471 0.067843 4.340000 -0.007281 -0.067702 0.997679 0.926900 0.000000 0.000000 0.000000 1.000000
0.999747 -0.021669 0.006050 -0.000000 0.021209 0.997470 0.067849 4.340000 -0.007505 -0.067703 0.997677 0.926900 0.000000 0.000000 0.000000 1.000000
0.999741 -0.021783 0.006582 0.000000 0.021287 0.997467 0.067865 4.340000 -0.008044 -0.067708 0.997673 0.926900 0.000000 0.000000 0.000000 1.000000
0.999729 -0.022022 0.007510 0.000000 0.021462 0.997462 0.067893 4.340000 -0.008986 -0.067713 0.997664 0.926900 0.000000 0.000000 0.000000 1.000000
0.999714 -0.022306 0.008595 -0.000000 0.021672 0.997455 0.067928 4.340000 -0.010088 -0.067722 0.997653 0.926900 0.000000 0.000000 0.000000 1.000000
0.999695 -0.022637 0.009855 -0.000000 0.021916 0.997447 0.067966 4.340000 -0.011369 -0.067730 0.997639 0.926900 0.000000 0.000000 0.000000 1.000000
0.999671 -0.023017 0.011298 0.000000 0.022197 0.997437 0.068014 4.340000 -0.012834 -0.067741 0.997620 0.926900 0.000000 0.000000 0.000000 1.000000
0.999644 -0.023416 0.012817 0.000000 0.022491 0.997427 0.068064 4.340000 -0.014378 -0.067751 0.997599 0.926900 0.000000 0.000000 0.000000 1.000000
0.999611 -0.023850 0.014465 0.000000 0.022812 0.997416 0.068120 4.340000 -0.016052 -0.067763 0.997572 0.926900 0.000000 0.000000 0.000000 1.000000
0.999573 -0.024307 0.016212 -0.000000 0.023148 0.997404 0.068180 4.340000 -0.017827 -0.067775 0.997541 0.926900 0.000000 0.000000 0.000000 1.000000
0.999532 -0.024770 0.017971 0.000000 0.023490 0.997392 0.068243 4.340000 -0.019615 -0.067789 0.997507 0.926900 0.000000 0.000000 0.000000 1.000000
0.999489 -0.025213 0.019655 0.000000 0.023816 0.997380 0.068303 4.340000 -0.021326 -0.067800 0.997471 0.926900 0.000000 0.000000 0.000000 1.000000
0.999448 -0.025614 0.021181 0.000000 0.024112 0.997369 0.068360 4.340000 -0.022876 -0.067812 0.997436 0.926900 0.000000 0.000000 0.000000 1.000000
0.999411 -0.025952 0.022457 0.000000 0.024362 0.997360 0.068409 4.340000 -0.024173 -0.067822 0.997405 0.926900 0.000000 0.000000 0.000000 1.000000
0.999383 -0.026195 0.023401 0.000000 0.024539 0.997353 0.068442 4.340000 -0.025132 -0.067826 0.997381 0.926900 0.000000 0.000000 0.000000 1.000000
0.999367 -0.026329 0.023926 -0.000000 0.024637 0.997349 0.068465 4.340000 -0.025666 -0.067832 0.997367 0.926900 0.000000 0.000000 0.000000 1.000000
0.999369 -0.026319 0.023869 -0.000000 0.024630 0.997350 0.068463 4.340000 -0.025607 -0.067832 0.997368 0.926900 0.000000 0.000000 0.000000 1.000000
0.999402 -0.026034 0.022767 0.000000 0.024422 0.997358 0.068421 4.340000 -0.024488 -0.067824 0.997397 0.926900 0.000000 0.000000 0.000000 1.000000
0.999457 -0.025526 0.020835 -0.000000 0.024047 0.997372 0.068348 4.340000 -0.022525 -0.067810 0.997444 0.926900 0.000000 0.000000 0.000000 1.000000
0.999521 -0.024885 0.018405 0.000000 0.023575 0.997389 0.068259 4.340000 -0.020055 -0.067792 0.997498 0.926900 0.000000 0.000000 0.000000 1.000000
0.999582 -0.024203 0.015809 0.000000 0.023072 0.997407 0.068166 4.340000 -0.017418 -0.067773 0.997549 0.926900 0.000000 0.000000 0.000000 1.000000
0.999633 -0.023566 0.013383 -0.000000 0.022602 0.997423 0.068085 4.340000 -0.014953 -0.067758 0.997590 0.926900 0.000000 0.000000 0.000000 1.000000
0.999668 -0.023064 0.011458 0.000000 0.022233 0.997436 0.068017 4.340000 -0.012998 -0.067740 0.997618 0.926900 0.000000 0.000000 0.000000 1.000000</float_array><technique_common><accessor source="#swat_Neck1-Matrix-animation-output-transform-array" count="31" stride="16"><param type="float4x4"/></accessor></technique_common></source><source id="swat_Neck1-Interpolations"><Name_array id="swat_Neck1-Interpolations-array" count="31">
 LINEAR LINEAR LINEAR LINEAR LINEAR LINEAR LINEAR LINEAR LINEAR LINEAR LINEAR
LINEAR LINEAR LINEAR LINEAR LINEAR LINEAR LINEAR LINEAR LINEAR LINEAR LINEAR LINEAR
LINEAR LINEAR LINEAR LINEAR LINEAR LINEAR LINEAR LINEAR</Name_array><technique_common><accessor source="#swat_Neck1-Interpolations-array" count="31"><param type="name"/></accessor></technique_common></source><sampler id="swat_Neck1-Matrix-animation-transform"><input semantic="INPUT" source="#swat_Neck1-Matrix-animation-input"/><input semantic="OUTPUT" source="#swat_Neck1-Matrix-animation-output-transform"/><input semantic="INTERPOLATION" source="#swat_Neck1-Interpolations"/></sampler><channel source="#swat_Neck1-Matrix-animation-transform" target="swat_Neck1/matrix"/></animation>
    <animation id="swat_Head-anim" name="swat_Head"><source id="swat_Head-Matrix-animation-input"><float_array id="swat_Head-Matrix-animation-input-array" count="31">

0.000000 0.033333 0.066667 0.100000 0.133333 0.166667 0.200000 0.233333 0.266667 0.300000 0.333333 0.366667 0.400000 0.433333 0.466667 0.500000
0.533333 0.566667 0.600000 0.633333 0.666667 0.700000 0.733333 0.766667 0.800000 0.833333 0.866667 0.900000 0.933333 0.966667 1.000000</float_array><technique_common><accessor source="#swat_Head-Matrix-animation-input-array" count="31"><param name="TIME" type="float"/></accessor></technique_common></source><source id="swat_Head-Matrix-animation-output-transform"><float_array id="swat_Head-Matrix-animation-output-transform-array" count="496">

0.999669 -0.023049 0.011461 0.000000 0.022218 0.997437 0.068018 4.026600 -0.012999 -0.067741 0.997618 0.858500 0.000000 0.000000 0.000000 1.000000
0.999694 -0.022649 0.009924 0.000000 0.021923 0.997447 0.067968 4.026600 -0.011438 -0.067730 0.997638 0.858500 0.000000 0.000000 0.000000 1.000000
