<?xml version="1.0" encoding="utf-8"?>
<COLLADA xmlns="http://www.collada.org/2005/11/COLLADASchema" version="1.4.1">
  <asset><contributor><author>Mixamo</author><authoring_tool>COLLADA Mixamo exporter</authoring_tool><comments></comments></contributor><created>2020-08-16T11:28:59Z</created><modified>2020-08-16T11:28:59Z</modified><revision></revision><title></title><unit meter="0.010000"/><up_axis>Y_UP</up_axis></asset>
  <library_animations>
    <animation id="swat_Hips-anim" name="swat_Hips"><source id="swat_Hips-Matrix-animation-input"><float_array id="swat_Hips-Matrix-animation-input-array" count="31">

0.000000 0.033333 0.066667 0.100000 0.133333 0.166667 0.200000 0.233333 0.266667 0.300000 0.333333 0.366667 0.400000 0.433333 0.466667 0.500000
0.533333 0.566667 0.600000 0.633333 0.666667 0.700000 0.733333 0.766667 0.800000 0.833333 0.866667 0.900000 0.933333 0.966667 1.000000</float_array><technique_common><accessor source="#swat_Hips-Matrix-animation-input-array" count="31"><param name="TIME" type="float"/></accessor></technique_common></source><source id="swat_Hips-Matrix-animation-output-transform"><float_array id="swat_Hips-Matrix-animation-output-transform-array" count="496">

0.664280 0.100351 -0.740717 -0.045978 0.065747 0.979262 0.191631 88.727188 0.744587 -0.175997 0.643907 0.078416 0.000000 0.000000 0.000000 1.000000
0.617550 0.126722 -0.776256 -1.452993 0.052851 0.978019 0.201705 87.090454 0.784754 -0.165589 0.597279 0.239271 0.000000 0.000000 0.000000 1.000000
0.565914 0.153862 -0.809980 -2.916925 0.039894 0.976171 0.213305 85.232880 0.823499 -0.153026 0.546290 0.491655 0.000000 0.000000 0.000000 1.000000
0.511514 0.180296 -0.840147 -4.301753 0.027621 0.973784 0.225792 83.447578 0.858831 -0.138702 0.493124 0.821888 0.000000 0.000000 0.000000 1.000000
0.457121 0.204638 -0.865543 -5.484381 0.016590 0.971040 0.238342 81.969704 0.889250 -0.123311 0.440487 1.212921 0.000000 0.000000 0.000000 1.000000
0.405870 0.225623 -0.885643 -6.382516 0.007239 0.968224 0.249978 81.014107 0.913902 -0.107870 0.391340 1.647928 0.000000 0.000000 0.000000 1.000000
0.361190 0.241901 -0.900569 -6.459478 0.000589 0.965707 0.259634 80.933304 0.932492 -0.094308 0.348661 2.098148 0.000000 0.000000 0.000000 1.000000
0.357149 0.245010 -0.901341 -6.536421 -0.002235 0.965205 0.261484 81.616997 0.934045 -0.091374 0.345270 2.552159 0.000000 0.000000 0.000000 1.000000
0.402856 0.237601 -0.883885 -6.382086 -0.003118 0.966067 0.258272 82.928238 0.915258 -0.101291 0.389927 2.993158 0.000000 0.000000 0.000000 1.000000
0.441767 0.227460 -0.867815 -5.911594 -0.001407 0.967499 0.252872 84.603287 0.897129 -0.110490 0.427729 3.383503 0.000000 0.000000 0.000000 1.000000
0.478021 0.215867 -0.851409 -5.331656 0.001525 0.969124 0.246569 86.334023 0.878347 -0.119163 0.462932 3.706418 0.000000 0.000000 0.000000 1.000000
0.511847 0.203209 -0.834697 -4.728221 0.005246 0.970864 0.239575 87.808151 0.859061 -0.127004 0.495868 3.948431 0.000000 0.000000 0.000000 1.000000
0.543562 0.189804 -0.817628 -4.111784 0.009481 0.972647 0.232093 88.620804 0.839316 -0.133909 0.526894 4.086453 0.000000 0.000000 0.000000 1.000000
0.573481 0.175958 -0.800099 -3.513318 0.013988 0.974415 0.224320 88.855125 0.819099 -0.139835 0.556348 4.106951 0.000000 0.000000 0.000000 1.000000
0.602004 0.161872 -0.781914 -2.996507 0.018667 0.976116 0.216448 88.602722 0.798275 -0.144899 0.584603 4.035742 0.000000 0.000000 0.000000 1.000000
0.629257 0.148002 -0.762975 -2.505644 0.023048 0.977715 0.208666 87.940536 0.776856 -0.148890 0.611823 3.889908 0.000000 0.000000 0.000000 1.000000
0.655480 0.134531 -0.743133 -2.065641 0.027088 0.979185 0.201156 86.804382 0.754726 -0.151984 0.638192 3.678082 0.000000 0.000000 0.000000 1.000000
0.680894 0.121013 -0.722315 -1.671287 0.031645 0.980472 0.194095 85.467056 0.731698 -0.155016 0.663768 3.406650 0.000000 0.000000 0.000000 1.000000
0.705629 0.107601 -0.700364 -1.454782 0.036578 0.981554 0.187655 84.448273 0.707637 -0.158033 0.688677 3.091065 0.000000 0.000000 0.000000 1.000000
0.729920 0.093848 -0.677060 -1.906346 0.042521 0.982377 0.182009 83.418800 0.682209 -0.161641 0.713066 2.739084 0.000000 0.000000 0.000000 1.000000
0.753927 0.080168 -0.652049 -2.751160 0.048845 0.982939 0.177328 82.182961 0.655140 -0.165542 0.737148 2.360093 0.000000 0.000000 0.000000 1.000000
0.778323 0.066556 -0.624327 -4.234965 0.055639 0.983142 0.174170 80.870804 0.625394 -0.170297 0.761499 1.976933 0.000000 0.000000 0.000000 1.000000
0.783851 0.059973 -0.618046 -5.501805 0.060482 0.983218 0.172116 80.400780 0.617997 -0.172294 0.767069 1.588770 0.000000 0.000000 0.000000 1.000000
0.772525 0.060870 -0.632060 -6.246942 0.061522 0.983537 0.169913 81.362999 0.631997 -0.170147 0.756062 1.215043 0.000000 0.000000 0.000000 1.000000
0.759254 0.065177 -0.647523 -5.900889 0.061493 0.983336 0.171081 83.276711 0.647883 -0.169712 0.742594 0.871213 0.000000 0.000000 0.000000 1.000000
0.745070 0.070861 -0.663211 -5.044363 0.060958 0.982945 0.173506 85.456161 0.664195 -0.169702 0.728043 0.570191 0.000000 0.000000 0.000000 1.000000
0.730033 0.077536 -0.678999 -4.143893 0.060077 0.982416 0.176775 87.303520 0.680766 -0.169844 0.712538 0.323786 0.000000 0.000000 0.000000 1.000000
0.714204 0.083935 -0.694886 -3.096672 0.060285 0.981718 0.180543 88.498886 0.697336 -0.170836 0.696087 0.137081 0.000000 0.000000 0.000000 1.000000
0.697817 0.089860 -0.710617 -2.134013 0.061555 0.980906 0.184485 89.334305 0.713627 -0.172479 0.678961 0.024292 0.000000 0.000000 0.000000 1.000000
0.681110 0.095330 -0.725949 -1.233662 0.063509 0.980059 0.188286 89.343224 0.729422 -0.174347 0.661473 0.000345 0.000000 0.000000 0.000000 1.000000
0.664280 0.100351 -0.740717 -0.045980 0.065748 0.979262 0.191631 88.727158 0.744587 -0.175997 0.643907 0.079358 0.000000 0.000000 0.000000 1.000000</float_array><technique_common><accessor source="#swat_Hips-Matrix-animation-output-transform-array" count="31" stride="16"><param type="float4x4"/></accessor></technique_common></source><source id="swat_Hips-Interpolations"><Name_array id="swat_Hips-Interpolations-array" count="31">
 LINEAR LINEAR LINEAR LINEAR LINEAR LINEAR LINEAR LINEAR LINEAR LINEAR LINEAR
LINEAR LINEAR LINEAR LINEAR LINEAR LINEAR LINEAR LINEAR LINEAR LINEAR LINEAR LINEAR
LINEAR LINEAR LINEAR LINEAR LINEAR LINEAR LINEAR LINEAR</Name_array><technique_common><accessor source="#swat_Hips-Interpolations-array" count="31"><param type="name"/></accessor></technique_common></source><sampler id="swat_Hips-Matrix-animation-transform"><input semantic="INPUT" source="#swat_Hips-Matrix-animation-input"/><input semantic="OUTPUT" source="#swat_Hips-Matrix-animation-output-transform"/><input semantic="INTERPOLATION" source="#swat_Hips-Interpolations"/></sampler><channel source="#swat_Hips-Matrix-animation-transform" target="swat_Hips/matrix"/></animation>
    <animation id="swat_Spine-anim" name="swat_Spine"><source id="swat_Spine-Matrix-animation-input"><float_array id="swat_Spine-Matrix-animation-input-array" count="31">

0.000000 0.033333 0.066667 0.100000 0.133333 0.166667 0.200000 0.233333 0.266667 0.300000 0.333333 0.366667 0.400000 0.433333 0.466667 0.500000
0.533333 0.566667 0.600000 0.633333 0.666667 0.700000 0.733333 0.766667 0.800000 0.833333 0.866667 0.900000 0.933333 0.966667 1.000000</float_array><technique_common><accessor source="#swat_Spine-Matrix-animation-input-array" count="31"><param name="TIME" type="float"/></accessor></technique_common></source><source id="swat_Spine-Matrix-animation-output-transform"><float_array id="swat_Spine-Matrix-animation-output-transform-array" count="496">

0.995276 0.089322 -0.038039 0.000000 -0.096386 0.956011 -0.277044 9.226300 0.011620 0.279402 0.960104 1.577100 0.000000 0.000000 0.000000 1.000000
0.996801 0.079101 -0.011443 0.000000 -0.079104 0.955933 -0.282728 9.226300 -0.011425 0.282729 0.959132 1.577100 0.000000 0.000000 0.000000 1.000000
0.997452 0.069182 0.017396 0.000000 -0.061205 0.955232 -0.289459 9.226300 -0.036642 0.287657 0.957032 1.577100 0.000000 0.000000 0.000000 1.000000
0.997076 0.060412 0.046806 0.000000 -0.043859 0.953901 -0.296899 9.226300 -0.062584 0.293978 0.953761 1.577100 0.000000 0.000000 0.000000 1.000000
0.995794 0.053412 0.074447 0.000000 -0.028274 0.951993 -0.304810 9.226300 -0.087154 0.301423 0.949499 1.577100 0.000000 0.000000 0.000000 1.000000
0.993910 0.046291 0.100001 0.000000 -0.012870 0.950038 -0.311870 9.226300 -0.109442 0.308684 0.944847 1.577100 0.000000 0.000000 0.000000 1.000000
0.991878 0.038721 0.121158 0.000000 0.001752 0.948289 -0.317403 9.226300 -0.127182 0.315038 0.940519 1.577100 0.000000 0.000000 0.000000 1.000000
0.990883 0.043446 0.127531 0.000000 -0.000462 0.947671 -0.319248 9.226300 -0.134728 0.316278 0.939051 1.577100 0.000000 0.000000 0.000000 1.000000
0.990974 0.067857 0.115610 0.000000 -0.028102 0.948413 -0.315789 9.226300 -0.131075 0.309690 0.941760 1.577100 0.000000 0.000000 0.000000 1.000000
0.991632 0.083985 0.098043 0.000000 -0.049495 0.948755 -0.312112 9.226300 -0.119232 0.304648 0.944973 1.577100 0.000000 0.000000 0.000000 1.000000
0.992405 0.095143 0.077972 0.000000 -0.066892 0.949347 -0.307028 9.226300 -0.103234 0.299481 0.948501 1.577100 0.000000 0.000000 0.000000 1.000000
0.993050 0.101778 0.059101 0.000000 -0.079521 0.950436 -0.300578 9.226300 -0.086764 0.293789 0.951924 1.577100 0.000000 0.000000 0.000000 1.000000
0.993715 0.104083 0.041209 -0.000000 -0.087485 0.951731 -0.294200 9.226300 -0.069841 0.288746 0.954855 1.577100 0.000000 0.000000 0.000000 1.000000
0.994367 0.103404 0.023266 0.000000 -0.092412 0.953336 -0.287421 9.226300 -0.051901 0.283652 0.957522 1.577100 0.000000 0.000000 0.000000 1.000000
0.994897 0.100765 0.005187 0.000000 -0.095258 0.954985 -0.280945 9.226300 -0.033263 0.279017 0.959710 1.577100 0.000000 0.000000 0.000000 1.000000
0.995259 0.096431 -0.012701 0.000000 -0.096191 0.956500 -0.275418 9.226300 -0.014410 0.275334 0.961241 1.577100 0.000000 0.000000 0.000000 1.000000
0.995359 0.091332 -0.030299 0.000000 -0.096132 0.957788 -0.270928 9.226300 0.004275 0.272583 0.962123 1.577100 0.000000 0.000000 0.000000 1.000000
0.995079 0.086986 -0.047445 0.000000 -0.096537 0.958991 -0.266491 9.226300 0.022318 0.269760 0.962669 1.577100 0.000000 0.000000 0.000000 1.000000
0.994327 0.084991 -0.063955 0.000000 -0.098956 0.959656 -0.263187 9.226300 0.039007 0.268023 0.962623 1.577100 0.000000 0.000000 0.000000 1.000000
0.993008 0.086935 -0.079855 0.000000 -0.104983 0.959695 -0.260699 9.226300 0.053973 0.267259 0.962112 1.577100 0.000000 0.000000 0.000000 1.000000
0.991092 0.093413 -0.094919 0.000000 -0.115162 0.959104 -0.258569 9.226300 0.066884 0.267197 0.961318 1.577100 0.000000 0.000000 0.000000 1.000000
0.988507 0.104426 -0.109316 0.000000 -0.129515 0.957943 -0.256068 9.226300 0.077978 0.267283 0.960458 1.577100 0.000000 0.000000 0.000000 1.000000
0.987334 0.107019 -0.117122 0.000000 -0.134077 0.957507 -0.255352 9.226300 0.084818 0.267821 0.959728 1.577100 0.000000 0.000000 0.000000 1.000000
0.988675 0.099779 -0.112095 -0.000000 -0.126006 0.957636 -0.258953 9.226300 0.081508 0.270145 0.959363 1.577100 0.000000 0.000000 0.000000 1.000000
0.990467 0.092303 -0.102248 0.000000 -0.116390 0.957800 -0.262816 9.226300 0.073675 0.272211 0.959413 1.577100 0.000000 0.000000 0.000000 1.000000
0.991891 0.087640 -0.092036 0.000000 -0.109271 0.957899 -0.265498 9.226300 0.064894 0.273402 0.959708 1.577100 0.000000 0.000000 0.000000 1.000000
0.993037 0.085096 -0.081462 -0.000000 -0.104095 0.957609 -0.268606 9.226300 0.055152 0.275215 0.959799 1.577100 0.000000 0.000000 0.000000 1.000000
0.993880 0.084906 -0.070670 0.000000 -0.101035 0.957340 -0.270726 9.226300 0.044668 0.276210 0.960059 1.577100 0.000000 0.000000 0.000000 1.000000
0.994448 0.086574 -0.059819 0.000000 -0.099722 0.956817 -0.273051 9.226300 0.033597 0.277501 0.960138 1.577100 0.000000 0.000000 0.000000 1.000000
0.994895 0.088323 -0.048807 0.000000 -0.098399 0.956359 -0.275126 9.226300 0.022377 0.278524 0.960169 1.577100 0.000000 0.000000 0.000000 1.000000
0.995275 0.089340 -0.038029 0.000000 -0.096402 0.955994 -0.277095 9.226300 0.011600 0.279452 0.960090 1.577100 0.000000 0.000000 0.000000 1.000000</float_array><technique_common><accessor source="#swat_Spine-Matrix-animation-output-transform-array" count="31" stride="16"><param type="float4x4"/></accessor></technique_common></source><source id="swat_Spine-Interpolations"><Name_array id="swat_Spine-Interpolations-array" count="31">
 LINEAR LINEAR LINEAR LINEAR LINEAR LINEAR LINEAR LINEAR LINEAR LINEAR LINEAR
LINEAR LINEAR LINEAR LINEAR LINEAR LINEAR LINEAR LINEAR LINEAR LINEAR LINEAR LINEAR
LINEAR LINEAR LINEAR LINEAR LINEAR LINEAR LINEAR LINEAR</Name_array><technique_common><accessor source="#swat_Spine-Interpolations-array" count="31"><param type="name"/></accessor></technique_common></source><sampler id="swat_Spine-Matrix-animation-transform"><input semantic="INPUT" source="#swat_Spine-Matrix-animation-input"/><input semantic="OUTPUT" source="#swat_Spine-Matrix-animation-output-transform"/><input semantic="INTERPOLATION" source="#swat_Spine-Interpolations"/></sampler><channel source="#swat_Spine-Matrix-animation-transform" target="swat_Spine/matrix"/></animation>
    <animation id="swat_Spine1-anim" name="swat_Spine1"><source id="swat_Spine1-Matrix-animation-input"><float_array id="swat_Spine1-Matrix-animation-input-array" count="31">

0.000000 0.033333 0.066667 0.100000 0.133333 0.166667 0.200000 0.233333 0.266667 0.300000 0.333333 0.366667 0.400000 0.433333 0.466667 0.500000
0.533333 0.566667 0.600000 0.633333 0.666667 0.700000 0.733333 0.766667 0.800000 0.833333 0.866667 0.900000 0.933333 0.966667 1.000000</float_array><technique_common><accessor source="#swat_Spine1-Matrix-animation-input-array" count="31"><param name="TIME" type="float"/></accessor></technique_common></source><source id="swat_Spine1-Matrix-animation-output-transform"><float_array id="swat_Spine1-Matrix-animation-output-transform-array" count="496">

0.986676 -0.109696 0.120159 0.000000 0.146088 0.922419 -0.357492 16.254000 -0.071621 0.370283 0.926154 -0.165600 0.000000 0.000000 0.000000 1.000000
0.986517 -0.102034 0.127954 -0.000000 0.141800 0.923269 -0.357026 16.254000 -0.081707 0.370356 0.925289 -0.165600 0.000000 0.000000 0.000000 1.000000
0.986376 -0.094071 0.134957 0.000000 0.136852 0.924481 -0.355818 16.254000 -0.091293 0.369440 0.924759 -0.165600 0.000000 0.000000 0.000000 1.000000
0.986104 -0.086649 0.141739 0.000000 0.132233 0.925867 -0.353957 16.254000 -0.100561 0.367781 0.924459 -0.165600 0.000000 0.000000 0.000000 1.000000
0.985540 -0.080386 0.149163 0.000000 0.128842 0.927254 -0.351567 16.254000 -0.110051 0.365702 0.924203 -0.165600 0.000000 0.000000 0.000000 1.000000
0.984910 -0.073962 0.156465 0.000000 0.125258 0.928501 -0.349566 16.254000 -0.119423 0.363890 0.923755 -0.165600 0.000000 0.000000 0.000000 1.000000
0.984226 -0.066503 0.163939 0.000000 0.120841 0.929518 -0.348416 16.254000 -0.129213 0.362731 0.922892 -0.165600 0.000000 0.000000 0.000000 1.000000
0.984192 -0.069208 0.163025 -0.000000 0.122855 0.929799 -0.346958 16.254000 -0.127568 0.361502 0.923603 -0.165600 0.000000 0.000000 0.000000 1.000000
0.984603 -0.086928 0.151657 -0.000000 0.135328 0.928220 -0.346546 16.254000 -0.110646 0.361734 0.925692 -0.165600 0.000000 0.000000 0.000000 1.000000
0.984471 -0.097432 0.146024 -0.000000 0.143179 0.926946 -0.346800 16.254000 -0.101567 0.362322 0.926502 -0.165600 0.000000 0.000000 0.000000 1.000000
0.984243 -0.103819 0.143136 0.000000 0.148244 0.925731 -0.347916 16.254000 -0.096385 0.363653 0.926535 -0.165600 0.000000 0.000000 0.000000 1.000000
0.984076 -0.107914 0.141240 -0.000000 0.151614 0.924359 -0.350104 16.254000 -0.092776 0.365943 0.926001 -0.165600 0.000000 0.000000 0.000000 1.000000
0.984163 -0.109166 0.139667 0.000000 0.152434 0.923342 -0.352425 16.254000 -0.090487 0.368134 0.925359 -0.165600 0.000000 0.000000 0.000000 1.000000
0.984329 -0.108655 0.138889 0.000000 0.151909 0.922460 -0.354952 16.254000 -0.089552 0.370488 0.924510 -0.165600 0.000000 0.000000 0.000000 1.000000
0.984461 -0.107821 0.138604 0.000000 0.151254 0.921636 -0.357365 16.254000 -0.089211 0.372776 0.923623 -0.165600 0.000000 0.000000 0.000000 1.000000
0.984717 -0.105804 0.138338 0.000000 0.149453 0.921180 -0.359294 16.254000 -0.089419 0.374478 0.922914 -0.165600 0.000000 0.000000 0.000000 1.000000
0.985041 -0.103688 0.137633 -0.000000 0.147352 0.920927 -0.360805 16.254000 -0.089338 0.375688 0.922430 -0.165600 0.000000 0.000000 0.000000 1.000000
0.985381 -0.101939 0.136504 -0.000000 0.145463 0.920512 -0.362628 16.254000 -0.088688 0.377182 0.921883 -0.165600 0.000000 0.000000 0.000000 1.000000
0.985695 -0.101816 0.134310 0.000000 0.144590 0.920313 -0.363479 16.254000 -0.086599 0.377699 0.921870 -0.165600 0.000000 0.000000 0.000000 1.000000
0.985933 -0.103825 0.130980 0.000000 0.145238 0.920010 -0.363988 16.254000 -0.082712 0.377891 0.922148 -0.165600 0.000000 0.000000 0.000000 1.000000
0.985961 -0.109220 0.126297 -0.000000 0.148500 0.919402 -0.364209 16.254000 -0.076339 0.377851 0.922714 -0.165600 0.000000 0.000000 0.000000 1.000000
0.985890 -0.117496 0.119231 0.000000 0.153510 0.918634 -0.364068 16.254000 -0.066754 0.377234 0.923709 -0.165600 0.000000 0.000000 0.000000 1.000000
0.985777 -0.118646 0.119027 -0.000000 0.154458 0.918730 -0.363425 16.254000 -0.066235 0.376640 0.923989 -0.165600 0.000000 0.000000 0.000000 1.000000
0.986071 -0.113531 0.121555 -0.000000 0.150457 0.920388 -0.360900 16.254000 -0.070904 0.374162 0.924649 -0.165600 0.000000 0.000000 0.000000 1.000000
0.986506 -0.109691 0.121549 0.000000 0.146772 0.921477 -0.359635 16.254000 -0.072556 0.372622 0.925142 -0.165600 0.000000 0.000000 0.000000 1.000000
0.986752 -0.107767 0.121270 0.000000 0.144829 0.921986 -0.359119 16.254000 -0.073108 0.371925 0.925379 -0.165600 0.000000 0.000000 0.000000 1.000000
0.986858 -0.107402 0.120729 0.000000 0.144228 0.922358 -0.358405 16.254000 -0.072862 0.371107 0.925727 -0.165600 0.000000 0.000000 0.000000 1.000000
0.986858 -0.107928 0.120259 0.000000 0.144520 0.922430 -0.358101 16.254000 -0.072281 0.370775 0.925906 -0.165600 0.000000 0.000000 0.000000 1.000000
0.986773 -0.109065 0.119937 0.000000 0.145442 0.922386 -0.357843 16.254000 -0.071600 0.370553 0.926047 -0.165600 0.000000 0.000000 0.000000 1.000000
0.986709 -0.109474 0.120084 0.000000 0.145848 0.922482 -0.357430 16.254000 -0.071646 0.370194 0.926188 -0.165600 0.000000 0.000000 0.000000 1.000000
0.986672 -0.109606 0.120271 -0.000000 0.146061 0.922344 -0.357698 16.254000 -0.071725 0.370498 0.926060 -0.165600 0.000000 0.000000 0.000000 1.000000</float_array><technique_common><accessor source="#swat_Spine1-Matrix-animation-output-transform-array" count="31" stride="16"><param type="float4x4"/></accessor></technique_common></source><source id="swat_Spine1-Interpolations"><Name_array id="swat_Spine1-Interpolations-array" count="31">
 LINEAR LINEAR LINEAR LINEAR LINEAR LINEAR LINEAR LINEAR LINEAR LINEAR LINEAR
LINEAR LINEAR LINEAR LINEAR LINEAR LINEAR LINEAR LINEAR LINEAR LINEAR LINEAR LINEAR
LINEAR LINEAR LINEAR LINEAR LINEAR LINEAR LINEAR LINEAR</Name_array><technique_common><accessor source="#swat_Spine1-Interpolations-array" count="31"><param type="name"/></accessor></technique_common></source><sampler id="swat_Spine1-Matrix-animation-transform"><input semantic="INPUT" source="#swat_Spine1-Matrix-animation-input"/><input semantic="OUTPUT" source="#swat_Spine1-Matrix-animation-output-transform"/><input semantic="INTERPOLATION" source="#swat_Spine1-Interpolations"/></sampler><channel source="#swat_Spine1-Matrix-animation-transform" target="swat_Spine1/matrix"/></animation>
    <animation id="swat_Spine2-anim" name="swat_Spine2"><source id="swat_Spine2-Matrix-animation-input"><float_array id="swat_Spine2-Matrix-animation-input-array" count="31">

0.000000 0.033333 0.066667 0.100000 0.133333 0.166667 0.200000 0.233333 0.266667 0.300000 0.333333 0.366667 0.400000 0.433333 0.466667 0.500000
0.533333 0.566667 0.600000 0.633333 0.666667 0.700000 0.733333 0.766667 0.800000 0.833333 0.866667 0.900000 0.933333 0.966667 1.000000</float_array><technique_common><accessor source="#swat_Spine2-Matrix-animation-input-array" count="31"><param name="TIME" type="float"/></accessor></technique_common></source><source id="swat_Spine2-Matrix-animation-output-transform"><float_array id="swat_Spine2-Matrix-animation-output-transform-array" count="496">

0.966745 -0.163080 0.196999 -0.000000 0.215799 0.933557 -0.286184 13.639600 -0.137239 0.319179 0.937705 -1.292300 0.000000 0.000000 0.000000 1.000000
0.967246 -0.153582 0.202107 0.000000 0.208628 0.934537 -0.288295 13.639600 -0.144599 0.321017 0.935969 -1.292300 0.000000 0.000000 0.000000 1.000000
0.967830 -0.143984 0.206334 0.000000 0.200979 0.935776 -0.289708 13.639600 -0.151369 0.321857 0.934610 -1.292300 0.000000 0.000000 0.000000 1.000000
0.968262 -0.134716 0.210524 0.000000 0.193542 0.937098 -0.290498 13.639600 -0.158147 0.322024 0.933429 -1.292300 0.000000 0.000000 0.000000 1.000000
0.968297 -0.126102 0.215637 -0.000000 0.186961 0.938339 -0.290802 13.639600 -0.165670 0.321898 0.932167 -1.292300 0.000000 0.000000 0.000000 1.000000
0.968227 -0.117623 0.220684 0.000000 0.180547 0.939397 -0.291437 13.639600 -0.173030 0.322021 0.930786 -1.292300 0.000000 0.000000 0.000000 1.000000
0.968226 -0.108159 0.225477 0.000000 0.173324 0.940185 -0.293276 13.639600 -0.180270 0.323038 0.929058 -1.292300 0.000000 0.000000 0.000000 1.000000
0.967815 -0.111079 0.225820 0.000000 0.175809 0.940471 -0.290870 13.639600 -0.180068 0.321210 0.929731 -1.292300 0.000000 0.000000 0.000000 1.000000
0.966244 -0.132002 0.221244 0.000000 0.193322 0.939140 -0.283978 13.639600 -0.170293 0.317163 0.932957 -1.292300 0.000000 0.000000 0.000000 1.000000
0.964925 -0.144067 0.219463 0.000000 0.203868 0.937903 -0.280669 13.639600 -0.165400 0.315567 0.934377 -1.292300 0.000000 0.000000 0.000000 1.000000
0.964084 -0.150968 0.218521 0.000000 0.210156 0.936701 -0.280047 13.639600 -0.162410 0.315912 0.934785 -1.292300 0.000000 0.000000 0.000000 1.000000
0.963602 -0.155419 0.217523 0.000000 0.214366 0.935370 -0.281301 13.639600 -0.159745 0.317692 0.934641 -1.292300 0.000000 0.000000 0.000000 1.000000
0.963665 -0.157094 0.216035 0.000000 0.215844 0.934415 -0.283337 13.639600 -0.157356 0.319672 0.934371 -1.292300 0.000000 0.000000 0.000000 1.000000
0.964020 -0.156795 0.214665 0.000000 0.215571 0.933618 -0.286159 13.639600 -0.155547 0.322139 0.933827 -1.292300 0.000000 0.000000 0.000000 1.000000
0.964408 -0.155891 0.213575 0.000000 0.214819 0.932884 -0.289101 13.639600 -0.154173 0.324692 0.933170 -1.292300 0.000000 0.000000 0.000000 1.000000
0.964959 -0.154057 0.212414 0.000000 0.213064 0.932512 -0.291589 13.639600 -0.153157 0.326630 0.932661 -1.292300 0.000000 0.000000 0.000000 1.000000
0.965563 -0.152265 0.210957 0.000000 0.211158 0.932335 -0.293538 13.639600 -0.151987 0.327975 0.932380 -1.292300 0.000000 0.000000 0.000000 1.000000
0.966173 -0.150905 0.209133 0.000000 0.209577 0.932003 -0.295714 13.639600 -0.150288 0.329541 0.932103 -1.292300 0.000000 0.000000 0.000000 1.000000
0.966516 -0.151534 0.207088 0.000000 0.209568 0.931841 -0.296231 13.639600 -0.148084 0.329711 0.932396 -1.292300 0.000000 0.000000 0.000000 1.000000
0.966546 -0.154566 0.204689 0.000000 0.211599 0.931534 -0.295752 13.639600 -0.144962 0.329170 0.933077 -1.292300 0.000000 0.000000 0.000000 1.000000
0.966064 -0.160998 0.201992 -0.000000 0.216650 0.930856 -0.294228 13.639600 -0.140655 0.328004 0.934146 -1.292300 0.000000 0.000000 0.000000 1.000000
0.965293 -0.170693 0.197670 0.000000 0.224154 0.929894 -0.291637 13.639600 -0.134032 0.325823 0.935882 -1.292300 0.000000 0.000000 0.000000 1.000000
0.965167 -0.171407 0.197667 -0.000000 0.224749 0.929951 -0.290997 13.639600 -0.133942 0.325286 0.936082 -1.292300 0.000000 0.000000 0.000000 1.000000
0.965919 -0.165666 0.198883 0.000000 0.219434 0.931622 -0.289707 13.639600 -0.137290 0.323475 0.936224 -1.292300 0.000000 0.000000 0.000000 1.000000
0.966666 -0.162192 0.198119 -0.000000 0.215718 0.932722 -0.288954 13.639600 -0.137924 0.322060 0.936618 -1.292300 0.000000 0.000000 0.000000 1.000000
0.967005 -0.160845 0.197559 0.000000 0.214164 0.933225 -0.288487 13.639600 -0.137965 0.321279 0.936881 -1.292300 0.000000 0.000000 0.000000 1.000000
0.967117 -0.160746 0.197094 -0.000000 0.213791 0.933570 -0.287648 13.639600 -0.137763 0.320326 0.937237 -1.292300 0.000000 0.000000 0.000000 1.000000
0.967126 -0.161240 0.196644 0.000000 0.214065 0.933622 -0.287273 13.639600 -0.137271 0.319923 0.937446 -1.292300 0.000000 0.000000 0.000000 1.000000
0.966905 -0.162500 0.196694 0.000000 0.215209 0.933545 -0.286670 13.639600 -0.137038 0.319513 0.937620 -1.292300 0.000000 0.000000 0.000000 1.000000
0.966793 -0.162878 0.196934 0.000000 0.215578 0.933617 -0.286157 13.639600 -0.137252 0.319109 0.937727 -1.292300 0.000000 0.000000 0.000000 1.000000
0.966734 -0.163004 0.197115 0.000000 0.215794 0.933496 -0.286389 13.639600 -0.137323 0.319399 0.937618 -1.292300 0.000000 0.000000 0.000000 1.000000</float_array><technique_common><accessor source="#swat_Spine2-Matrix-animation-output-transform-array" count="31" stride="16"><param type="float4x4"/></accessor></technique_common></source><source id="swat_Spine2-Interpolations"><Name_array id="swat_Spine2-Interpolations-array" count="31">
 LINEAR LINEAR LINEAR LINEAR LINEAR LINEAR LINEAR LINEAR LINEAR LINEAR LINEAR
LINEAR LINEAR LINEAR LINEAR LINEAR LINEAR LINEAR LINEAR LINEAR LINEAR LINEAR LINEAR
LINEAR LINEAR LINEAR LINEAR LINEAR LINEAR LINEAR LINEAR</Name_array><technique_common><accessor source="#swat_Spine2-Interpolations-array" count="31"><param type="name"/></accessor></technique_common></source><sampler id="swat_Spine2-Matrix-animation-transform"><input semantic="INPUT" source="#swat_Spine2-Matrix-animation-input"/><input semantic="OUTPUT" source="#swat_Spine2-Matrix-animation-output-transform"/><input semantic="INTERPOLATION" source="#swat_Spine2-Interpolations"/></sampler><channel source="#swat_Spine2-Matrix-animation-transform" target="swat_Spine2/matrix"/></animation>
    <animation id="swat_Neck-anim" name="swat_Neck"><source id="swat_Neck-Matrix-animation-input"><float_array id="swat_Neck-Matrix-animation-input-array" count="31">

0.000000 0.033333 0.066667 0.100000 0.133333 0.166667 0.200000 0.233333 0.266667 0.300000 0.333333 0.366667 0.400000 0.433333 0.466667 0.500000
0.533333 0.566667 0.600000 0.633333 0.666667 0.700000 0.733333 0.766667 0.800000 0.833333 0.866667 0.900000 0.933333 0.966667 1.000000</float_array><technique_common><accessor source="#swat_Neck-Matrix-animation-input-array" count="31"><param name="TIME" type="float"/></accessor></technique_common></source><source id="swat_Neck-Matrix-animation-output-transform"><float_array id="swat_Neck-Matrix-animation-output-transform-array" count="496">

0.999275 -0.007262 0.037364 0.000000 0.005415 0.998769 0.049307 13.877400 -0.037676 -0.049069 0.998085 -4.354200 0.000000 0.000000 0.000000 1.000000
0.999198 -0.007709 0.039300 -0.000000 0.005764 0.998763 0.049380 13.877400 -0.039632 -0.049114 0.998007 -4.354200 0.000000 0.000000 0.000000 1.000000
0.999094 -0.008272 0.041742 -0.000000 0.006202 0.998756 0.049486 13.877400 -0.042100 -0.049182 0.997902 -4.354200 0.000000 0.000000 0.000000 1.000000
0.998976 -0.008875 0.044354 0.000000 0.006670 0.998746 0.049620 13.877400 -0.044739 -0.049274 0.997783 -4.354200 0.000000 0.000000 0.000000 1.000000
0.998860 -0.009443 0.046801 0.000000 0.007111 0.998737 0.049744 13.877400 -0.047211 -0.049355 0.997665 -4.354200 0.000000 0.000000 0.000000 1.000000
0.998762 -0.009891 0.048744 0.000000 0.007458 0.998729 0.049842 13.877400 -0.049175 -0.049417 0.997567 -4.354200 0.000000 0.000000 0.000000 1.000000
0.998705 -0.010150 0.049852 0.000000 0.007660 0.998725 0.049893 13.877400 -0.050294 -0.049447 0.997510 -4.354200 0.000000 0.000000 0.000000 1.000000
0.998702 -0.010162 0.049909 0.000000 0.007669 0.998725 0.049897 13.877400 -0.050352 -0.049449 0.997507 -4.354200 0.000000 0.000000 0.000000 1.000000
0.998729 -0.010040 0.049382 -0.000000 0.007574 0.998727 0.049879 13.877400 -0.049820 -0.049441 0.997534 -4.354200 0.000000 0.000000 0.000000 1.000000
0.998778 -0.009824 0.048432 -0.000000 0.007407 0.998730 0.049828 13.877400 -0.048860 -0.049408 0.997583 -4.354200 0.000000 0.000000 0.000000 1.000000
0.998843 -0.009525 0.047147 0.000000 0.007175 0.998735 0.049760 13.877400 -0.047561 -0.049365 0.997648 -4.354200 0.000000 0.000000 0.000000 1.000000
0.998917 -0.009172 0.045612 -0.000000 0.006902 0.998741 0.049680 13.877400 -0.046010 -0.049312 0.997723 -4.354200 0.000000 0.000000 0.000000 1.000000
0.998997 -0.008778 0.043916 -0.000000 0.006596 0.998747 0.049599 13.877400 -0.044297 -0.049259 0.997803 -4.354200 0.000000 0.000000 0.000000 1.000000
0.999076 -0.008368 0.042146 0.000000 0.006277 0.998755 0.049495 13.877400 -0.042508 -0.049185 0.997885 -4.354200 0.000000 0.000000 0.000000 1.000000
0.999152 -0.007962 0.040389 -0.000000 0.005961 0.998761 0.049416 13.877400 -0.040732 -0.049133 0.997961 -4.354200 0.000000 0.000000 0.000000 1.000000
0.999221 -0.007581 0.038730 0.000000 0.005665 0.998766 0.049336 13.877400 -0.039056 -0.049078 0.998031 -4.354200 0.000000 0.000000 0.000000 1.000000
0.999282 -0.007223 0.037201 0.000000 0.005386 0.998772 0.049257 13.877400 -0.037511 -0.049021 0.998093 -4.354200 0.000000 0.000000 0.000000 1.000000
0.999337 -0.006891 0.035749 -0.000000 0.005127 0.998776 0.049193 13.877400 -0.036044 -0.048977 0.998149 -4.354200 0.000000 0.000000 0.000000 1.000000
0.999385 -0.006586 0.034432 0.000000 0.004889 0.998780 0.049137 13.877400 -0.034714 -0.048938 0.998198 -4.354200 0.000000 0.000000 0.000000 1.000000
0.999425 -0.006328 0.033315 -0.000000 0.004687 0.998783 0.049101 13.877400 -0.033585 -0.048917 0.998238 -4.354200 0.000000 0.000000 0.000000 1.000000
0.999454 -0.006127 0.032456 0.000000 0.004529 0.998785 0.049079 13.877400 -0.032718 -0.048905 0.998267 -4.354200 0.000000 0.000000 0.000000 1.000000
0.999472 -0.006019 0.031921 -0.000000 0.004448 0.998786 0.049066 13.877400 -0.032178 -0.048898 0.998285 -4.354200 0.000000 0.000000 0.000000 1.000000
0.999480 -0.005979 0.031697 -0.000000 0.004419 0.998786 0.049060 13.877400 -0.031952 -0.048894 0.998293 -4.354200 0.000000 0.000000 0.000000 1.000000
0.999481 -0.005974 0.031657 0.000000 0.004416 0.998786 0.049060 13.877400 -0.031911 -0.048894 0.998294 -4.354200 0.000000 0.000000 0.000000 1.000000
0.999476 -0.006001 0.031806 -0.000000 0.004436 0.998786 0.049064 13.877400 -0.032062 -0.048897 0.998289 -4.354200 0.000000 0.000000 0.000000 1.000000
0.999465 -0.006060 0.032155 0.000000 0.004477 0.998785 0.049073 13.877400 -0.032414 -0.048903 0.998277 -4.354200 0.000000 0.000000 0.000000 1.000000
0.999445 -0.006189 0.032719 -0.000000 0.004578 0.998784 0.049086 13.877400 -0.032983 -0.048909 0.998258 -4.354200 0.000000 0.000000 0.000000 1.000000
0.999418 -0.006373 0.033507 0.000000 0.004723 0.998782 0.049105 13.877400 -0.033779 -0.048918 0.998231 -4.354200 0.000000 0.000000 0.000000 1.000000
0.999382 -0.006608 0.034537 0.000000 0.004906 0.998780 0.049141 13.877400 -0.034820 -0.048941 0.998195 -4.354200 0.000000 0.000000 0.000000 1.000000
0.999334 -0.006905 0.035818 0.000000 0.005138 0.998777 0.049184 13.877400 -0.036113 -0.048967 0.998147 -4.354200 0.000000 0.000000 0.000000 1.000000
0.999275 -0.007259 0.037365 0.000000 0.005414 0.998772 0.049241 13.877400 -0.037676 -0.049003 0.998088 -4.354200 0.000000 0.000000 0.000000 1.000000</float_array><technique_common><accessor source="#swat_Neck-Matrix-animation-output-transform-array" count="31" stride="16"><param type="float4x4"/></accessor></technique_common></source><source id="swat_Neck-Interpolations"><Name_array id="swat_Neck-Interpolations-array" count="31">
 LINEAR LINEAR LINEAR LINEAR LINEAR LINEAR LINEAR LINEAR LINEAR LINEAR LINEAR
LINEAR LINEAR LINEAR LINEAR LINEAR LINEAR LINEAR LINEAR LINEAR LINEAR LINEAR LINEAR
LINEAR LINEAR LINEAR LINEAR LINEAR LINEAR LINEAR LINEAR</Name_array><technique_common><accessor source="#swat_Neck-Interpolations-array" count="31"><param type="name"/></accessor></technique_common></source><sampler id="swat_Neck-Matrix-animation-transform"><input semantic="INPUT" source="#swat_Neck-Matrix-animation-input"/><input semantic="OUTPUT" source="#swat_Neck-Matrix-animation-output-transform"/><input semantic="INTERPOLATION" source="#swat_Neck-Interpolations"/></sampler><channel source="#swat_Neck-Matrix-animation-transform" target="swat_Neck/matrix"/></animation>
    <animation id="swat_Neck1-anim" name="swat_Neck1"><source id="swat_Neck1-Matrix-animation-input"><float_array id="swat_Neck1-Matrix-animation-input-array" count="31">

0.000000 0.033333 0.066667 0.100000 0.133333 0.166667 0.200000 0.233333 0.266667 0.300000 0.333333 0.366667 0.400000 0.433333 0.466667 0.500000
0.533333 0.566667 0.600000 0.633333 0.666667 0.700000 0.733333 0.766667 0.800000 0.833333 0.866667 0.900000 0.933333 0.966667 1.000000</float_array><technique_common><accessor source="#swat_Neck1-Matrix-animation-input-array" count="31"><param name="TIME" type="float"/></accessor></technique_common></source><source id="swat_Neck1-Matrix-animation-output-transform"><float_array id="swat_Neck1-Matrix-animation-output-transform-array" count="496">

0.999275 -0.007261 0.037364 -0.000000 0.005414 0.998769 0.049307 4.340000 -0.037676 -0.049069 0.998085 0.926900 0.000000 0.000000 0.000000 1.000000
0.999198 -0.007709 0.039300 -0.000000 0.005763 0.998763 0.049380 4.340000 -0.039632 -0.049114 0.998007 0.926900 0.000000 0.000000 0.000000 1.000000
0.999094 -0.008271 0.041743 0.000000 0.006200 0.998756 0.049487 4.340000 -0.042100 -0.049183 0.997902 0.926900 0.000000 0.000000 0.000000 1.000000
0.998976 -0.008876 0.044355 0.000000 0.006670 0.998746 0.049620 4.340000 -0.044739 -0.049273 0.997783 0.926900 0.000000 0.000000 0.000000 1.000000
0.998860 -0.009443 0.046801 -0.000000 0.007111 0.998737 0.049745 4.340000 -0.047211 -0.049355 0.997665 0.926900 0.000000 0.000000 0.000000 1.000000
0.998762 -0.009891 0.048745 -0.000000 0.007458 0.998729 0.049842 4.340000 -0.049176 -0.049417 0.997567 0.926900 0.000000 0.000000 0.000000 1.000000
0.998705 -0.010150 0.049852 0.000000 0.007660 0.998725 0.049893 4.340000 -0.050294 -0.049447 0.997510 0.926900 0.000000 0.000000 0.000000 1.000000
0.998702 -0.010162 0.049909 0.000000 0.007668 0.998725 0.049897 4.340000 -0.050353 -0.049449 0.997507 0.926900 0.000000 0.000000 0.000000 1.000000
0.998729 -0.010040 0.049382 0.000000 0.007573 0.998726 0.049881 4.340000 -0.049820 -0.049444 0.997534 0.926900 0.000000 0.000000 0.000000 1.000000
0.998778 -0.009823 0.048432 -0.000000 0.007407 0.998730 0.049828 4.340000 -0.048860 -0.049408 0.997583 0.926900 0.000000 0.000000 0.000000 1.000000
0.998843 -0.009524 0.047147 0.000000 0.007175 0.998735 0.049761 4.340000 -0.047561 -0.049365 0.997648 0.926900 0.000000 0.000000 0.000000 1.000000
0.998917 -0.009172 0.045612 0.000000 0.006902 0.998741 0.049680 4.340000 -0.046010 -0.049312 0.997723 0.926900 0.000000 0.000000 0.000000 1.000000
0.998997 -0.008779 0.043916 0.000000 0.006596 0.998747 0.049599 4.340000 -0.044297 -0.049259 0.997803 0.926900 0.000000 0.000000 0.000000 1.000000
0.999076 -0.008367 0.042147 0.000000 0.006276 0.998755 0.049495 4.340000 -0.042508 -0.049185 0.997885 0.926900 0.000000 0.000000 0.000000 1.000000
0.999152 -0.007961 0.040388 0.000000 0.005961 0.998761 0.049416 4.340000 -0.040732 -0.049133 0.997961 0.926900 0.000000 0.000000 0.000000 1.000000
0.999221 -0.007580 0.038730 0.000000 0.005664 0.998766 0.049336 4.340000 -0.039056 -0.049078 0.998031 0.926900 0.000000 0.000000 0.000000 1.000000
0.999282 -0.007223 0.037201 -0.000000 0.005386 0.998772 0.049257 4.340000 -0.037511 -0.049021 0.998093 0.926900 0.000000 0.000000 0.000000 1.000000
0.999337 -0.006891 0.035749 0.000000 0.005127 0.998776 0.049193 4.340000 -0.036044 -0.048977 0.998149 0.926900 0.000000 0.000000 0.000000 1.000000
0.999385 -0.006583 0.034433 0.000000 0.004886 0.998780 0.049140 4.340000 -0.034715 -0.048941 0.998198 0.926900 0.000000 0.000000 0.000000 1.000000
0.999425 -0.006328 0.033315 -0.000000 0.004687 0.998783 0.049101 4.340000 -0.033585 -0.048917 0.998238 0.926900 0.000000 0.000000 0.000000 1.000000
0.999454 -0.006128 0.032456 0.000000 0.004530 0.998785 0.049079 4.340000 -0.032718 -0.048905 0.998267 0.926900 0.000000 0.000000 0.000000 1.000000
0.999472 -0.006019 0.031921 0.000000 0.004448 0.998786 0.049066 4.340000 -0.032178 -0.048899 0.998285 0.926900 0.000000 0.000000 0.000000 1.000000
0.999480 -0.005978 0.031697 0.000000 0.004418 0.998786 0.049060 4.340000 -0.031952 -0.048894 0.998293 0.926900 0.000000 0.000000 0.000000 1.000000
0.999481 -0.005973 0.031657 0.000000 0.004415 0.998786 0.049060 4.340000 -0.031912 -0.048895 0.998294 0.926900 0.000000 0.000000 0.000000 1.000000
0.999476 -0.006002 0.031806 0.000000 0.004436 0.998786 0.049064 4.340000 -0.032062 -0.048897 0.998289 0.926900 0.000000 0.000000 0.000000 1.000000
0.999465 -0.006060 0.032155 0.000000 0.004477 0.998785 0.049073 4.340000 -0.032414 -0.048902 0.998277 0.926900 0.000000 0.000000 0.000000 1.000000
0.999445 -0.006190 0.032718 0.000000 0.004579 0.998784 0.049083 4.340000 -0.032983 -0.048906 0.998259 0.926900 0.000000 0.000000 0.000000 1.000000
0.999418 -0.006372 0.033507 -0.000000 0.004722 0.998782 0.049105 4.340000 -0.033779 -0.048919 0.998231 0.926900 0.000000 0.000000 0.000000 1.000000
0.999382 -0.006608 0.034537 -0.000000 0.004906 0.998780 0.049141 4.340000 -0.034819 -0.048941 0.998195 0.926900 0.000000 0.000000 0.000000 1.000000
0.999334 -0.006904 0.035818 0.000000 0.005137 0.998777 0.049184 4.340000 -0.036113 -0.048967 0.998147 0.926900 0.000000 0.000000 0.000000 1.000000
0.999275 -0.007258 0.037365 0.000000 0.005413 0.998772 0.049241 4.340000 -0.037677 -0.049003 0.998088 0.926900 0.000000 0.000000 0.000000 1.000000</float_array><technique_common><accessor source="#swat_Neck1-Matrix-animation-output-transform-array" count="31" stride="16"><param type="float4x4"/></accessor></technique_common></source><source id="swat_Neck1-Interpolations"><Name_array id="swat_Neck1-Interpolations-array" count="31">
 LINEAR LINEAR LINEAR LINEAR LINEAR LINEAR LINEAR LINEAR LINEAR LINEAR LINEAR
LINEAR LINEAR LINEAR LINEAR LINEAR LINEAR LINEAR LINEAR LINEAR LINEAR LINEAR LINEAR
LINEAR LINEAR LINEAR LINEAR LINEAR LINEAR LINEAR LINEAR</Name_array><technique_common><accessor source="#swat_Neck1-Interpolations-array" count="31"><param type="name"/></accessor></technique_common></source><sampler id="swat_Neck1-Matrix-animation-transform"><input semantic="INPUT" source="#swat_Neck1-Matrix-animation-input"/><input semantic="OUTPUT" source="#swat_Neck1-Matrix-animation-output-transform"/><input semantic="INTERPOLATION" source="#swat_Neck1-Interpolations"/></sampler><channel source="#swat_Neck1-Matrix-animation-transform" target="swat_Neck1/matrix"/></animation>
    <animation id="swat_Head-anim" name="swat_Head"><source id="swat_Head-Matrix-animation-input"><float_array id="swat_Head-Matrix-animation-input-array" count="31">

0.000000 0.033333 0.066667 0.100000 0.133333 0.166667 0.200000 0.233333 0.266667 0.300000 0.333333 0.366667 0.400000 0.433333 0.466667 0.500000
0.533333 0.566667 0.600000 0.633333 0.666667 0.700000 0.733333 0.766667 0.800000 0.833333 0.866667 0.900000 0.933333 0.966667 1.000000</float_array><technique_common><accessor source="#swat_Head-Matrix-animation-input-array" count="31"><param name="TIME" type="float"/></accessor></technique_common></source><source id="swat_Head-Matrix-animation-output-transform"><float_array id="swat_Head-Matrix-animation-output-transform-array" count="496">

0.999275 -0.007263 0.037364 -0.000000 0.005416 0.998769 0.049307 4.026600 -0.037676 -0.049069 0.998085 0.858500 0.000000 0.000000 0.000000 1.000000
0.999198 -0.007709 0.039300 0.000000 0.005764 0.998763 0.049380 4.026600 -0.039632 -0.049114 0.998007 0.858500 0.000000 0.000000 0.000000 1.000000
