<?xml version="1.0" encoding="utf-8"?>
<COLLADA xmlns="http://www.collada.org/2005/11/COLLADASchema" version="1.4.1">
  <asset><contributor><author>Mixamo</author><authoring_tool>COLLADA Mixamo exporter</authoring_tool><comments></comments></contributor><created>2020-08-11T19:54:54Z</created><modified>2020-08-11T19:54:54Z</modified><revision></revision><title></title><unit meter="0.010000"/><up_axis>Y_UP</up_axis></asset>
  <library_animations>
    <animation id="swat_Hips-anim" name="swat_Hips"><source id="swat_Hips-Matrix-animation-input"><float_array id="swat_Hips-Matrix-animation-input-array" count="42">

0.000000 0.033333 0.066667 0.100000 0.133333 0.166667 0.200000 0.233333 0.266667 0.300000 0.333333 0.366667 0.400000 0.433333 0.466667 0.500000
0.533333 0.566667 0.600000 0.633333 0.666667 0.700000 0.733333 0.766667 0.800000 0.833333 0.866667 0.900000 0.933333 0.966667 1.000000 1.033333
1.066667 1.100000 1.133333 1.166667 1.200000 1.233333 1.266667 1.300000 1.333333 1.366667</float_array><technique_common><accessor source="#swat_Hips-Matrix-animation-input-array" count="42"><param name="TIME" type="float"/></accessor></technique_common></source><source id="swat_Hips-Matrix-animation-output-transform"><float_array id="swat_Hips-Matrix-animation-output-transform-array" count="672">

0.843278 0.039013 -0.536060 0.012920 0.061490 0.983811 0.168330 87.890457 0.533949 -0.174912 0.827227 -0.026010 0.000000 0.000000 0.000000 1.000000
0.840836 0.036463 -0.540060 -0.484001 0.069275 0.982275 0.174175 88.364761 0.536839 -0.183865 0.823406 0.034918 0.000000 0.000000 0.000000 1.000000
0.838694 0.034166 -0.543530 -0.825110 0.075978 0.980930 0.178898 88.865723 0.539277 -0.191337 0.820104 0.081208 0.000000 0.000000 0.000000 1.000000
0.836825 0.032974 -0.546477 -1.120577 0.080576 0.979896 0.182514 89.388939 0.541509 -0.196765 0.817344 0.106324 0.000000 0.000000 0.000000 1.000000
0.833808 0.032259 -0.551111 -1.308164 0.084518 0.979063 0.185181 89.896889 0.545546 -0.200984 0.813624 0.105595 0.000000 0.000000 0.000000 1.000000
0.828152 0.034567 -0.559437 -1.408547 0.087003 0.978071 0.189228 90.370102 0.553710 -0.205382 0.806984 0.080425 0.000000 0.000000 0.000000 1.000000
0.820369 0.041872 -0.570300 -1.446502 0.086075 0.976910 0.195545 90.780907 0.565320 -0.209507 0.797822 0.041751 0.000000 0.000000 0.000000 1.000000
0.812693 0.048871 -0.580639 -1.379772 0.085798 0.975579 0.202200 91.091209 0.576341 -0.214144 0.788653 0.003951 0.000000 0.000000 0.000000 1.000000
0.805822 0.051003 -0.589957 -1.163415 0.089794 0.974238 0.206874 91.284203 0.585310 -0.219678 0.780483 -0.027781 0.000000 0.000000 0.000000 1.000000
0.798629 0.052268 -0.599550 -0.727160 0.093630 0.973300 0.209570 91.387955 0.594496 -0.223505 0.772412 -0.047009 0.000000 0.000000 0.000000 1.000000
0.789146 0.053471 -0.611874 -0.228373 0.095523 0.973397 0.208261 91.368515 0.606733 -0.222796 0.763045 -0.056591 0.000000 0.000000 0.000000 1.000000
0.777668 0.051176 -0.626589 0.281907 0.099483 0.974106 0.203028 91.104324 0.620755 -0.220224 0.752439 -0.072701 0.000000 0.000000 0.000000 1.000000
0.768574 0.049478 -0.637845 0.751506 0.105360 0.973603 0.202476 90.494568 0.631026 -0.222821 0.743073 -0.081823 0.000000 0.000000 0.000000 1.000000
0.764227 0.051439 -0.642893 1.234265 0.110934 0.971474 0.209600 89.699135 0.635335 -0.231501 0.736720 -0.088964 0.000000 0.000000 0.000000 1.000000
0.764900 0.046905 -0.642439 1.683282 0.120198 0.969435 0.213889 88.878876 0.632835 -0.240824 0.735883 -0.116100 0.000000 0.000000 0.000000 1.000000
0.771448 0.037466 -0.635188 2.098632 0.130658 0.967665 0.215763 88.141960 0.622733 -0.249443 0.741608 -0.153361 0.000000 0.000000 0.000000 1.000000
0.780217 0.025809 -0.624977 2.495808 0.141659 0.965898 0.216735 87.634155 0.609258 -0.257634 0.749953 -0.188741 0.000000 0.000000 0.000000 1.000000
0.790326 0.013002 -0.612549 2.868261 0.152279 0.964234 0.216940 87.419502 0.593462 -0.264732 0.760079 -0.211003 0.000000 0.000000 0.000000 1.000000
0.801019 0.000105 -0.598639 3.202672 0.161663 0.962808 0.216485 87.362152 0.576397 -0.270186 0.771211 -0.206994 0.000000 0.000000 0.000000 1.000000
0.811457 -0.011985 -0.584289 3.507725 0.169286 0.961746 0.215377 87.556725 0.559356 -0.273682 0.782444 -0.198213 0.000000 0.000000 0.000000 1.000000
0.821941 -0.022284 -0.569137 3.764511 0.173192 0.961697 0.212468 87.948708 0.542603 -0.273206 0.794318 -0.176226 0.000000 0.000000 0.000000 1.000000
0.832479 -0.028820 -0.553306 3.953181 0.173825 0.961812 0.211432 88.482254 0.526083 -0.272191 0.805698 -0.135341 0.000000 0.000000 0.000000 1.000000
0.843495 -0.033168 -0.536113 4.057639 0.171841 0.962300 0.210830 89.108696 0.508908 -0.269960 0.817395 -0.081698 0.000000 0.000000 0.000000 1.000000
0.852820 -0.038448 -0.520787 4.082390 0.168864 0.964009 0.205355 89.774643 0.494148 -0.263073 0.828619 -0.026657 0.000000 0.000000 0.000000 1.000000
0.858422 -0.043108 -0.511129 4.047468 0.165232 0.966587 0.195981 90.421295 0.485602 -0.252689 0.836862 0.025533 0.000000 0.000000 0.000000 1.000000
0.860241 -0.045682 -0.507837 3.973942 0.160350 0.969684 0.184393 90.880028 0.484018 -0.240054 0.841487 0.062059 0.000000 0.000000 0.000000 1.000000
0.859648 -0.049526 -0.508481 3.871138 0.156099 0.973155 0.169120 91.240288 0.486455 -0.224757 0.844302 0.078213 0.000000 0.000000 0.000000 1.000000
0.859627 -0.056810 -0.507754 3.638014 0.153073 0.976785 0.149865 91.504478 0.487453 -0.206551 0.848367 0.068992 0.000000 0.000000 0.000000 1.000000
0.862181 -0.067200 -0.502123 3.354256 0.150803 0.980275 0.127747 91.616013 0.483634 -0.185863 0.855309 0.064301 0.000000 0.000000 0.000000 1.000000
0.867422 -0.072519 -0.492260 3.057636 0.143669 0.983688 0.108248 91.522751 0.476380 -0.164620 0.863691 0.043638 0.000000 0.000000 0.000000 1.000000
0.876879 -0.067065 -0.476010 2.757262 0.127899 0.987078 0.096540 91.131889 0.463384 -0.145535 0.874125 -0.008552 0.000000 0.000000 0.000000 1.000000
0.891686 -0.053911 -0.449432 2.442662 0.104169 0.990673 0.087841 90.583160 0.440505 -0.125143 0.888985 -0.071446 0.000000 0.000000 0.000000 1.000000
0.904228 -0.035878 -0.425541 2.128529 0.077140 0.993795 0.080125 89.959244 0.420026 -0.105278 0.901385 -0.129698 0.000000 0.000000 0.000000 1.000000
0.903614 -0.019999 -0.427880 1.836337 0.059048 0.995189 0.078184 89.286018 0.424258 -0.095914 0.900448 -0.149236 0.000000 0.000000 0.000000 1.000000
0.892064 -0.010026 -0.451797 1.550902 0.053962 0.994964 0.084467 88.644951 0.448675 -0.099730 0.888113 -0.150848 0.000000 0.000000 0.000000 1.000000
0.880511 0.004143 -0.474009 1.245174 0.047986 0.994046 0.097827 88.088173 0.471591 -0.108883 0.875069 -0.141804 0.000000 0.000000 0.000000 1.000000
0.871748 0.025784 -0.489275 0.983791 0.035098 0.992762 0.114852 87.721275 0.488695 -0.117295 0.864534 -0.130155 0.000000 0.000000 0.000000 1.000000
0.863425 0.039998 -0.502889 0.791424 0.029106 0.991242 0.128813 87.484062 0.503636 -0.125858 0.854699 -0.131464 0.000000 0.000000 0.000000 1.000000
0.856749 0.039698 -0.514203 0.607138 0.037166 0.989688 0.138333 87.396011 0.514392 -0.137627 0.846439 -0.125489 0.000000 0.000000 0.000000 1.000000
0.852024 0.036980 -0.522195 0.417273 0.048261 0.987705 0.148690 87.447060 0.521273 -0.151890 0.839764 -0.106667 0.000000 0.000000 0.000000 1.000000
0.847559 0.037434 -0.529379 0.251144 0.056133 0.985590 0.159565 87.622795 0.527724 -0.164956 0.833245 -0.071534 0.000000 0.000000 0.000000 1.000000
0.843278 0.039013 -0.536060 0.012921 0.061490 0.983811 0.168330 87.890450 0.533949 -0.174912 0.827227 -0.026011 0.000000 0.000000 0.000000 1.000000</float_array><technique_common><accessor source="#swat_Hips-Matrix-animation-output-transform-array" count="42" stride="16"><param type="float4x4"/></accessor></technique_common></source><source id="swat_Hips-Interpolations"><Name_array id="swat_Hips-Interpolations-array" count="42">
 LINEAR LINEAR LINEAR LINEAR LINEAR LINEAR LINEAR LINEAR LINEAR LINEAR LINEAR
LINEAR LINEAR LINEAR LINEAR LINEAR LINEAR LINEAR LINEAR LINEAR LINEAR LINEAR LINEAR
LINEAR LINEAR LINEAR LINEAR LINEAR LINEAR LINEAR LINEAR LINEAR LINEAR LINEAR LINEAR
LINEAR LINEAR LINEAR LINEAR LINEAR LINEAR LINEAR</Name_array><technique_common><accessor source="#swat_Hips-Interpolations-array" count="42"><param type="name"/></accessor></technique_common></source><sampler id="swat_Hips-Matrix-animation-transform"><input semantic="INPUT" source="#swat_Hips-Matrix-animation-input"/><input semantic="OUTPUT" source="#swat_Hips-Matrix-animation-output-transform"/><input semantic="INTERPOLATION" source="#swat_Hips-Interpolations"/></sampler><channel source="#swat_Hips-Matrix-animation-transform" target="swat_Hips/matrix"/></animation>
    <animation id="swat_Spine-anim" name="swat_Spine"><source id="swat_Spine-Matrix-animation-input"><float_array id="swat_Spine-Matrix-animation-input-array" count="42">

0.000000 0.033333 0.066667 0.100000 0.133333 0.166667 0.200000 0.233333 0.266667 0.300000 0.333333 0.366667 0.400000 0.433333 0.466667 0.500000
0.533333 0.566667 0.600000 0.633333 0.666667 0.700000 0.733333 0.766667 0.800000 0.833333 0.866667 0.900000 0.933333 0.966667 1.000000 1.033333
1.066667 1.100000 1.133333 1.166667 1.200000 1.233333 1.266667 1.300000 1.333333 1.366667</float_array><technique_common><accessor source="#swat_Spine-Matrix-animation-input-array" count="42"><param name="TIME" type="float"/></accessor></technique_common></source><source id="swat_Spine-Matrix-animation-output-transform"><float_array id="swat_Spine-Matrix-animation-output-transform-array" count="672">

0.992082 -0.096692 -0.080144 0.000000 0.075543 0.969241 -0.234233 9.226300 0.100328 0.226324 0.968871 1.577100 0.000000 0.000000 0.000000 1.000000
0.993399 -0.083313 -0.078852 0.000000 0.062562 0.969653 -0.236345 9.226300 0.096150 0.229852 0.968464 1.577100 0.000000 0.000000 0.000000 1.000000
0.994204 -0.072658 -0.079239 0.000000 0.051937 0.969941 -0.237733 9.226300 0.094130 0.232240 0.968093 1.577100 0.000000 0.000000 0.000000 1.000000
0.994766 -0.063789 -0.079818 -0.000000 0.043222 0.970555 -0.236969 9.226300 0.092584 0.232279 0.968233 1.577100 0.000000 0.000000 0.000000 1.000000
0.995314 -0.055513 -0.079176 -0.000000 0.035496 0.971383 -0.234851 9.226300 0.089947 0.230940 0.968801 1.577100 0.000000 0.000000 0.000000 1.000000
0.996045 -0.047494 -0.075088 0.000000 0.028703 0.971825 -0.233951 9.226300 0.084084 0.230871 0.969344 1.577100 0.000000 0.000000 0.000000 1.000000
0.996915 -0.041762 -0.066455 -0.000000 0.024970 0.971454 -0.235910 9.226300 0.074410 0.233523 0.969500 1.577100 0.000000 0.000000 0.000000 1.000000
0.997724 -0.035661 -0.057233 0.000000 0.020953 0.970662 -0.239532 9.226300 0.064096 0.237788 0.969200 1.577100 0.000000 0.000000 0.000000 1.000000
0.998357 -0.027681 -0.050166 0.000000 0.014704 0.970009 -0.242624 9.226300 0.055377 0.241488 0.968822 1.577100 0.000000 0.000000 0.000000 1.000000
0.998853 -0.023351 -0.041797 -0.000000 0.012380 0.969273 -0.245677 9.226300 0.046249 0.244878 0.968450 1.577100 0.000000 0.000000 0.000000 1.000000
0.999332 -0.021387 -0.029636 0.000000 0.013461 0.969286 -0.245566 9.226300 0.033977 0.245003 0.968927 1.577100 0.000000 0.000000 0.000000 1.000000
0.999667 -0.017737 -0.018743 0.000000 0.012662 0.970037 -0.242626 9.226300 0.022485 0.242308 0.969939 1.577100 0.000000 0.000000 0.000000 1.000000
0.999793 -0.014437 -0.014310 0.000000 0.010489 0.969419 -0.245189 9.226300 0.017412 0.244988 0.969370 1.577100 0.000000 0.000000 0.000000 1.000000
0.999834 -0.012507 -0.013224 0.000000 0.008709 0.966687 -0.255814 9.226300 0.015982 0.255656 0.966636 1.577100 0.000000 0.000000 0.000000 1.000000
0.999824 -0.007218 -0.017337 0.000000 0.002410 0.964858 -0.262759 9.226300 0.018625 0.262671 0.964706 1.577100 0.000000 0.000000 0.000000 1.000000
0.999581 -0.001052 -0.028923 -0.000000 -0.006705 0.963735 -0.266778 9.226300 0.028155 0.266861 0.963324 1.577100 0.000000 0.000000 0.000000 1.000000
0.999032 0.005545 -0.043649 0.000000 -0.017113 0.962885 -0.269369 9.226300 0.040535 0.269855 0.962047 1.577100 0.000000 0.000000 0.000000 1.000000
0.998120 0.011584 -0.060182 -0.000000 -0.027483 0.962306 -0.270579 9.226300 0.054779 0.271724 0.960815 1.577100 0.000000 0.000000 0.000000 1.000000
0.996881 0.016133 -0.077259 0.000000 -0.036538 0.962008 -0.270565 9.226300 0.069959 0.272544 0.959597 1.577100 0.000000 0.000000 0.000000 1.000000
0.995456 0.018597 -0.093390 0.000000 -0.043263 0.962008 -0.269574 9.226300 0.084828 0.272389 0.958441 1.577100 0.000000 0.000000 0.000000 1.000000
0.994071 0.016502 -0.107475 0.000000 -0.044816 0.962738 -0.266696 9.226300 0.099069 0.269932 0.957769 1.577100 0.000000 0.000000 0.000000 1.000000
0.992751 0.011411 -0.119643 0.000000 -0.043120 0.963022 -0.265950 9.226300 0.112184 0.269182 0.956533 1.577100 0.000000 0.000000 0.000000 1.000000
0.991303 0.004013 -0.131540 0.000000 -0.039040 0.963509 -0.264815 9.226300 0.125678 0.267647 0.955285 1.577100 0.000000 0.000000 0.000000 1.000000
0.990033 -0.003937 -0.140784 0.000000 -0.032822 0.965637 -0.257815 9.226300 0.136961 0.259866 0.955882 1.577100 0.000000 0.000000 0.000000 1.000000
0.989381 -0.011762 -0.144866 -0.000000 -0.024676 0.968657 -0.247175 9.226300 0.143232 0.248125 0.958081 1.577100 0.000000 0.000000 0.000000 1.000000
0.989246 -0.020040 -0.144881 0.000000 -0.014919 0.971578 -0.236249 9.226300 0.145498 0.235870 0.960831 1.577100 0.000000 0.000000 0.000000 1.000000
0.989155 -0.026660 -0.144435 0.000000 -0.006128 0.975040 -0.221943 9.226300 0.146747 0.220421 0.964303 1.577100 0.000000 0.000000 0.000000 1.000000
0.988622 -0.029792 -0.147440 0.000000 -0.000087 0.980077 -0.198619 9.226300 0.150419 0.196372 0.968923 1.577100 0.000000 0.000000 0.000000 1.000000
0.987955 -0.030351 -0.151733 0.000000 0.004173 0.985444 -0.169950 9.226300 0.154683 0.167270 0.973701 1.577100 0.000000 0.000000 0.000000 1.000000
0.987272 -0.033495 -0.155477 0.000000 0.010419 0.989093 -0.146925 9.226300 0.158702 0.143435 0.976852 1.577100 0.000000 0.000000 0.000000 1.000000
0.985247 -0.045401 -0.165009 -0.000000 0.023138 0.990655 -0.134416 9.226300 0.169570 0.128615 0.977090 1.577100 0.000000 0.000000 0.000000 1.000000
0.980997 -0.066577 -0.182242 -0.000000 0.044067 0.991191 -0.124893 9.226300 0.188952 0.114489 0.975289 1.577100 0.000000 0.000000 0.000000 1.000000
0.976389 -0.091480 -0.195692 0.000000 0.069432 0.990735 -0.116716 9.226300 0.204556 0.100373 0.973695 1.577100 0.000000 0.000000 0.000000 1.000000
0.975615 -0.107584 -0.191315 -0.000000 0.086229 0.989421 -0.116664 9.226300 0.201843 0.097323 0.974571 1.577100 0.000000 0.000000 0.000000 1.000000
0.978496 -0.110654 -0.174071 -0.000000 0.089198 0.987934 -0.126607 9.226300 0.185980 0.108358 0.976560 1.577100 0.000000 0.000000 0.000000 1.000000
0.980999 -0.114920 -0.156316 0.000000 0.092509 0.985274 -0.143793 9.226300 0.170539 0.126600 0.977184 1.577100 0.000000 0.000000 0.000000 1.000000
0.982048 -0.127369 -0.139135 -0.000000 0.103825 0.980807 -0.165041 9.226300 0.157485 0.147632 0.976424 1.577100 0.000000 0.000000 0.000000 1.000000
0.983613 -0.132607 -0.122150 0.000000 0.108936 0.976981 -0.183413 9.226300 0.143660 0.167100 0.975417 1.577100 0.000000 0.000000 0.000000 1.000000
0.986140 -0.124403 -0.109777 -0.000000 0.101127 0.975229 -0.196729 9.226300 0.131531 0.182901 0.974293 1.577100 0.000000 0.000000 0.000000 1.000000
0.988620 -0.112970 -0.099336 0.000000 0.090146 0.973537 -0.210001 9.226300 0.120431 0.198656 0.972642 1.577100 0.000000 0.000000 0.000000 1.000000
0.990586 -0.103753 -0.089298 0.000000 0.081576 0.971269 -0.223566 9.226300 0.109928 0.214177 0.970590 1.577100 0.000000 0.000000 0.000000 1.000000
0.992082 -0.096692 -0.080144 0.000000 0.075543 0.969241 -0.234233 9.226300 0.100327 0.226324 0.968871 1.577100 0.000000 0.000000 0.000000 1.000000</float_array><technique_common><accessor source="#swat_Spine-Matrix-animation-output-transform-array" count="42" stride="16"><param type="float4x4"/></accessor></technique_common></source><source id="swat_Spine-Interpolations"><Name_array id="swat_Spine-Interpolations-array" count="42">
 LINEAR LINEAR LINEAR LINEAR LINEAR LINEAR LINEAR LINEAR LINEAR LINEAR LINEAR
LINEAR LINEAR LINEAR LINEAR LINEAR LINEAR LINEAR LINEAR LINEAR LINEAR LINEAR LINEAR
LINEAR LINEAR LINEAR LINEAR LINEAR LINEAR LINEAR LINEAR LINEAR LINEAR LINEAR LINEAR
LINEAR LINEAR LINEAR LINEAR LINEAR LINEAR LINEAR</Name_array><technique_common><accessor source="#swat_Spine-Interpolations-array" count="42"><param type="name"/></accessor></technique_common></source><sampler id="swat_Spine-Matrix-animation-transform"><input semantic="INPUT" source="#swat_Spine-Matrix-animation-input"/><input semantic="OUTPUT" source="#swat_Spine-Matrix-animation-output-transform"/><input semantic="INTERPOLATION" source="#swat_Spine-Interpolations"/></sampler><channel source="#swat_Spine-Matrix-animation-transform" target="swat_Spine/matrix"/></animation>
    <animation id="swat_Spine1-anim" name="swat_Spine1"><source id="swat_Spine1-Matrix-animation-input"><float_array id="swat_Spine1-Matrix-animation-input-array" count="42">

0.000000 0.033333 0.066667 0.100000 0.133333 0.166667 0.200000 0.233333 0.266667 0.300000 0.333333 0.366667 0.400000 0.433333 0.466667 0.500000
0.533333 0.566667 0.600000 0.633333 0.666667 0.700000 0.733333 0.766667 0.800000 0.833333 0.866667 0.900000 0.933333 0.966667 1.000000 1.033333
1.066667 1.100000 1.133333 1.166667 1.200000 1.233333 1.266667 1.300000 1.333333 1.366667</float_array><technique_common><accessor source="#swat_Spine1-Matrix-animation-input-array" count="42"><param name="TIME" type="float"/></accessor></technique_common></source><source id="swat_Spine1-Matrix-animation-output-transform"><float_array id="swat_Spine1-Matrix-animation-output-transform-array" count="672">

0.999060 -0.014423 -0.040870 0.000000 0.012981 0.999292 -0.035327 16.254000 0.041350 0.034763 0.998540 -0.165600 0.000000 0.000000 0.000000 1.000000
0.999062 -0.010070 -0.042121 -0.000000 0.008580 0.999336 -0.035398 16.254000 0.042449 0.035004 0.998485 -0.165600 0.000000 0.000000 0.000000 1.000000
0.999112 -0.006214 -0.041684 -0.000000 0.004709 0.999337 -0.036103 16.254000 0.041881 0.035875 0.998478 -0.165600 0.000000 0.000000 0.000000 1.000000
0.999141 -0.002619 -0.041365 -0.000000 0.001095 0.999322 -0.036807 16.254000 0.041434 0.036730 0.998466 -0.165600 0.000000 0.000000 0.000000 1.000000
0.999172 0.001005 -0.040669 0.000000 -0.002532 0.999292 -0.037530 16.254000 0.040603 0.037602 0.998468 -0.165600 0.000000 0.000000 0.000000 1.000000
0.999225 0.003981 -0.039159 0.000000 -0.005499 0.999234 -0.038747 16.254000 0.038975 0.038932 0.998481 -0.165600 0.000000 0.000000 0.000000 1.000000
0.999278 0.005146 -0.037642 0.000000 -0.006653 0.999177 -0.040016 16.254000 0.037405 0.040238 0.998490 -0.165600 0.000000 0.000000 0.000000 1.000000
0.999318 0.005022 -0.036578 0.000000 -0.006517 0.999144 -0.040855 16.254000 0.036342 0.041066 0.998495 -0.165600 0.000000 0.000000 0.000000 1.000000
0.999350 0.005339 -0.035655 0.000000 -0.006837 0.999093 -0.042030 16.254000 0.035398 0.042246 0.998480 -0.165600 0.000000 0.000000 0.000000 1.000000
0.999368 0.005273 -0.035156 0.000000 -0.006822 0.999005 -0.044078 16.254000 0.034889 0.044290 0.998409 -0.165600 0.000000 0.000000 0.000000 1.000000
0.999391 0.003989 -0.034678 0.000000 -0.005550 0.998970 -0.045041 16.254000 0.034462 0.045206 0.998383 -0.165600 0.000000 0.000000 0.000000 1.000000
0.999460 0.003119 -0.032704 0.000000 -0.004575 0.998997 -0.044534 16.254000 0.032533 0.044660 0.998472 -0.165600 0.000000 0.000000 0.000000 1.000000
0.999526 0.005319 -0.030339 0.000000 -0.006682 0.998964 -0.045021 16.254000 0.030068 0.045203 0.998525 -0.165600 0.000000 0.000000 0.000000 1.000000
0.999506 0.008345 -0.030304 0.000000 -0.009773 0.998833 -0.047293 16.254000 0.029874 0.047566 0.998421 -0.165600 0.000000 0.000000 0.000000 1.000000
0.999428 0.011490 -0.031801 0.000000 -0.013056 0.998690 -0.049485 16.254000 0.031191 0.049872 0.998268 -0.165600 0.000000 0.000000 0.000000 1.000000
0.999333 0.013460 -0.033941 0.000000 -0.015187 0.998575 -0.051166 16.254000 0.033204 0.051647 0.998113 -0.165600 0.000000 0.000000 0.000000 1.000000
0.999228 0.014936 -0.036349 0.000000 -0.016839 0.998472 -0.052627 16.254000 0.035508 0.053198 0.997952 -0.165600 0.000000 0.000000 0.000000 1.000000
0.999113 0.015986 -0.038948 0.000000 -0.018075 0.998382 -0.053906 16.254000 0.038023 0.054562 0.997786 -0.165600 0.000000 0.000000 0.000000 1.000000
0.998993 0.016676 -0.041656 0.000000 -0.018959 0.998304 -0.055041 16.254000 0.040667 0.055775 0.997615 -0.165600 0.000000 0.000000 0.000000 1.000000
0.998868 0.017073 -0.044395 0.000000 -0.019554 0.998235 -0.056069 16.254000 0.043359 0.056874 0.997439 -0.165600 0.000000 0.000000 0.000000 1.000000
0.998744 0.016777 -0.047204 0.000000 -0.019455 0.998193 -0.056855 16.254000 0.046165 0.057702 0.997266 -0.165600 0.000000 0.000000 0.000000 1.000000
0.998624 0.015462 -0.050103 0.000000 -0.018354 0.998160 -0.057797 16.254000 0.049117 0.058637 0.997070 -0.165600 0.000000 0.000000 0.000000 1.000000
0.998472 0.014216 -0.053391 0.000000 -0.017347 0.998127 -0.058661 16.254000 0.052457 0.059498 0.996849 -0.165600 0.000000 0.000000 0.000000 1.000000
0.998296 0.013428 -0.056779 -0.000000 -0.016766 0.998133 -0.058733 16.254000 0.055884 0.059585 0.996658 -0.165600 0.000000 0.000000 0.000000 1.000000
0.998156 0.012842 -0.059330 0.000000 -0.016295 0.998179 -0.058080 16.254000 0.058476 0.058939 0.996547 -0.165600 0.000000 0.000000 0.000000 1.000000
0.998109 0.012442 -0.060199 0.000000 -0.015818 0.998309 -0.055933 16.254000 0.059401 0.056780 0.996618 -0.165600 0.000000 0.000000 0.000000 1.000000
0.998175 0.011799 -0.059219 0.000000 -0.014932 0.998496 -0.052750 16.254000 0.058508 0.053538 0.996850 -0.165600 0.000000 0.000000 0.000000 1.000000
0.998249 0.012696 -0.057775 -0.000000 -0.015641 0.998586 -0.050805 16.254000 0.057048 0.051620 0.997036 -0.165600 0.000000 0.000000 0.000000 1.000000
0.998224 0.012121 -0.058320 0.000000 -0.014955 0.998716 -0.048398 16.254000 0.057658 0.049184 0.997124 -0.165600 0.000000 0.000000 0.000000 1.000000
0.998136 0.007605 -0.060549 0.000000 -0.010215 0.999027 -0.042910 16.254000 0.060164 0.043448 0.997242 -0.165600 0.000000 0.000000 0.000000 1.000000
0.998027 0.001792 -0.062763 0.000000 -0.004123 0.999306 -0.037031 16.254000 0.062653 0.037217 0.997341 -0.165600 0.000000 0.000000 0.000000 1.000000
0.997803 -0.004249 -0.066108 0.000000 0.002122 0.999479 -0.032199 16.254000 0.066210 0.031988 0.997293 -0.165600 0.000000 0.000000 0.000000 1.000000
0.997542 -0.009895 -0.069374 0.000000 0.007821 0.999516 -0.030106 16.254000 0.069638 0.029489 0.997136 -0.165600 0.000000 0.000000 0.000000 1.000000
0.997617 -0.011995 -0.067946 0.000000 0.009965 0.999496 -0.030141 16.254000 0.068273 0.029392 0.997234 -0.165600 0.000000 0.000000 0.000000 1.000000
0.998029 -0.009956 -0.061956 0.000000 0.008080 0.999503 -0.030457 16.254000 0.062228 0.029897 0.997614 -0.165600 0.000000 0.000000 0.000000 1.000000
0.998376 -0.007807 -0.056433 0.000000 0.006028 0.999482 -0.031625 16.254000 0.056650 0.031234 0.997905 -0.165600 0.000000 0.000000 0.000000 1.000000
0.998569 -0.008597 -0.052782 0.000000 0.006816 0.999404 -0.033837 16.254000 0.053041 0.033429 0.998033 -0.165600 0.000000 0.000000 0.000000 1.000000
0.998701 -0.011095 -0.049728 0.000000 0.009368 0.999350 -0.034821 16.254000 0.050082 0.034310 0.998156 -0.165600 0.000000 0.000000 0.000000 1.000000
0.998861 -0.010958 -0.046435 0.000000 0.009411 0.999397 -0.033410 16.254000 0.046773 0.032935 0.998362 -0.165600 0.000000 0.000000 0.000000 1.000000
0.998986 -0.010833 -0.043695 0.000000 0.009421 0.999431 -0.032394 16.254000 0.044021 0.031950 0.998520 -0.165600 0.000000 0.000000 0.000000 1.000000
0.999067 -0.013683 -0.040956 -0.000000 0.012363 0.999402 -0.032295 16.254000 0.041373 0.031758 0.998639 -0.165600 0.000000 0.000000 0.000000 1.000000
0.999060 -0.014423 -0.040870 -0.000000 0.012981 0.999292 -0.035327 16.254000 0.041351 0.034763 0.998540 -0.165600 0.000000 0.000000 0.000000 1.000000</float_array><technique_common><accessor source="#swat_Spine1-Matrix-animation-output-transform-array" count="42" stride="16"><param type="float4x4"/></accessor></technique_common></source><source id="swat_Spine1-Interpolations"><Name_array id="swat_Spine1-Interpolations-array" count="42">
 LINEAR LINEAR LINEAR LINEAR LINEAR LINEAR LINEAR LINEAR LINEAR LINEAR LINEAR
LINEAR LINEAR LINEAR LINEAR LINEAR LINEAR LINEAR LINEAR LINEAR LINEAR LINEAR LINEAR
LINEAR LINEAR LINEAR LINEAR LINEAR LINEAR LINEAR LINEAR LINEAR LINEAR LINEAR LINEAR
LINEAR LINEAR LINEAR LINEAR LINEAR LINEAR LINEAR</Name_array><technique_common><accessor source="#swat_Spine1-Interpolations-array" count="42"><param type="name"/></accessor></technique_common></source><sampler id="swat_Spine1-Matrix-animation-transform"><input semantic="INPUT" source="#swat_Spine1-Matrix-animation-input"/><input semantic="OUTPUT" source="#swat_Spine1-Matrix-animation-output-transform"/><input semantic="INTERPOLATION" source="#swat_Spine1-Interpolations"/></sampler><channel source="#swat_Spine1-Matrix-animation-transform" target="swat_Spine1/matrix"/></animation>
    <animation id="swat_Spine2-anim" name="swat_Spine2"><source id="swat_Spine2-Matrix-animation-input"><float_array id="swat_Spine2-Matrix-animation-input-array" count="42">

0.000000 0.033333 0.066667 0.100000 0.133333 0.166667 0.200000 0.233333 0.266667 0.300000 0.333333 0.366667 0.400000 0.433333 0.466667 0.500000
0.533333 0.566667 0.600000 0.633333 0.666667 0.700000 0.733333 0.766667 0.800000 0.833333 0.866667 0.900000 0.933333 0.966667 1.000000 1.033333
1.066667 1.100000 1.133333 1.166667 1.200000 1.233333 1.266667 1.300000 1.333333 1.366667</float_array><technique_common><accessor source="#swat_Spine2-Matrix-animation-input-array" count="42"><param name="TIME" type="float"/></accessor></technique_common></source><source id="swat_Spine2-Matrix-animation-output-transform"><float_array id="swat_Spine2-Matrix-animation-output-transform-array" count="672">

0.999053 -0.015130 -0.040784 -0.000000 0.013699 0.999289 -0.035139 13.639600 0.041287 0.034547 0.998550 -1.292300 0.000000 0.000000 0.000000 1.000000
0.999051 -0.010838 -0.042178 -0.000000 0.009362 0.999342 -0.035041 13.639600 0.042530 0.034613 0.998495 -1.292300 0.000000 0.000000 0.000000 1.000000
0.999097 -0.006952 -0.041922 0.000000 0.005459 0.999350 -0.035623 13.639600 0.042142 0.035362 0.998486 -1.292300 0.000000 0.000000 0.000000 1.000000
0.999122 -0.003302 -0.041760 0.000000 0.001789 0.999342 -0.036219 13.639600 0.041852 0.036112 0.998471 -1.292300 0.000000 0.000000 0.000000 1.000000
0.999153 0.000419 -0.041142 0.000000 -0.001936 0.999320 -0.036827 13.639600 0.041099 0.036876 0.998474 -1.292300 0.000000 0.000000 0.000000 1.000000
0.999203 0.003528 -0.039772 0.000000 -0.005040 0.999266 -0.037968 13.639600 0.039609 0.038138 0.998487 -1.292300 0.000000 0.000000 0.000000 1.000000
0.999254 0.004695 -0.038331 0.000000 -0.006200 0.999211 -0.039232 13.639600 0.038116 0.039440 0.998495 -1.292300 0.000000 0.000000 0.000000 1.000000
0.999295 0.004515 -0.037267 -0.000000 -0.006011 0.999177 -0.040115 13.639600 0.037055 0.040311 0.998500 -1.292300 0.000000 0.000000 0.000000 1.000000
0.999328 0.004828 -0.036347 0.000000 -0.006331 0.999126 -0.041328 13.639600 0.036116 0.041530 0.998484 -1.292300 0.000000 0.000000 0.000000 1.000000
0.999345 0.004779 -0.035868 -0.000000 -0.006335 0.999038 -0.043384 13.639600 0.035626 0.043583 0.998414 -1.292300 0.000000 0.000000 0.000000 1.000000
0.999368 0.003464 -0.035382 -0.000000 -0.005033 0.999002 -0.044370 13.639600 0.035193 0.044520 0.998388 -1.292300 0.000000 0.000000 0.000000 1.000000
0.999441 0.002577 -0.033336 0.000000 -0.004041 0.999026 -0.043934 13.639600 0.033190 0.044044 0.998478 -1.292300 0.000000 0.000000 0.000000 1.000000
0.999508 0.004805 -0.031001 0.000000 -0.006180 0.998994 -0.044426 13.639600 0.030756 0.044596 0.998532 -1.292300 0.000000 0.000000 0.000000 1.000000
0.999486 0.007821 -0.031092 -0.000000 -0.009266 0.998870 -0.046608 13.639600 0.030693 0.046872 0.998429 -1.292300 0.000000 0.000000 0.000000 1.000000
0.999404 0.010976 -0.032726 0.000000 -0.012563 0.998735 -0.048684 13.639600 0.032150 0.049066 0.998278 -1.292300 0.000000 0.000000 0.000000 1.000000
0.999305 0.013007 -0.034922 0.000000 -0.014755 0.998626 -0.050281 13.639600 0.034220 0.050761 0.998124 -1.292300 0.000000 0.000000 0.000000 1.000000
0.999196 0.014564 -0.037354 0.000000 -0.016486 0.998528 -0.051672 13.639600 0.036546 0.052246 0.997965 -1.292300 0.000000 0.000000 0.000000 1.000000
0.999078 0.015710 -0.039952 -0.000000 -0.017815 0.998441 -0.052891 13.639600 0.039059 0.053554 0.997801 -1.292300 0.000000 0.000000 0.000000 1.000000
0.998954 0.016505 -0.042647 0.000000 -0.018799 0.998365 -0.053975 13.639600 0.041687 0.054720 0.997631 -1.292300 0.000000 0.000000 0.000000 1.000000
0.998825 0.017008 -0.045371 0.000000 -0.019496 0.998298 -0.054959 13.639600 0.044359 0.055779 0.997457 -1.292300 0.000000 0.000000 0.000000 1.000000
0.998698 0.016824 -0.048159 0.000000 -0.019503 0.998256 -0.055719 13.639600 0.047137 0.056586 0.997284 -1.292300 0.000000 0.000000 0.000000 1.000000
0.998576 0.015570 -0.051020 0.000000 -0.018461 0.998221 -0.056687 13.639600 0.050047 0.057548 0.997088 -1.292300 0.000000 0.000000 0.000000 1.000000
0.998423 0.014348 -0.054280 -0.000000 -0.017474 0.998189 -0.057567 13.639600 0.053356 0.058425 0.996865 -1.292300 0.000000 0.000000 0.000000 1.000000
0.998247 0.013611 -0.057596 0.000000 -0.016935 0.998195 -0.057626 13.639600 0.056708 0.058500 0.996675 -1.292300 0.000000 0.000000 0.000000 1.000000
0.998107 0.013057 -0.060092 0.000000 -0.016488 0.998240 -0.056957 13.639600 0.059243 0.057840 0.996567 -1.292300 0.000000 0.000000 0.000000 1.000000
0.998064 0.012620 -0.060896 -0.000000 -0.015968 0.998369 -0.054810 13.639600 0.060105 0.055676 0.996638 -1.292300 0.000000 0.000000 0.000000 1.000000
0.998137 0.011960 -0.059825 -0.000000 -0.015063 0.998550 -0.051683 13.639600 0.059120 0.052488 0.996870 -1.292300 0.000000 0.000000 0.000000 1.000000
0.998208 0.013055 -0.058402 0.000000 -0.015969 0.998636 -0.049704 13.639600 0.057674 0.050548 0.997055 -1.292300 0.000000 0.000000 0.000000 1.000000
0.998181 0.012680 -0.058946 0.000000 -0.015481 0.998761 -0.047304 13.639600 0.058273 0.048130 0.997140 -1.292300 0.000000 0.000000 0.000000 1.000000
0.998103 0.008059 -0.061039 0.000000 -0.010638 0.999059 -0.042047 13.639600 0.060643 0.042616 0.997249 -1.292300 0.000000 0.000000 0.000000 1.000000
0.998005 0.002025 -0.063097 0.000000 -0.004332 0.999326 -0.036450 13.639600 0.062980 0.036651 0.997342 -1.292300 0.000000 0.000000 0.000000 1.000000
0.997789 -0.004188 -0.066325 0.000000 0.002079 0.999491 -0.031831 13.639600 0.066425 0.031623 0.997290 -1.292300 0.000000 0.000000 0.000000 1.000000
0.997530 -0.009835 -0.069545 0.000000 0.007775 0.999525 -0.029820 13.639600 0.069806 0.029206 0.997133 -1.292300 0.000000 0.000000 0.000000 1.000000
0.997605 -0.011847 -0.068146 -0.000000 0.009839 0.999510 -0.029731 13.639600 0.068465 0.028990 0.997232 -1.292300 0.000000 0.000000 0.000000 1.000000
0.998015 -0.009800 -0.062207 -0.000000 0.007955 0.999523 -0.029848 13.639600 0.062470 0.029294 0.997617 -1.292300 0.000000 0.000000 0.000000 1.000000
0.998360 -0.007696 -0.056722 0.000000 0.005949 0.999505 -0.030906 13.639600 0.056932 0.030518 0.997912 -1.292300 0.000000 0.000000 0.000000 1.000000
0.998554 -0.008562 -0.053068 0.000000 0.006809 0.999428 -0.033136 13.639600 0.053321 0.032727 0.998041 -1.292300 0.000000 0.000000 0.000000 1.000000
0.998689 -0.011212 -0.049941 0.000000 0.009508 0.999369 -0.034230 13.639600 0.050293 0.033710 0.998165 -1.292300 0.000000 0.000000 0.000000 1.000000
0.998814 -0.010180 -0.047622 -0.000000 0.008593 0.999405 -0.033404 13.639600 0.047933 0.032955 0.998307 -1.292300 0.000000 0.000000 0.000000 1.000000
0.998876 -0.008124 -0.046698 0.000000 0.006523 0.999389 -0.034334 13.639600 0.046949 0.033990 0.998319 -1.292300 0.000000 0.000000 0.000000 1.000000
0.998946 -0.008655 -0.045076 0.000000 0.006908 0.999224 -0.038773 13.639600 0.045377 0.038421 0.998231 -1.292300 0.000000 0.000000 0.000000 1.000000
0.999053 -0.015130 -0.040784 -0.000000 0.013699 0.999289 -0.035139 13.639600 0.041287 0.034547 0.998550 -1.292300 0.000000 0.000000 0.000000 1.000000</float_array><technique_common><accessor source="#swat_Spine2-Matrix-animation-output-transform-array" count="42" stride="16"><param type="float4x4"/></accessor></technique_common></source><source id="swat_Spine2-Interpolations"><Name_array id="swat_Spine2-Interpolations-array" count="42">
 LINEAR LINEAR LINEAR LINEAR LINEAR LINEAR LINEAR LINEAR LINEAR LINEAR LINEAR
LINEAR LINEAR LINEAR LINEAR LINEAR LINEAR LINEAR LINEAR LINEAR LINEAR LINEAR LINEAR
LINEAR LINEAR LINEAR LINEAR LINEAR LINEAR LINEAR LINEAR LINEAR LINEAR LINEAR LINEAR
LINEAR LINEAR LINEAR LINEAR LINEAR LINEAR LINEAR</Name_array><technique_common><accessor source="#swat_Spine2-Interpolations-array" count="42"><param type="name"/></accessor></technique_common></source><sampler id="swat_Spine2-Matrix-animation-transform"><input semantic="INPUT" source="#swat_Spine2-Matrix-animation-input"/><input semantic="OUTPUT" source="#swat_Spine2-Matrix-animation-output-transform"/><input semantic="INTERPOLATION" source="#swat_Spine2-Interpolations"/></sampler><channel source="#swat_Spine2-Matrix-animation-transform" target="swat_Spine2/matrix"/></animation>
    <animation id="swat_Neck-anim" name="swat_Neck"><source id="swat_Neck-Matrix-animation-input"><float_array id="swat_Neck-Matrix-animation-input-array" count="42">

0.000000 0.033333 0.066667 0.100000 0.133333 0.166667 0.200000 0.233333 0.266667 0.300000 0.333333 0.366667 0.400000 0.433333 0.466667 0.500000
0.533333 0.566667 0.600000 0.633333 0.666667 0.700000 0.733333 0.766667 0.800000 0.833333 0.866667 0.900000 0.933333 0.966667 1.000000 1.033333
1.066667 1.100000 1.133333 1.166667 1.200000 1.233333 1.266667 1.300000 1.333333 1.366667</float_array><technique_common><accessor source="#swat_Neck-Matrix-animation-input-array" count="42"><param name="TIME" type="float"/></accessor></technique_common></source><source id="swat_Neck-Matrix-animation-output-transform"><float_array id="swat_Neck-Matrix-animation-output-transform-array" count="672">

0.998232 0.008141 0.058883 0.000000 -0.001815 0.994290 -0.106701 13.877400 -0.059416 0.106405 0.992546 -4.354200 0.000000 0.000000 0.000000 1.000000
0.998198 0.005562 0.059749 -0.000000 0.000964 0.994080 -0.108644 13.877400 -0.059999 0.108505 0.992284 -4.354200 0.000000 0.000000 0.000000 1.000000
0.998150 0.002588 0.060738 -0.000000 0.004170 0.993827 -0.110862 13.877400 -0.060650 0.110910 0.991978 -4.354200 0.000000 0.000000 0.000000 1.000000
0.998094 -0.000400 0.061710 -0.000000 0.007388 0.993562 -0.113052 13.877400 -0.061268 0.113292 0.991671 -4.354200 0.000000 0.000000 0.000000 1.000000
0.998038 -0.003009 0.062531 0.000000 0.010196 0.993322 -0.114923 13.877400 -0.061768 0.115335 0.991404 -4.354200 0.000000 0.000000 0.000000 1.000000
0.997997 -0.004847 0.063076 0.000000 0.012167 0.993151 -0.116200 13.877400 -0.062081 0.116735 0.991221 -4.354200 0.000000 0.000000 0.000000 1.000000
0.997984 -0.005514 0.063224 0.000000 0.012874 0.993094 -0.116609 13.877400 -0.062145 0.117188 0.991163 -4.354200 0.000000 0.000000 0.000000 1.000000
0.998013 -0.004886 0.062814 -0.000000 0.012166 0.993169 -0.116048 13.877400 -0.061817 0.116582 0.991255 -4.354200 0.000000 0.000000 0.000000 1.000000
0.998078 -0.003263 0.061879 0.000000 0.010360 0.993344 -0.114718 13.877400 -0.061093 0.115139 0.991469 -4.354200 0.000000 0.000000 0.000000 1.000000
0.998163 -0.000893 0.060584 0.000000 0.007734 0.993589 -0.112791 13.877400 -0.060095 0.113053 0.991770 -4.354200 0.000000 0.000000 0.000000 1.000000
0.998250 0.001981 0.059095 0.000000 0.004566 0.993872 -0.110444 13.877400 -0.058952 0.110521 0.992124 -4.354200 0.000000 0.000000 0.000000 1.000000
0.998328 0.005116 0.057579 0.000000 0.001126 0.994165 -0.107861 13.877400 -0.057795 0.107745 0.992497 -4.354200 0.000000 0.000000 0.000000 1.000000
0.998385 0.008278 0.056212 -0.000000 -0.002320 0.994444 -0.105238 13.877400 -0.056771 0.104937 0.992857 -4.354200 0.000000 0.000000 0.000000 1.000000
0.998414 0.011237 0.055172 0.000000 -0.005515 0.994688 -0.102785 13.877400 -0.056034 0.102318 0.993172 -4.354200 0.000000 0.000000 0.000000 1.000000
0.998411 0.013770 0.054647 0.000000 -0.008209 0.994880 -0.100725 13.877400 -0.055754 0.100117 0.993412 -4.354200 0.000000 0.000000 0.000000 1.000000
0.998373 0.015659 0.054825 0.000000 -0.010154 0.995007 -0.099284 13.877400 -0.056106 0.098566 0.993548 -4.354200 0.000000 0.000000 0.000000 1.000000
0.998276 0.016858 0.056223 0.000000 -0.011250 0.995062 -0.098619 13.877400 -0.057608 0.097817 0.993536 -4.354200 0.000000 0.000000 0.000000 1.000000
0.998120 0.017601 0.058712 0.000000 -0.011751 0.995064 -0.098539 13.877400 -0.060157 0.097664 0.993400 -4.354200 0.000000 0.000000 0.000000 1.000000
0.997943 0.018081 0.061513 0.000000 -0.011942 0.995041 -0.098745 13.877400 -0.062993 0.097808 0.993210 -4.354200 0.000000 0.000000 0.000000 1.000000
0.997789 0.018490 0.063843 0.000000 -0.012109 0.995020 -0.098934 13.877400 -0.065354 0.097943 0.993044 -4.354200 0.000000 0.000000 0.000000 1.000000
0.997699 0.019000 0.065084 0.000000 -0.012500 0.995024 -0.098852 13.877400 -0.066639 0.097811 0.992971 -4.354200 0.000000 0.000000 0.000000 1.000000
0.997644 0.019582 0.065748 0.000000 -0.013031 0.995040 -0.098622 13.877400 -0.067353 0.097533 0.992951 -4.354200 0.000000 0.000000 0.000000 1.000000
0.997613 0.020172 0.066044 0.000000 -0.013611 0.995061 -0.098327 13.877400 -0.067701 0.097193 0.992960 -4.354200 0.000000 0.000000 0.000000 1.000000
0.997601 0.020718 0.066059 0.000000 -0.014175 0.995084 -0.098016 13.877400 -0.067765 0.096844 0.992990 -4.354200 0.000000 0.000000 0.000000 1.000000
0.997603 0.021166 0.065880 0.000000 -0.014659 0.995104 -0.097738 13.877400 -0.067627 0.096538 0.993029 -4.354200 0.000000 0.000000 0.000000 1.000000
0.997616 0.021466 0.065593 0.000000 -0.014998 0.995118 -0.097543 13.877400 -0.067367 0.096327 0.993067 -4.354200 0.000000 0.000000 0.000000 1.000000
0.997634 0.021564 0.065286 0.000000 -0.015131 0.995122 -0.097483 13.877400 -0.067069 0.096264 0.993094 -4.354200 0.000000 0.000000 0.000000 1.000000
0.997653 0.021411 0.065042 -0.000000 -0.014992 0.995112 -0.097607 13.877400 -0.066814 0.096403 0.993097 -4.354200 0.000000 0.000000 0.000000 1.000000
0.997675 0.021023 0.064827 0.000000 -0.014608 0.995089 -0.097898 13.877400 -0.066567 0.096724 0.993083 -4.354200 0.000000 0.000000 0.000000 1.000000
0.997705 0.020469 0.064549 0.000000 -0.014056 0.995058 -0.098294 13.877400 -0.066242 0.097161 0.993062 -4.354200 0.000000 0.000000 0.000000 1.000000
0.997740 0.019769 0.064215 -0.000000 -0.013357 0.995019 -0.098783 13.877400 -0.065848 0.097702 0.993035 -4.354200 0.000000 0.000000 0.000000 1.000000
0.997781 0.018942 0.063832 -0.000000 -0.012533 0.994973 -0.099352 13.877400 -0.065393 0.098331 0.993003 -4.354200 0.000000 0.000000 0.000000 1.000000
0.997825 0.018008 0.063407 -0.000000 -0.011602 0.994921 -0.099988 13.877400 -0.064886 0.099035 0.992966 -4.354200 0.000000 0.000000 0.000000 1.000000
0.997872 0.016989 0.062947 0.000000 -0.010587 0.994863 -0.100680 13.877400 -0.064334 0.099800 0.992926 -4.354200 0.000000 0.000000 0.000000 1.000000
0.997921 0.015904 0.062459 0.000000 -0.009507 0.994799 -0.101415 13.877400 -0.063747 0.100611 0.992882 -4.354200 0.000000 0.000000 0.000000 1.000000
0.997970 0.014773 0.061949 0.000000 -0.008382 0.994731 -0.102180 13.877400 -0.063133 0.101453 0.992835 -4.354200 0.000000 0.000000 0.000000 1.000000
0.998019 0.013616 0.061426 0.000000 -0.007233 0.994659 -0.102963 13.877400 -0.062500 0.102315 0.992787 -4.354200 0.000000 0.000000 0.000000 1.000000
0.998066 0.012453 0.060898 0.000000 -0.006079 0.994585 -0.103751 13.877400 -0.061860 0.103180 0.992737 -4.354200 0.000000 0.000000 0.000000 1.000000
