<?xml version="1.0" encoding="utf-8"?>
<COLLADA xmlns="http://www.collada.org/2005/11/COLLADASchema" version="1.4.1">
  <asset><contributor><author>Mixamo</author><authoring_tool>COLLADA Mixamo exporter</authoring_tool><comments></comments></contributor><created>2020-08-16T14:02:47Z</created><modified>2020-08-16T14:02:47Z</modified><revision></revision><title></title><unit meter="0.010000"/><up_axis>Y_UP</up_axis></asset>
  <library_animations>
    <animation id="swat_Hips-anim" name="swat_Hips"><source id="swat_Hips-Matrix-animation-input"><float_array id="swat_Hips-Matrix-animation-input-array" count="43">

0.000000 0.033333 0.066667 0.100000 0.133333 0.166667 0.200000 0.233333 0.266667 0.300000 0.333333 0.366667 0.400000 0.433333 0.466667 0.500000
0.533333 0.566667 0.600000 0.633333 0.666667 0.700000 0.733333 0.766667 0.800000 0.833333 0.866667 0.900000 0.933333 0.966667 1.000000 1.033333
1.066667 1.100000 1.133333 1.166667 1.200000 1.233333 1.266667 1.300000 1.333333 1.366667 1.400000</float_array><technique_common><accessor source="#swat_Hips-Matrix-animation-input-array" count="43"><param name="TIME" type="float"/></accessor></technique_common></source><source id="swat_Hips-Matrix-animation-output-transform"><float_array id="swat_Hips-Matrix-animation-output-transform-array" count="688">

0.876360 0.028349 -0.480821 0.101062 0.076333 0.977476 0.196758 92.854935 0.475569 -0.209133 0.854457 -0.105160 0.000000 0.000000 0.000000 1.000000
0.880432 0.026139 -0.473451 0.303502 0.072809 0.979186 0.189456 92.080627 0.468549 -0.201275 0.860204 0.292261 0.000000 0.000000 0.000000 1.000000
0.884804 0.023832 -0.465353 0.568561 0.069306 0.980852 0.182007 91.171265 0.460780 -0.193292 0.866210 0.635996 0.000000 0.000000 0.000000 1.000000
0.889420 0.022712 -0.456526 0.878804 0.064910 0.982367 0.175333 90.111214 0.452458 -0.185577 0.872263 0.903705 0.000000 0.000000 0.000000 1.000000
0.894980 0.022240 -0.445551 1.207812 0.059606 0.983839 0.168841 88.981499 0.442105 -0.177667 0.879191 1.099075 0.000000 0.000000 0.000000 1.000000
0.902736 0.020414 -0.429710 1.509673 0.054812 0.985274 0.161957 87.944183 0.426688 -0.169758 0.888324 1.211135 0.000000 0.000000 0.000000 1.000000
0.912962 0.016488 -0.407711 1.714028 0.052013 0.986330 0.156357 87.120155 0.404715 -0.163954 0.899625 1.174674 0.000000 0.000000 0.000000 1.000000
0.923523 0.011267 -0.383379 1.784779 0.052343 0.986514 0.155082 86.488495 0.379956 -0.163288 0.910478 0.890485 0.000000 0.000000 0.000000 1.000000
0.931416 0.003742 -0.363936 1.809941 0.058531 0.985392 0.159929 85.932213 0.359218 -0.170262 0.917591 0.318260 0.000000 0.000000 0.000000 1.000000
0.935485 -0.008202 -0.353271 1.970287 0.073180 0.982555 0.170971 85.377983 0.345705 -0.185793 0.919766 -0.433466 0.000000 0.000000 0.000000 1.000000
0.936724 -0.021234 -0.349424 2.358186 0.092158 0.977907 0.187628 84.869431 0.337721 -0.207958 0.917986 -1.137417 0.000000 0.000000 0.000000 1.000000
0.936653 -0.027682 -0.349162 2.874828 0.106390 0.972258 0.208318 84.567245 0.333709 -0.232269 0.913613 -1.600659 0.000000 0.000000 0.000000 1.000000
0.935754 -0.025877 -0.351702 3.345170 0.113223 0.966551 0.230131 84.671730 0.333983 -0.255167 0.907384 -1.793434 0.000000 0.000000 0.000000 1.000000
0.933662 -0.020867 -0.357547 3.690765 0.117169 0.961164 0.249869 85.276665 0.338447 -0.275186 0.899848 -1.816421 0.000000 0.000000 0.000000 1.000000
0.930013 -0.016428 -0.367160 3.963103 0.121298 0.956745 0.264437 86.264854 0.346935 -0.290465 0.891777 -1.699468 0.000000 0.000000 0.000000 1.000000
0.924455 -0.012836 -0.381075 4.230546 0.125232 0.954210 0.271662 87.418396 0.360138 -0.298862 0.883732 -1.388721 0.000000 0.000000 0.000000 1.000000
0.916992 -0.009291 -0.398797 4.488877 0.127936 0.953768 0.271955 88.557999 0.377833 -0.300402 0.875786 -0.886023 0.000000 0.000000 0.000000 1.000000
0.907966 -0.005278 -0.419010 4.684666 0.129081 0.954821 0.267683 89.582924 0.398666 -0.297133 0.867627 -0.274419 0.000000 0.000000 0.000000 1.000000
0.897380 -0.000775 -0.441258 4.789381 0.129222 0.956619 0.261117 90.401291 0.421914 -0.291341 0.858551 0.371423 0.000000 0.000000 0.000000 1.000000
0.884673 0.004646 -0.466190 4.824083 0.128914 0.958524 0.254189 90.938118 0.448035 -0.284972 0.847381 1.012506 0.000000 0.000000 0.000000 1.000000
0.869852 0.013126 -0.493138 4.821541 0.126646 0.960200 0.248950 91.161148 0.476779 -0.279004 0.833570 1.620178 0.000000 0.000000 0.000000 1.000000
0.854397 0.026849 -0.518926 4.784876 0.119707 0.961632 0.246848 91.072655 0.505644 -0.273025 0.818402 2.187618 0.000000 0.000000 0.000000 1.000000
0.840207 0.045175 -0.540380 4.691803 0.107718 0.962761 0.247970 90.706635 0.531459 -0.266554 0.804053 2.740949 0.000000 0.000000 0.000000 1.000000
0.827897 0.065082 -0.557092 4.525257 0.093348 0.963404 0.251274 90.134880 0.553058 -0.260032 0.791524 3.295998 0.000000 0.000000 0.000000 1.000000
0.816712 0.084560 -0.570816 4.277896 0.078809 0.963591 0.255504 89.423203 0.571638 -0.253658 0.780312 3.816597 0.000000 0.000000 0.000000 1.000000
0.805475 0.103346 -0.583549 3.944988 0.064292 0.963628 0.259400 88.579399 0.589132 -0.246458 0.769534 4.224035 0.000000 0.000000 0.000000 1.000000
0.793481 0.119742 -0.596699 3.537075 0.050624 0.964069 0.260782 87.583229 0.606486 -0.237133 0.758909 4.408658 0.000000 0.000000 0.000000 1.000000
0.781465 0.130124 -0.610229 3.080112 0.039889 0.965592 0.256983 86.431351 0.622672 -0.225165 0.749387 4.230035 0.000000 0.000000 0.000000 1.000000
0.771795 0.132732 -0.621864 2.585258 0.033071 0.968269 0.247714 85.241013 0.635011 -0.211750 0.742915 3.567409 0.000000 0.000000 0.000000 1.000000
0.766794 0.131785 -0.628219 2.040029 0.027089 0.971182 0.236794 84.290054 0.641321 -0.198590 0.741127 2.427368 0.000000 0.000000 0.000000 1.000000
0.766415 0.135499 -0.627892 1.457195 0.016052 0.973153 0.229601 83.866852 0.642145 -0.186049 0.743664 0.949053 0.000000 0.000000 0.000000 1.000000
0.768669 0.147677 -0.622367 0.899576 -0.002552 0.973684 0.227886 84.022240 0.639642 -0.173581 0.748817 -0.667456 0.000000 0.000000 0.000000 1.000000
0.773201 0.160198 -0.613593 0.416776 -0.021148 0.973542 0.227526 84.554741 0.633808 -0.162948 0.756132 -2.167692 0.000000 0.000000 0.000000 1.000000
0.782589 0.159244 -0.601828 0.010140 -0.026586 0.974397 0.223255 85.287216 0.621971 -0.158716 0.766786 -3.321658 0.000000 0.000000 0.000000 1.000000
0.797898 0.142317 -0.585751 -0.311650 -0.015197 0.976170 0.216473 86.200005 0.602601 -0.163822 0.781047 -4.074211 0.000000 0.000000 0.000000 1.000000
0.815775 0.122190 -0.565315 -0.511719 0.002193 0.976768 0.214288 87.280846 0.578366 -0.176051 0.796555 -4.459756 0.000000 0.000000 0.000000 1.000000
0.831124 0.110027 -0.545093 -0.571453 0.014211 0.975708 0.218614 88.435135 0.555905 -0.189442 0.809371 -4.476274 0.000000 0.000000 0.000000 1.000000
0.841026 0.103673 -0.530969 -0.517678 0.021021 0.974463 0.223561 89.540138 0.540587 -0.199182 0.817369 -4.135544 0.000000 0.000000 0.000000 1.000000
0.846832 0.095388 -0.523237 -0.410079 0.028885 0.974085 0.224329 90.515999 0.531076 -0.205083 0.822131 -3.519950 0.000000 0.000000 0.000000 1.000000
0.852229 0.082006 -0.516701 -0.300519 0.040257 0.974431 0.221051 91.328697 0.521617 -0.209187 0.827137 -2.742919 0.000000 0.000000 0.000000 1.000000
0.859571 0.064643 -0.506912 -0.195010 0.053566 0.975104 0.215181 91.974747 0.508201 -0.212117 0.834708 -1.894714 0.000000 0.000000 0.000000 1.000000
0.868274 0.045957 -0.493952 -0.068379 0.066194 0.976063 0.207169 92.474648 0.491649 -0.212576 0.844448 -1.010674 0.000000 0.000000 0.000000 1.000000
0.876360 0.028349 -0.480821 0.101057 0.076333 0.977476 0.196758 92.854935 0.475569 -0.209133 0.854457 -0.105157 0.000000 0.000000 0.000000 1.000000</float_array><technique_common><accessor source="#swat_Hips-Matrix-animation-output-transform-array" count="43" stride="16"><param type="float4x4"/></accessor></technique_common></source><source id="swat_Hips-Interpolations"><Name_array id="swat_Hips-Interpolations-array" count="43">
 LINEAR LINEAR LINEAR LINEAR LINEAR LINEAR LINEAR LINEAR LINEAR LINEAR LINEAR
LINEAR LINEAR LINEAR LINEAR LINEAR LINEAR LINEAR LINEAR LINEAR LINEAR LINEAR LINEAR
LINEAR LINEAR LINEAR LINEAR LINEAR LINEAR LINEAR LINEAR LINEAR LINEAR LINEAR LINEAR
LINEAR LINEAR LINEAR LINEAR LINEAR LINEAR LINEAR LINEAR</Name_array><technique_common><accessor source="#swat_Hips-Interpolations-array" count="43"><param type="name"/></accessor></technique_common></source><sampler id="swat_Hips-Matrix-animation-transform"><input semantic="INPUT" source="#swat_Hips-Matrix-animation-input"/><input semantic="OUTPUT" source="#swat_Hips-Matrix-animation-output-transform"/><input semantic="INTERPOLATION" source="#swat_Hips-Interpolations"/></sampler><channel source="#swat_Hips-Matrix-animation-transform" target="swat_Hips/matrix"/></animation>
    <animation id="swat_Spine-anim" name="swat_Spine"><source id="swat_Spine-Matrix-animation-input"><float_array id="swat_Spine-Matrix-animation-input-array" count="43">

0.000000 0.033333 0.066667 0.100000 0.133333 0.166667 0.200000 0.233333 0.266667 0.300000 0.333333 0.366667 0.400000 0.433333 0.466667 0.500000
0.533333 0.566667 0.600000 0.633333 0.666667 0.700000 0.733333 0.766667 0.800000 0.833333 0.866667 0.900000 0.933333 0.966667 1.000000 1.033333
1.066667 1.100000 1.133333 1.166667 1.200000 1.233333 1.266667 1.300000 1.333333 1.366667 1.400000</float_array><technique_common><accessor source="#swat_Spine-Matrix-animation-input-array" count="43"><param name="TIME" type="float"/></accessor></technique_common></source><source id="swat_Spine-Matrix-animation-output-transform"><float_array id="swat_Spine-Matrix-animation-output-transform-array" count="688">

0.995616 0.027716 -0.089335 0.000000 -0.036934 0.993971 -0.103238 9.226300 0.085935 0.106085 0.990637 1.577100 0.000000 0.000000 0.000000 1.000000
0.994575 0.024151 -0.101180 -0.000000 -0.033198 0.995505 -0.088704 9.226300 0.098583 0.091581 0.990906 1.577100 0.000000 0.000000 0.000000 1.000000
0.993056 0.022373 -0.115499 0.000000 -0.030953 0.996849 -0.073030 9.226300 0.113501 0.076098 0.990619 1.577100 0.000000 0.000000 0.000000 1.000000
0.991188 0.021778 -0.130656 0.000000 -0.029535 0.997895 -0.057732 9.226300 0.129124 0.061082 0.989745 1.577100 0.000000 0.000000 0.000000 1.000000
0.988887 0.021308 -0.147134 -0.000000 -0.027851 0.998706 -0.042551 9.226300 0.146037 0.046176 0.988201 1.577100 0.000000 0.000000 0.000000 1.000000
0.985866 0.021476 -0.166153 -0.000000 -0.026299 0.999293 -0.026878 9.226300 0.165459 0.030867 0.985734 1.577100 0.000000 0.000000 0.000000 1.000000
0.982170 0.025218 -0.186295 0.000000 -0.027931 0.999538 -0.011954 9.226300 0.185908 0.016944 0.982421 1.577100 0.000000 0.000000 0.000000 1.000000
0.978531 0.035691 -0.202988 0.000000 -0.036733 0.999324 -0.001370 9.226300 0.202802 0.008797 0.979180 1.577100 0.000000 0.000000 0.000000 1.000000
0.975542 0.054221 -0.213019 0.000000 -0.055336 0.998467 0.000729 9.226300 0.212732 0.011077 0.977048 1.577100 0.000000 0.000000 0.000000 1.000000
0.973052 0.078720 -0.216731 -0.000000 -0.082284 0.996581 -0.007456 9.226300 0.215403 0.025089 0.976203 1.577100 0.000000 0.000000 0.000000 1.000000
0.971151 0.100965 -0.216038 0.000000 -0.109021 0.993708 -0.025670 9.226300 0.212087 0.048482 0.976048 1.577100 0.000000 0.000000 0.000000 1.000000
0.970695 0.111824 -0.212711 0.000000 -0.125497 0.990738 -0.051861 9.226300 0.204941 0.077036 0.975738 1.577100 0.000000 0.000000 0.000000 1.000000
0.971502 0.112493 -0.208637 0.000000 -0.131924 0.987892 -0.081641 9.226300 0.196927 0.106839 0.974579 1.577100 0.000000 0.000000 0.000000 1.000000
0.972464 0.110855 -0.205001 0.000000 -0.135536 0.984589 -0.110521 9.226300 0.189590 0.135262 0.972502 1.577100 0.000000 0.000000 0.000000 1.000000
0.973633 0.109222 -0.200275 0.000000 -0.137856 0.981199 -0.135075 9.226300 0.181756 0.159122 0.970384 1.577100 0.000000 0.000000 0.000000 1.000000
0.975816 0.104718 -0.191880 0.000000 -0.135053 0.979029 -0.152520 9.226300 0.171885 0.174746 0.969494 1.577100 0.000000 0.000000 0.000000 1.000000
0.978971 0.096396 -0.179786 0.000000 -0.126087 0.978735 -0.161803 9.226300 0.160366 0.181069 0.970308 1.577100 0.000000 0.000000 0.000000 1.000000
0.982425 0.086586 -0.165359 0.000000 -0.113968 0.979850 -0.164029 9.226300 0.147824 0.179992 0.972497 1.577100 0.000000 0.000000 0.000000 1.000000
0.985769 0.078273 -0.148770 0.000000 -0.102288 0.981586 -0.161325 9.226300 0.133404 0.174246 0.975624 1.577100 0.000000 0.000000 0.000000 1.000000
0.988921 0.072836 -0.129343 0.000000 -0.092948 0.983219 -0.156976 9.226300 0.115739 0.167259 0.979096 1.577100 0.000000 0.000000 0.000000 1.000000
0.991875 0.068021 -0.107508 0.000000 -0.084288 0.984335 -0.154854 9.226300 0.095291 0.162657 0.982070 1.577100 0.000000 0.000000 0.000000 1.000000
0.994571 0.059726 -0.085217 0.000000 -0.072545 0.985044 -0.156287 9.226300 0.074608 0.161620 0.984029 1.577100 0.000000 0.000000 0.000000 1.000000
0.996823 0.047330 -0.064062 -0.000000 -0.057045 0.985551 -0.159487 9.226300 0.055588 0.162634 0.985119 1.577100 0.000000 0.000000 0.000000 1.000000
0.998433 0.034388 -0.044143 0.000000 -0.041133 0.985876 -0.162349 9.226300 0.037937 0.163910 0.985745 1.577100 0.000000 0.000000 0.000000 1.000000
0.999408 0.023332 -0.025271 0.000000 -0.027169 0.986077 -0.164053 9.226300 0.021091 0.164643 0.986128 1.577100 0.000000 0.000000 0.000000 1.000000
0.999877 0.013786 -0.007497 0.000000 -0.014830 0.986300 -0.164293 9.226300 0.005130 0.164384 0.986383 1.577100 0.000000 0.000000 0.000000 1.000000
0.999943 0.006137 0.008732 0.000000 -0.004645 0.986832 -0.161684 9.226300 -0.009609 0.161634 0.986804 1.577100 0.000000 0.000000 0.000000 1.000000
0.999752 0.002894 0.022067 0.000000 0.000547 0.988010 -0.154392 9.226300 -0.022250 0.154366 0.987763 1.577100 0.000000 0.000000 0.000000 1.000000
0.999505 0.006136 0.030850 0.000000 -0.001651 0.989668 -0.143369 9.226300 -0.031411 0.143247 0.989188 1.577100 0.000000 0.000000 0.000000 1.000000
0.999291 0.012720 0.035430 0.000000 -0.007870 0.990976 -0.133808 9.226300 -0.036812 0.133434 0.990374 1.577100 0.000000 0.000000 0.000000 1.000000
0.999122 0.014155 0.039437 0.000000 -0.008828 0.991195 -0.132118 9.226300 -0.040960 0.131654 0.990449 1.577100 0.000000 0.000000 0.000000 1.000000
0.998940 0.004027 0.045857 0.000000 0.002405 0.990241 -0.139346 9.226300 -0.045970 0.139309 0.989181 1.577100 0.000000 0.000000 0.000000 1.000000
0.998614 -0.011746 0.051306 0.000000 0.019211 0.988870 -0.147537 9.226300 -0.049002 0.148318 0.987725 1.577100 0.000000 0.000000 0.000000 1.000000
0.998719 -0.016888 0.047704 -0.000000 0.023814 0.988613 -0.148581 9.226300 -0.044652 0.149527 0.987749 1.577100 0.000000 0.000000 0.000000 1.000000
0.999482 -0.002879 0.032053 0.000000 0.007523 0.989296 -0.145727 9.226300 -0.031290 0.145893 0.988805 1.577100 0.000000 0.000000 0.000000 1.000000
0.999747 0.019558 0.011146 0.000000 -0.017685 0.988736 -0.148625 9.226300 -0.013927 0.148390 0.988831 1.577100 0.000000 0.000000 0.000000 1.000000
0.999413 0.033729 -0.005999 0.000000 -0.034253 0.986753 -0.158570 9.226300 0.000571 0.158682 0.987330 1.577100 0.000000 0.000000 0.000000 1.000000
0.999230 0.035097 -0.017527 0.000000 -0.037525 0.985391 -0.166120 9.226300 0.011441 0.166650 0.985950 1.577100 0.000000 0.000000 0.000000 1.000000
0.999127 0.030905 -0.028107 -0.000000 -0.035106 0.985850 -0.163911 9.226300 0.022644 0.164755 0.986075 1.577100 0.000000 0.000000 0.000000 1.000000
0.998744 0.028311 -0.041331 0.000000 -0.034336 0.987596 -0.153218 9.226300 0.036481 0.154445 0.987328 1.577100 0.000000 0.000000 0.000000 1.000000
0.997956 0.028732 -0.057073 0.000000 -0.036399 0.989736 -0.138198 9.226300 0.052516 0.139993 0.988759 1.577100 0.000000 0.000000 0.000000 1.000000
0.996846 0.029443 -0.073703 0.000000 -0.038259 0.991887 -0.121227 9.226300 0.069536 0.123664 0.989885 1.577100 0.000000 0.000000 0.000000 1.000000
0.995616 0.027716 -0.089335 0.000000 -0.036934 0.993971 -0.103238 9.226300 0.085935 0.106085 0.990637 1.577100 0.000000 0.000000 0.000000 1.000000</float_array><technique_common><accessor source="#swat_Spine-Matrix-animation-output-transform-array" count="43" stride="16"><param type="float4x4"/></accessor></technique_common></source><source id="swat_Spine-Interpolations"><Name_array id="swat_Spine-Interpolations-array" count="43">
 LINEAR LINEAR LINEAR LINEAR LINEAR LINEAR LINEAR LINEAR LINEAR LINEAR LINEAR
LINEAR LINEAR LINEAR LINEAR LINEAR LINEAR LINEAR LINEAR LINEAR LINEAR LINEAR LINEAR
LINEAR LINEAR LINEAR LINEAR LINEAR LINEAR LINEAR LINEAR LINEAR LINEAR LINEAR LINEAR
LINEAR LINEAR LINEAR LINEAR LINEAR LINEAR LINEAR LINEAR</Name_array><technique_common><accessor source="#swat_Spine-Interpolations-array" count="43"><param type="name"/></accessor></technique_common></source><sampler id="swat_Spine-Matrix-animation-transform"><input semantic="INPUT" source="#swat_Spine-Matrix-animation-input"/><input semantic="OUTPUT" source="#swat_Spine-Matrix-animation-output-transform"/><input semantic="INTERPOLATION" source="#swat_Spine-Interpolations"/></sampler><channel source="#swat_Spine-Matrix-animation-transform" target="swat_Spine/matrix"/></animation>
    <animation id="swat_Spine1-anim" name="swat_Spine1"><source id="swat_Spine1-Matrix-animation-input"><float_array id="swat_Spine1-Matrix-animation-input-array" count="43">

0.000000 0.033333 0.066667 0.100000 0.133333 0.166667 0.200000 0.233333 0.266667 0.300000 0.333333 0.366667 0.400000 0.433333 0.466667 0.500000
0.533333 0.566667 0.600000 0.633333 0.666667 0.700000 0.733333 0.766667 0.800000 0.833333 0.866667 0.900000 0.933333 0.966667 1.000000 1.033333
1.066667 1.100000 1.133333 1.166667 1.200000 1.233333 1.266667 1.300000 1.333333 1.366667 1.400000</float_array><technique_common><accessor source="#swat_Spine1-Matrix-animation-input-array" count="43"><param name="TIME" type="float"/></accessor></technique_common></source><source id="swat_Spine1-Matrix-animation-output-transform"><float_array id="swat_Spine1-Matrix-animation-output-transform-array" count="688">

0.999898 0.005457 -0.013172 0.000000 -0.008992 0.958327 -0.285532 16.254000 0.011065 0.285622 0.958279 -0.165600 0.000000 0.000000 0.000000 1.000000
0.999887 0.003581 -0.014566 0.000000 -0.007592 0.958321 -0.285593 16.254000 0.012936 0.285671 0.958240 -0.165600 0.000000 0.000000 0.000000 1.000000
0.999865 0.001684 -0.016354 0.000000 -0.006288 0.958282 -0.285755 16.254000 0.015190 0.285820 0.958163 -0.165600 0.000000 0.000000 0.000000 1.000000
0.999829 0.000620 -0.018470 -0.000000 -0.005882 0.958146 -0.286221 16.254000 0.017519 0.286281 0.957986 -0.165600 0.000000 0.000000 0.000000 1.000000
0.999779 0.000245 -0.021009 0.000000 -0.006264 0.957927 -0.286944 16.254000 0.020054 0.287012 0.957717 -0.165600 0.000000 0.000000 0.000000 1.000000
0.999713 -0.000597 -0.023964 0.000000 -0.006323 0.957714 -0.287651 16.254000 0.023122 0.287720 0.957435 -0.165600 0.000000 0.000000 0.000000 1.000000
0.999635 -0.002809 -0.026864 -0.000000 -0.005054 0.957565 -0.288173 16.254000 0.026533 0.288203 0.957202 -0.165600 0.000000 0.000000 0.000000 1.000000
0.999563 -0.006002 -0.028961 0.000000 -0.002611 0.957460 -0.288554 16.254000 0.029461 0.288503 0.957026 -0.165600 0.000000 0.000000 0.000000 1.000000
0.999509 -0.008958 -0.030027 0.000000 -0.000098 0.957367 -0.288875 16.254000 0.031335 0.288736 0.956896 -0.165600 0.000000 0.000000 0.000000 1.000000
0.999481 -0.010329 -0.030521 0.000000 0.001074 0.957384 -0.288816 16.254000 0.032203 0.288634 0.956898 -0.165600 0.000000 0.000000 0.000000 1.000000
0.999477 -0.009515 -0.030920 0.000000 0.000211 0.957660 -0.287900 16.254000 0.032350 0.287743 0.957161 -0.165600 0.000000 0.000000 0.000000 1.000000
0.999486 -0.007293 -0.031213 -0.000000 -0.001951 0.958125 -0.286344 16.254000 0.031994 0.286258 0.957618 -0.165600 0.000000 0.000000 0.000000 1.000000
0.999501 -0.005290 -0.031156 0.000000 -0.003810 0.958526 -0.284980 16.254000 0.031371 0.284957 0.958027 -0.165600 0.000000 0.000000 0.000000 1.000000
0.999519 -0.004351 -0.030708 0.000000 -0.004561 0.958721 -0.284311 16.254000 0.030677 0.284314 0.958240 -0.165600 0.000000 0.000000 0.000000 1.000000
0.999546 -0.003666 -0.029910 0.000000 -0.004989 0.958735 -0.284256 16.254000 0.029717 0.284276 0.958282 -0.165600 0.000000 0.000000 0.000000 1.000000
0.999586 -0.002200 -0.028691 -0.000000 -0.006058 0.958635 -0.284574 16.254000 0.028130 0.284630 0.958225 -0.165600 0.000000 0.000000 0.000000 1.000000
0.999635 -0.000220 -0.027029 -0.000000 -0.007496 0.958489 -0.285033 16.254000 0.025970 0.285131 0.958137 -0.165600 0.000000 0.000000 0.000000 1.000000
0.999687 0.001466 -0.024955 0.000000 -0.008532 0.958344 -0.285490 16.254000 0.023497 0.285614 0.958057 -0.165600 0.000000 0.000000 0.000000 1.000000
0.999746 0.002685 -0.022395 0.000000 -0.008978 0.958214 -0.285910 16.254000 0.020691 0.286038 0.957995 -0.165600 0.000000 0.000000 0.000000 1.000000
0.999808 0.003665 -0.019272 -0.000000 -0.009027 0.958162 -0.286083 16.254000 0.017417 0.286202 0.958011 -0.165600 0.000000 0.000000 0.000000 1.000000
0.999865 0.004567 -0.015777 0.000000 -0.008885 0.958286 -0.285674 16.254000 0.013815 0.285775 0.958197 -0.165600 0.000000 0.000000 0.000000 1.000000
0.999908 0.005531 -0.012361 0.000000 -0.008823 0.958536 -0.284835 16.254000 0.010273 0.284918 0.958497 -0.165600 0.000000 0.000000 0.000000 1.000000
0.999932 0.006962 -0.009328 0.000000 -0.009327 0.958701 -0.284264 16.254000 0.006964 0.284332 0.958701 -0.165600 0.000000 0.000000 0.000000 1.000000
0.999936 0.009214 -0.006634 0.000000 -0.010720 0.958667 -0.284330 16.254000 0.003740 0.284383 0.958704 -0.165600 0.000000 0.000000 0.000000 1.000000
0.999919 0.012039 -0.004152 -0.000000 -0.012722 0.958546 -0.284653 16.254000 0.000553 0.284682 0.958622 -0.165600 0.000000 0.000000 0.000000 1.000000
0.999887 0.014948 -0.001801 0.000000 -0.014842 0.958475 -0.284791 16.254000 -0.002531 0.284785 0.958588 -0.165600 0.000000 0.000000 0.000000 1.000000
0.999848 0.017433 0.000469 0.000000 -0.016578 0.958474 -0.284698 16.254000 -0.005413 0.284647 0.958617 -0.165600 0.000000 0.000000 0.000000 1.000000
0.999820 0.018820 0.002572 -0.000000 -0.017312 0.958568 -0.284338 16.254000 -0.007817 0.284242 0.958721 -0.165600 0.000000 0.000000 0.000000 1.000000
0.999815 0.018740 0.004233 0.000000 -0.016770 0.958784 -0.283641 16.254000 -0.009374 0.283517 0.958921 -0.165600 0.000000 0.000000 0.000000 1.000000
0.999824 0.018010 0.005223 0.000000 -0.015797 0.959006 -0.282946 16.254000 -0.010104 0.282814 0.959122 -0.165600 0.000000 0.000000 0.000000 1.000000
0.999816 0.018309 0.005759 -0.000000 -0.015935 0.959079 -0.282688 16.254000 -0.010699 0.282545 0.959195 -0.165600 0.000000 0.000000 0.000000 1.000000
0.999775 0.020254 0.006297 -0.000000 -0.017647 0.959001 -0.282851 16.254000 -0.011767 0.282677 0.959143 -0.165600 0.000000 0.000000 0.000000 1.000000
0.999727 0.022411 0.006669 0.000000 -0.019603 0.958794 -0.283424 16.254000 -0.012746 0.283216 0.958972 -0.165600 0.000000 0.000000 0.000000 1.000000
0.999727 0.022607 0.005975 0.000000 -0.019976 0.958513 -0.284348 16.254000 -0.012155 0.284151 0.958703 -0.165600 0.000000 0.000000 0.000000 1.000000
0.999789 0.020200 0.003747 0.000000 -0.018295 0.958365 -0.284958 16.254000 -0.009347 0.284829 0.958533 -0.165600 0.000000 0.000000 0.000000 1.000000
0.999858 0.016809 0.000729 0.000000 -0.015906 0.958466 -0.284763 16.254000 -0.005485 0.284711 0.958598 -0.165600 0.000000 0.000000 0.000000 1.000000
0.999895 0.014360 -0.001871 0.000000 -0.014300 0.958663 -0.284185 16.254000 -0.002287 0.284182 0.958768 -0.165600 0.000000 0.000000 0.000000 1.000000
0.999908 0.013097 -0.003644 0.000000 -0.013593 0.958759 -0.283895 16.254000 -0.000224 0.283918 0.958849 -0.165600 0.000000 0.000000 0.000000 1.000000
0.999914 0.012079 -0.005117 0.000000 -0.013035 0.958721 -0.284049 16.254000 0.001474 0.284092 0.958796 -0.165600 0.000000 0.000000 0.000000 1.000000
0.999919 0.010749 -0.006829 -0.000000 -0.012248 0.958607 -0.284471 16.254000 0.003489 0.284531 0.958660 -0.165600 0.000000 0.000000 0.000000 1.000000
0.999919 0.009128 -0.008892 0.000000 -0.011284 0.958468 -0.284978 16.254000 0.005921 0.285055 0.958493 -0.165600 0.000000 0.000000 0.000000 1.000000
0.999911 0.007328 -0.011121 0.000000 -0.010198 0.958353 -0.285405 16.254000 0.008567 0.285493 0.958343 -0.165600 0.000000 0.000000 0.000000 1.000000
0.999898 0.005457 -0.013172 0.000000 -0.008992 0.958327 -0.285532 16.254000 0.011065 0.285622 0.958279 -0.165600 0.000000 0.000000 0.000000 1.000000</float_array><technique_common><accessor source="#swat_Spine1-Matrix-animation-output-transform-array" count="43" stride="16"><param type="float4x4"/></accessor></technique_common></source><source id="swat_Spine1-Interpolations"><Name_array id="swat_Spine1-Interpolations-array" count="43">
 LINEAR LINEAR LINEAR LINEAR LINEAR LINEAR LINEAR LINEAR LINEAR LINEAR LINEAR
LINEAR LINEAR LINEAR LINEAR LINEAR LINEAR LINEAR LINEAR LINEAR LINEAR LINEAR LINEAR
LINEAR LINEAR LINEAR LINEAR LINEAR LINEAR LINEAR LINEAR LINEAR LINEAR LINEAR LINEAR
LINEAR LINEAR LINEAR LINEAR LINEAR LINEAR LINEAR LINEAR</Name_array><technique_common><accessor source="#swat_Spine1-Interpolations-array" count="43"><param type="name"/></accessor></technique_common></source><sampler id="swat_Spine1-Matrix-animation-transform"><input semantic="INPUT" source="#swat_Spine1-Matrix-animation-input"/><input semantic="OUTPUT" source="#swat_Spine1-Matrix-animation-output-transform"/><input semantic="INTERPOLATION" source="#swat_Spine1-Interpolations"/></sampler><channel source="#swat_Spine1-Matrix-animation-transform" target="swat_Spine1/matrix"/></animation>
    <animation id="swat_Spine2-anim" name="swat_Spine2"><source id="swat_Spine2-Matrix-animation-input"><float_array id="swat_Spine2-Matrix-animation-input-array" count="43">

0.000000 0.033333 0.066667 0.100000 0.133333 0.166667 0.200000 0.233333 0.266667 0.300000 0.333333 0.366667 0.400000 0.433333 0.466667 0.500000
0.533333 0.566667 0.600000 0.633333 0.666667 0.700000 0.733333 0.766667 0.800000 0.833333 0.866667 0.900000 0.933333 0.966667 1.000000 1.033333
1.066667 1.100000 1.133333 1.166667 1.200000 1.233333 1.266667 1.300000 1.333333 1.366667 1.400000</float_array><technique_common><accessor source="#swat_Spine2-Matrix-animation-input-array" count="43"><param name="TIME" type="float"/></accessor></technique_common></source><source id="swat_Spine2-Matrix-animation-output-transform"><float_array id="swat_Spine2-Matrix-animation-output-transform-array" count="688">

0.999881 0.005631 -0.014380 0.000000 -0.009501 0.958362 -0.285398 13.639600 0.012174 0.285500 0.958301 -1.292300 0.000000 0.000000 0.000000 1.000000
0.999867 0.003840 -0.015859 -0.000000 -0.008209 0.958351 -0.285476 13.639600 0.014102 0.285568 0.958255 -1.292300 0.000000 0.000000 0.000000 1.000000
0.999840 0.002053 -0.017748 0.000000 -0.007039 0.958305 -0.285660 13.639600 0.016422 0.285739 0.958167 -1.292300 0.000000 0.000000 0.000000 1.000000
0.999800 0.001117 -0.019966 -0.000000 -0.006784 0.958166 -0.286134 13.639600 0.018811 0.286212 0.957982 -1.292300 0.000000 0.000000 0.000000 1.000000
0.999744 0.000890 -0.022605 0.000000 -0.007338 0.957947 -0.286850 13.639600 0.021399 0.286943 0.957709 -1.292300 0.000000 0.000000 0.000000 1.000000
0.999671 0.000218 -0.025664 0.000000 -0.007591 0.957733 -0.287558 13.639600 0.024516 0.287658 0.957419 -1.292300 0.000000 0.000000 0.000000 1.000000
0.999588 -0.001813 -0.028657 0.000000 -0.006524 0.957573 -0.288116 13.639600 0.027964 0.288185 0.957166 -1.292300 0.000000 0.000000 0.000000 1.000000
0.999514 -0.004849 -0.030804 0.000000 -0.004249 0.957444 -0.288589 13.639600 0.030893 0.288580 0.956957 -1.292300 0.000000 0.000000 0.000000 1.000000
0.999463 -0.007705 -0.031838 0.000000 -0.001827 0.957314 -0.289044 13.639600 0.032706 0.288947 0.956786 -1.292300 0.000000 0.000000 0.000000 1.000000
0.999441 -0.009051 -0.032193 0.000000 -0.000644 0.957293 -0.289120 13.639600 0.033435 0.288979 0.956751 -1.292300 0.000000 0.000000 0.000000 1.000000
0.999442 -0.008291 -0.032363 0.000000 -0.001391 0.957544 -0.288285 13.639600 0.033379 0.288169 0.956998 -1.292300 0.000000 0.000000 0.000000 1.000000
0.999455 -0.006192 -0.032420 0.000000 -0.003366 0.958004 -0.286736 13.639600 0.032834 0.286689 0.957461 -1.292300 0.000000 0.000000 0.000000 1.000000
0.999472 -0.004335 -0.032197 0.000000 -0.005035 0.958413 -0.285341 13.639600 0.032095 0.285353 0.957885 -1.292300 0.000000 0.000000 0.000000 1.000000
0.999493 -0.003519 -0.031658 0.000000 -0.005641 0.958615 -0.284650 13.639600 0.031350 0.284684 0.958109 -1.292300 0.000000 0.000000 0.000000 1.000000
0.999521 -0.002927 -0.030810 -0.000000 -0.005965 0.958636 -0.284573 13.639600 0.030369 0.284620 0.958159 -1.292300 0.000000 0.000000 0.000000 1.000000
0.999562 -0.001536 -0.029564 -0.000000 -0.006951 0.958551 -0.284836 13.639600 0.028777 0.284916 0.958120 -1.292300 0.000000 0.000000 0.000000 1.000000
0.999611 0.000376 -0.027901 0.000000 -0.008321 0.958429 -0.285211 13.639600 0.026634 0.285332 0.958059 -1.292300 0.000000 0.000000 0.000000 1.000000
0.999664 0.001999 -0.025855 0.000000 -0.009303 0.958308 -0.285586 13.639600 0.024206 0.285730 0.958004 -1.292300 0.000000 0.000000 0.000000 1.000000
0.999723 0.003153 -0.023332 0.000000 -0.009696 0.958199 -0.285940 13.639600 0.021455 0.286087 0.957963 -1.292300 0.000000 0.000000 0.000000 1.000000
0.999787 0.004054 -0.020240 0.000000 -0.009676 0.958163 -0.286061 13.639600 0.018234 0.286196 0.957998 -1.292300 0.000000 0.000000 0.000000 1.000000
0.999848 0.004855 -0.016767 0.000000 -0.009442 0.958301 -0.285606 13.639600 0.014681 0.285721 0.958200 -1.292300 0.000000 0.000000 0.000000 1.000000
0.999894 0.005703 -0.013375 0.000000 -0.009275 0.958565 -0.284724 13.639600 0.011197 0.284818 0.958516 -1.292300 0.000000 0.000000 0.000000 1.000000
0.999922 0.007020 -0.010375 0.000000 -0.009679 0.958741 -0.284115 13.639600 0.007952 0.284193 0.958734 -1.292300 0.000000 0.000000 0.000000 1.000000
0.999928 0.009172 -0.007710 0.000000 -0.010985 0.958715 -0.284156 13.639600 0.004785 0.284220 0.958747 -1.292300 0.000000 0.000000 0.000000 1.000000
0.999915 0.011908 -0.005244 0.000000 -0.012908 0.958597 -0.284473 13.639600 0.001640 0.284517 0.958670 -1.292300 0.000000 0.000000 0.000000 1.000000
0.999887 0.014736 -0.002904 0.000000 -0.014953 0.958523 -0.284624 13.639600 -0.001411 0.284635 0.958635 -1.292300 0.000000 0.000000 0.000000 1.000000
0.999853 0.017144 -0.000645 0.000000 -0.016619 0.958516 -0.284555 13.639600 -0.004260 0.284524 0.958659 -1.292300 0.000000 0.000000 0.000000 1.000000
0.999828 0.018468 0.001449 0.000000 -0.017294 0.958605 -0.284214 13.639600 -0.006638 0.284141 0.958760 -1.292300 0.000000 0.000000 0.000000 1.000000
0.999827 0.018343 0.003107 -0.000000 -0.016710 0.958822 -0.283517 13.639600 -0.008180 0.283416 0.958962 -1.292300 0.000000 0.000000 0.000000 1.000000
0.999837 0.017587 0.004101 0.000000 -0.015710 0.959047 -0.282811 13.639600 -0.008907 0.282700 0.959167 -1.292300 0.000000 0.000000 0.000000 1.000000
0.999830 0.017867 0.004639 -0.000000 -0.015828 0.959120 -0.282558 13.639600 -0.009498 0.282436 0.959239 -1.292300 0.000000 0.000000 0.000000 1.000000
0.999791 0.019787 0.005157 0.000000 -0.017522 0.959031 -0.282760 13.639600 -0.010541 0.282610 0.959177 -1.292300 0.000000 0.000000 0.000000 1.000000
0.999745 0.021920 0.005488 0.000000 -0.019467 0.958810 -0.283380 13.639600 -0.011474 0.283201 0.958992 -1.292300 0.000000 0.000000 0.000000 1.000000
0.999744 0.022118 0.004770 0.000000 -0.019850 0.958527 -0.284311 13.639600 -0.010861 0.284143 0.958720 -1.292300 0.000000 0.000000 0.000000 1.000000
0.999801 0.019769 0.002575 0.000000 -0.018217 0.958392 -0.284874 13.639600 -0.008100 0.284770 0.958562 -1.292300 0.000000 0.000000 0.000000 1.000000
0.999864 0.016482 -0.000374 0.000000 -0.015907 0.958508 -0.284621 13.639600 -0.004333 0.284588 0.958640 -1.292300 0.000000 0.000000 0.000000 1.000000
0.999896 0.014134 -0.002918 0.000000 -0.014380 0.958712 -0.284015 13.639600 -0.001216 0.284028 0.958815 -1.292300 0.000000 0.000000 0.000000 1.000000
0.999905 0.012938 -0.004680 0.000000 -0.013735 0.958807 -0.283728 13.639600 0.000817 0.283765 0.958893 -1.292300 0.000000 0.000000 0.000000 1.000000
0.999909 0.011970 -0.006175 -0.000000 -0.013231 0.958765 -0.283893 13.639600 0.002522 0.283949 0.958836 -1.292300 0.000000 0.000000 0.000000 1.000000
0.999911 0.010696 -0.007918 0.000000 -0.012506 0.958648 -0.284320 13.639600 0.004550 0.284394 0.958697 -1.292300 0.000000 0.000000 0.000000 1.000000
0.999908 0.009145 -0.010010 -0.000000 -0.011618 0.958507 -0.284832 13.639600 0.006989 0.284922 0.958525 -1.292300 0.000000 0.000000 0.000000 1.000000
0.999897 0.007423 -0.012275 0.000000 -0.010617 0.958390 -0.285264 13.639600 0.009647 0.285365 0.958370 -1.292300 0.000000 0.000000 0.000000 1.000000
0.999881 0.005631 -0.014380 0.000000 -0.009502 0.958362 -0.285398 13.639600 0.012174 0.285500 0.958301 -1.292300 0.000000 0.000000 0.000000 1.000000</float_array><technique_common><accessor source="#swat_Spine2-Matrix-animation-output-transform-array" count="43" stride="16"><param type="float4x4"/></accessor></technique_common></source><source id="swat_Spine2-Interpolations"><Name_array id="swat_Spine2-Interpolations-array" count="43">
 LINEAR LINEAR LINEAR LINEAR LINEAR LINEAR LINEAR LINEAR LINEAR LINEAR LINEAR
LINEAR LINEAR LINEAR LINEAR LINEAR LINEAR LINEAR LINEAR LINEAR LINEAR LINEAR LINEAR
LINEAR LINEAR LINEAR LINEAR LINEAR LINEAR LINEAR LINEAR LINEAR LINEAR LINEAR LINEAR
LINEAR LINEAR LINEAR LINEAR LINEAR LINEAR LINEAR LINEAR</Name_array><technique_common><accessor source="#swat_Spine2-Interpolations-array" count="43"><param type="name"/></accessor></technique_common></source><sampler id="swat_Spine2-Matrix-animation-transform"><input semantic="INPUT" source="#swat_Spine2-Matrix-animation-input"/><input semantic="OUTPUT" source="#swat_Spine2-Matrix-animation-output-transform"/><input semantic="INTERPOLATION" source="#swat_Spine2-Interpolations"/></sampler><channel source="#swat_Spine2-Matrix-animation-transform" target="swat_Spine2/matrix"/></animation>
    <animation id="swat_Neck-anim" name="swat_Neck"><source id="swat_Neck-Matrix-animation-input"><float_array id="swat_Neck-Matrix-animation-input-array" count="43">

0.000000 0.033333 0.066667 0.100000 0.133333 0.166667 0.200000 0.233333 0.266667 0.300000 0.333333 0.366667 0.400000 0.433333 0.466667 0.500000
0.533333 0.566667 0.600000 0.633333 0.666667 0.700000 0.733333 0.766667 0.800000 0.833333 0.866667 0.900000 0.933333 0.966667 1.000000 1.033333
1.066667 1.100000 1.133333 1.166667 1.200000 1.233333 1.266667 1.300000 1.333333 1.366667 1.400000</float_array><technique_common><accessor source="#swat_Neck-Matrix-animation-input-array" count="43"><param name="TIME" type="float"/></accessor></technique_common></source><source id="swat_Neck-Matrix-animation-output-transform"><float_array id="swat_Neck-Matrix-animation-output-transform-array" count="688">

0.998020 -0.009125 0.062231 0.000000 0.010014 0.999852 -0.013984 13.877400 -0.062094 0.014579 0.997964 -4.354200 0.000000 0.000000 0.000000 1.000000
0.998025 -0.009668 0.062067 0.000000 0.010580 0.999841 -0.014378 13.877400 -0.061918 0.015006 0.997968 -4.354200 0.000000 0.000000 0.000000 1.000000
0.998031 -0.010422 0.061849 -0.000000 0.011338 0.999831 -0.014482 13.877400 -0.061687 0.015154 0.997980 -4.354200 0.000000 0.000000 0.000000 1.000000
0.998052 -0.011627 0.061302 0.000000 0.012514 0.999822 -0.014113 13.877400 -0.061127 0.014853 0.998019 -4.354200 0.000000 0.000000 0.000000 1.000000
0.998078 -0.013006 0.060582 0.000000 0.013834 0.999816 -0.013268 13.877400 -0.060398 0.014080 0.998075 -4.354200 0.000000 0.000000 0.000000 1.000000
0.998095 -0.014189 0.060047 0.000000 0.014952 0.999813 -0.012265 13.877400 -0.059862 0.013139 0.998120 -4.354200 0.000000 0.000000 0.000000 1.000000
0.998098 -0.015331 0.059717 0.000000 0.016066 0.999801 -0.011858 13.877400 -0.059524 0.012795 0.998145 -4.354200 0.000000 0.000000 0.000000 1.000000
0.998094 -0.016551 0.059443 0.000000 0.017325 0.999771 -0.012527 13.877400 -0.059222 0.013533 0.998153 -4.354200 0.000000 0.000000 0.000000 1.000000
0.998084 -0.017128 0.059452 0.000000 0.017962 0.999747 -0.013516 13.877400 -0.059206 0.014558 0.998140 -4.354200 0.000000 0.000000 0.000000 1.000000
0.998068 -0.016530 0.059885 -0.000000 0.017388 0.999753 -0.013826 13.877400 -0.059642 0.014841 0.998110 -4.354200 0.000000 0.000000 0.000000 1.000000
0.998060 -0.015140 0.060388 0.000000 0.015980 0.999782 -0.013444 13.877400 -0.060171 0.014383 0.998084 -4.354200 0.000000 0.000000 0.000000 1.000000
0.998069 -0.013787 0.060571 0.000000 0.014593 0.999811 -0.012881 13.877400 -0.060382 0.013740 0.998081 -4.354200 0.000000 0.000000 0.000000 1.000000
0.998082 -0.013283 0.060466 0.000000 0.014054 0.999825 -0.012341 13.877400 -0.060291 0.013167 0.998094 -4.354200 0.000000 0.000000 0.000000 1.000000
0.998080 -0.013974 0.060342 0.000000 0.014712 0.999822 -0.011806 13.877400 -0.060166 0.012671 0.998108 -4.354200 0.000000 0.000000 0.000000 1.000000
0.998065 -0.015403 0.060241 -0.000000 0.016118 0.999805 -0.011392 13.877400 -0.060054 0.012341 0.998119 -4.354200 0.000000 0.000000 0.000000 1.000000
0.998058 -0.016611 0.060036 0.000000 0.017318 0.999787 -0.011264 13.877400 -0.059836 0.012282 0.998133 -4.354200 0.000000 0.000000 0.000000 1.000000
0.998065 -0.016939 0.059826 -0.000000 0.017652 0.999779 -0.011395 13.877400 -0.059620 0.012429 0.998144 -4.354200 0.000000 0.000000 0.000000 1.000000
0.998073 -0.016661 0.059780 0.000000 0.017379 0.999783 -0.011506 13.877400 -0.059575 0.012523 0.998145 -4.354200 0.000000 0.000000 0.000000 1.000000
0.998071 -0.016450 0.059867 0.000000 0.017156 0.999789 -0.011303 13.877400 -0.059668 0.012309 0.998142 -4.354200 0.000000 0.000000 0.000000 1.000000
0.998059 -0.016253 0.060111 -0.000000 0.016935 0.999798 -0.010851 13.877400 -0.059923 0.011848 0.998133 -4.354200 0.000000 0.000000 0.000000 1.000000
0.998036 -0.015160 0.060781 0.000000 0.015833 0.999818 -0.010615 13.877400 -0.060609 0.011556 0.998095 -4.354200 0.000000 0.000000 0.000000 1.000000
0.997997 -0.012514 0.062014 0.000000 0.013221 0.999852 -0.011000 13.877400 -0.061868 0.011798 0.998015 -4.354200 0.000000 0.000000 0.000000 1.000000
0.997950 -0.009222 0.063332 0.000000 0.009987 0.999881 -0.011766 13.877400 -0.063216 0.012375 0.997923 -4.354200 0.000000 0.000000 0.000000 1.000000
0.997923 -0.006887 0.064055 -0.000000 0.007690 0.999895 -0.012298 13.877400 -0.063963 0.012765 0.997871 -4.354200 0.000000 0.000000 0.000000 1.000000
0.997923 -0.005805 0.064156 0.000000 0.006613 0.999901 -0.012389 13.877400 -0.064078 0.012787 0.997863 -4.354200 0.000000 0.000000 0.000000 1.000000
0.997933 -0.005290 0.064049 0.000000 0.006079 0.999908 -0.012128 13.877400 -0.063979 0.012492 0.997873 -4.354200 0.000000 0.000000 0.000000 1.000000
0.997933 -0.004868 0.064073 0.000000 0.005619 0.999918 -0.011548 13.877400 -0.064012 0.011884 0.997878 -4.354200 0.000000 0.000000 0.000000 1.000000
0.997913 -0.004449 0.064421 0.000000 0.005160 0.999928 -0.010875 13.877400 -0.064368 0.011184 0.997864 -4.354200 0.000000 0.000000 0.000000 1.000000
0.997866 -0.004062 0.065172 0.000000 0.004767 0.999932 -0.010667 13.877400 -0.065124 0.010955 0.997817 -4.354200 0.000000 0.000000 0.000000 1.000000
0.997805 -0.003735 0.066121 0.000000 0.004494 0.999926 -0.011339 13.877400 -0.066073 0.011612 0.997747 -4.354200 0.000000 0.000000 0.000000 1.000000
0.997767 -0.003409 0.066709 0.000000 0.004274 0.999908 -0.012834 13.877400 -0.066659 0.013091 0.997690 -4.354200 0.000000 0.000000 0.000000 1.000000
0.997780 -0.002711 0.066540 0.000000 0.003711 0.999882 -0.014906 13.877400 -0.066492 0.015120 0.997672 -4.354200 0.000000 0.000000 0.000000 1.000000
0.997826 -0.001483 0.065894 0.000000 0.002630 0.999846 -0.017327 13.877400 -0.065858 0.017463 0.997676 -4.354200 0.000000 0.000000 0.000000 1.000000
0.997852 -0.000420 0.065501 0.000000 0.001703 0.999808 -0.019536 13.877400 -0.065480 0.019606 0.997661 -4.354200 0.000000 0.000000 0.000000 1.000000
