<?xml version="1.0" encoding="utf-8"?>
<COLLADA xmlns="http://www.collada.org/2005/11/COLLADASchema" version="1.4.1">
  <asset><contributor><author>Mixamo</author><authoring_tool>COLLADA Mixamo exporter</authoring_tool><comments></comments></contributor><created>2020-08-17T11:50:41Z</created><modified>2020-08-17T11:50:41Z</modified><revision></revision><title></title><unit meter="0.010000"/><up_axis>Y_UP</up_axis></asset>
  <library_animations>
    <animation id="swat_Hips-anim" name="swat_Hips"><source id="swat_Hips-Matrix-animation-input"><float_array id="swat_Hips-Matrix-animation-input-array" count="136">

0.000000 0.033333 0.066667 0.100000 0.133333 0.166667 0.200000 0.233333 0.266667 0.300000 0.333333 0.366667 0.400000 0.433333 0.466667 0.500000
0.533333 0.566667 0.600000 0.633333 0.666667 0.700000 0.733333 0.766667 0.800000 0.833333 0.866667 0.900000 0.933333 0.966667 1.000000 1.033333
1.066667 1.100000 1.133333 1.166667 1.200000 1.233333 1.266667 1.300000 1.333333 1.366667 1.400000 1.433333 1.466667 1.500000 1.533333 1.566667
1.600000 1.633333 1.666667 1.700000 1.733333 1.766667 1.800000 1.833333 1.866667 1.900000 1.933333 1.966667 2.000000 2.033333 2.066667 2.100000
2.133333 2.166667 2.200000 2.233333 2.266667 2.300000 2.333333 2.366667 2.400000 2.433333 2.466667 2.500000 2.533333 2.566667 2.600000 2.633333
2.666667 2.700000 2.733333 2.766667 2.800000 2.833333 2.866667 2.900000 2.933333 2.966667 3.000000 3.033333 3.066667 3.100000 3.133333 3.166667
3.200000 3.233333 3.266667 3.300000 3.333333 3.366667 3.400000 3.433333 3.466667 3.500000 3.533333 3.566667 3.600000 3.633333 3.666667 3.700000
3.733333 3.766667 3.800000 3.833333 3.866667 3.900000 3.933333 3.966667 4.000000 4.033333 4.066667 4.100000 4.133333 4.166667 4.200000 4.233333
4.266667 4.300000 4.333333 4.366667 4.400000 4.433333 4.466667 4.500000</float_array><technique_common><accessor source="#swat_Hips-Matrix-animation-input-array" count="136"><param name="TIME" type="float"/></accessor></technique_common></source><source id="swat_Hips-Matrix-animation-output-transform"><float_array id="swat_Hips-Matrix-animation-output-transform-array" count="2176">

0.996728 0.070584 -0.039384 0.001477 -0.066804 0.993680 0.090206 78.162811 0.045502 -0.087280 0.995144 -0.069333 0.000000 0.000000 0.000000 1.000000
0.996761 0.068726 -0.041764 0.160262 -0.064160 0.992687 0.102258 77.145279 0.048486 -0.099247 0.993881 -0.236446 0.000000 0.000000 0.000000 1.000000
0.997200 0.060277 -0.044248 0.263051 -0.054975 0.992123 0.112563 77.424377 0.050684 -0.109816 0.992659 -0.407817 0.000000 0.000000 0.000000 1.000000
0.997775 0.047040 -0.047258 0.312778 -0.041053 0.991863 0.120511 78.874245 0.052542 -0.118303 0.991586 -0.580778 0.000000 0.000000 0.000000 1.000000
0.998189 0.030200 -0.052028 0.311953 -0.023695 0.992320 0.121407 81.078926 0.055295 -0.119955 0.991238 -0.737920 0.000000 0.000000 0.000000 1.000000
0.998343 0.012164 -0.056247 0.220425 -0.005620 0.993341 0.115078 83.554047 0.057273 -0.114571 0.991763 -0.878391 0.000000 0.000000 0.000000 1.000000
0.998314 -0.003412 -0.057947 0.142657 0.009305 0.994769 0.101730 85.901962 0.057297 -0.102097 0.993123 -1.001345 0.000000 0.000000 0.000000 1.000000
0.998263 -0.014582 -0.057076 0.076011 0.019393 0.996221 0.084659 87.848831 0.055626 -0.085619 0.994774 -1.114043 0.000000 0.000000 0.000000 1.000000
0.998267 -0.021549 -0.054764 0.011020 0.025280 0.997339 0.068386 89.228699 0.053144 -0.069652 0.996155 -1.229980 0.000000 0.000000 0.000000 1.000000
0.998297 -0.025754 -0.052347 -0.065131 0.028701 0.997999 0.056346 89.976952 0.050791 -0.057753 0.997038 -1.358270 0.000000 0.000000 0.000000 1.000000
0.998283 -0.029018 -0.050891 -0.152838 0.031592 0.998224 0.050514 90.028999 0.049335 -0.052035 0.997426 -1.582062 0.000000 0.000000 0.000000 1.000000
0.998198 -0.033118 -0.050039 -0.244893 0.035709 0.998018 0.051822 89.326439 0.048224 -0.053515 0.997402 -1.967295 0.000000 0.000000 0.000000 1.000000
0.998165 -0.037932 -0.047192 -0.352975 0.040758 0.997339 0.060438 87.888557 0.044774 -0.062250 0.997056 -2.443654 0.000000 0.000000 0.000000 1.000000
0.998366 -0.041224 -0.039562 -0.512480 0.044140 0.996137 0.075911 85.915733 0.036279 -0.077533 0.996329 -2.865469 0.000000 0.000000 0.000000 1.000000
0.998776 -0.041453 -0.026982 -0.744604 0.043904 0.994251 0.097664 83.788742 0.022779 -0.098729 0.994854 -3.102586 0.000000 0.000000 0.000000 1.000000
0.999140 -0.039554 -0.012409 -1.024231 0.040784 0.991527 0.123330 82.009026 0.007426 -0.123730 0.992288 -3.111291 0.000000 0.000000 0.000000 1.000000
0.999290 -0.037668 -0.000117 -1.296281 0.037276 0.988451 0.146887 81.084984 -0.005417 -0.146787 0.989153 -2.928953 0.000000 0.000000 0.000000 1.000000
0.999241 -0.038115 0.008101 -1.515360 0.036295 0.986047 0.162463 81.333168 -0.014180 -0.162046 0.986681 -2.632751 0.000000 0.000000 0.000000 1.000000
0.998993 -0.042475 0.014431 -1.655997 0.039444 0.984920 0.168451 82.710823 -0.021368 -0.167713 0.985604 -2.299053 0.000000 0.000000 0.000000 1.000000
0.998485 -0.050484 0.021882 -1.710649 0.046213 0.985301 0.164459 84.844208 -0.029863 -0.163198 0.986141 -1.987534 0.000000 0.000000 0.000000 1.000000
0.997753 -0.059235 0.031305 -1.689019 0.053958 0.987418 0.148643 87.243408 -0.039716 -0.146620 0.988395 -1.745816 0.000000 0.000000 0.000000 1.000000
0.997019 -0.065410 0.040923 -1.617034 0.060008 0.990761 0.121622 89.488983 -0.048500 -0.118803 0.991733 -1.590235 0.000000 0.000000 0.000000 1.000000
0.996514 -0.068755 0.047251 -1.524760 0.064323 0.993893 0.089662 91.305817 -0.053127 -0.086310 0.994851 -1.495960 0.000000 0.000000 0.000000 1.000000
0.996349 -0.071582 0.046529 -1.434993 0.068719 0.995801 0.060476 92.570000 -0.050662 -0.057058 0.997085 -1.422060 0.000000 0.000000 0.000000 1.000000
0.996487 -0.075015 0.037230 -1.356361 0.073623 0.996583 0.037452 93.295021 -0.039912 -0.034579 0.998605 -1.357139 0.000000 0.000000 0.000000 1.000000
0.996713 -0.077986 0.021940 -1.288609 0.077529 0.996770 0.020948 93.572342 -0.023502 -0.019179 0.999540 -1.341581 0.000000 0.000000 0.000000 1.000000
0.996810 -0.079600 0.005767 -1.229299 0.079521 0.996750 0.012853 93.458931 -0.006772 -0.012354 0.999901 -1.443733 0.000000 0.000000 0.000000 1.000000
0.996779 -0.079889 -0.007029 -1.180158 0.079991 0.996673 0.015657 92.915382 0.005754 -0.016169 0.999853 -1.701153 0.000000 0.000000 0.000000 1.000000
0.996867 -0.077838 -0.014082 -1.159647 0.078210 0.996539 0.028153 91.862221 0.011842 -0.029166 0.999504 -2.062890 0.000000 0.000000 0.000000 1.000000
0.997354 -0.071310 -0.014147 -1.188765 0.071892 0.996346 0.046117 90.271446 0.010806 -0.047012 0.998836 -2.400239 0.000000 0.000000 0.000000 1.000000
0.998164 -0.060000 -0.008261 -1.249786 0.060420 0.995914 0.067118 88.224121 0.004200 -0.067494 0.997711 -2.599010 0.000000 0.000000 0.000000 1.000000
0.998878 -0.047344 -0.001149 -1.296710 0.047254 0.994777 0.090478 85.979088 -0.003141 -0.090431 0.995898 -2.631983 0.000000 0.000000 0.000000 1.000000
0.999296 -0.037441 0.002230 -1.307976 0.036954 0.992987 0.112302 84.000298 -0.006419 -0.112141 0.993672 -2.546151 0.000000 0.000000 0.000000 1.000000
0.999534 -0.030405 0.002868 -1.309195 0.029800 0.991545 0.126292 82.774902 -0.006683 -0.126147 0.991989 -2.397337 0.000000 0.000000 0.000000 1.000000
0.999711 -0.022221 0.009223 -1.354527 0.020809 0.991018 0.132097 82.544487 -0.012075 -0.131867 0.991194 -2.196912 0.000000 0.000000 0.000000 1.000000
0.999442 -0.010533 0.031693 -1.513015 0.006099 0.990570 0.136873 83.221252 -0.032836 -0.136603 0.990082 -1.916102 0.000000 0.000000 0.000000 1.000000
0.997212 0.001413 0.074602 -1.838775 -0.012337 0.989182 0.146171 84.520210 -0.073588 -0.146683 0.986442 -1.530289 0.000000 0.000000 0.000000 1.000000
0.991101 0.008839 0.132815 -2.324849 -0.030040 0.986903 0.158492 86.119911 -0.129675 -0.161072 0.978387 -1.050915 0.000000 0.000000 0.000000 1.000000
0.980328 0.012281 0.196993 -2.892526 -0.046331 0.984494 0.169188 87.722000 -0.191861 -0.174986 0.965696 -0.512821 0.000000 0.000000 0.000000 1.000000
0.965098 0.016440 0.261373 -3.428359 -0.064306 0.982349 0.175657 89.076790 -0.253871 -0.186334 0.949120 0.047509 0.000000 0.000000 0.000000 1.000000
0.945428 0.023370 0.324993 -3.834832 -0.085514 0.980258 0.178274 90.023369 -0.314411 -0.196337 0.928761 0.576941 0.000000 0.000000 0.000000 1.000000
0.921024 0.030822 0.388284 -4.068602 -0.107998 0.977987 0.178543 90.483589 -0.374234 -0.206376 0.904078 0.990139 0.000000 0.000000 0.000000 1.000000
0.892001 0.035528 0.450634 -4.139195 -0.128830 0.975543 0.178099 90.399551 -0.433285 -0.216920 0.874763 1.220414 0.000000 0.000000 0.000000 1.000000
0.860695 0.035644 0.507871 -4.074080 -0.146023 0.972918 0.179184 89.725281 -0.487730 -0.228384 0.842591 1.283019 0.000000 0.000000 0.000000 1.000000
0.833887 0.031869 0.551014 -3.899696 -0.158988 0.969886 0.184511 88.493729 -0.528540 -0.241466 0.813842 1.248449 0.000000 0.000000 0.000000 1.000000
0.819569 0.027095 0.572340 -3.630259 -0.168557 0.966083 0.195632 86.859383 -0.547627 -0.256805 0.796339 1.153200 0.000000 0.000000 0.000000 1.000000
0.818611 0.023668 0.573861 -3.296356 -0.176067 0.961387 0.211508 85.030800 -0.546696 -0.274181 0.791169 0.979444 0.000000 0.000000 0.000000 1.000000
0.823963 0.021705 0.566228 -2.986911 -0.182500 0.956185 0.228917 83.186043 -0.536451 -0.291956 0.791822 0.722758 0.000000 0.000000 0.000000 1.000000
0.829461 0.020279 0.558196 -2.793947 -0.187942 0.951204 0.244720 81.494141 -0.525996 -0.307894 0.792799 0.425189 0.000000 0.000000 0.000000 1.000000
0.835768 0.019385 0.548741 -2.735248 -0.191078 0.947180 0.257563 80.162575 -0.514764 -0.320115 0.795327 0.143275 0.000000 0.000000 0.000000 1.000000
0.846970 0.020460 0.531247 -2.770243 -0.190506 0.944581 0.267347 79.423683 -0.496336 -0.327641 0.803929 -0.082197 0.000000 0.000000 0.000000 1.000000
0.863325 0.025226 0.504017 -2.879158 -0.187444 0.943328 0.273857 79.455276 -0.468545 -0.330903 0.819127 -0.221492 0.000000 0.000000 0.000000 1.000000
0.880073 0.035754 0.473491 -3.091486 -0.186853 0.942788 0.276109 80.282303 -0.436530 -0.331469 0.836403 -0.250961 0.000000 0.000000 0.000000 1.000000
0.892589 0.054321 0.447588 -3.428198 -0.194042 0.942358 0.272595 81.736328 -0.406981 -0.330166 0.851679 -0.175525 0.000000 0.000000 0.000000 1.000000
0.899644 0.080558 0.429128 -3.841559 -0.209063 0.942320 0.261392 83.520889 -0.383318 -0.324875 0.864594 -0.042013 0.000000 0.000000 0.000000 1.000000
0.903204 0.109386 0.415039 -4.225096 -0.225485 0.943718 0.241976 85.317558 -0.365211 -0.312139 0.877035 0.083514 0.000000 0.000000 0.000000 1.000000
0.907092 0.133527 0.399192 -4.470332 -0.235299 0.947195 0.217844 86.873947 -0.349024 -0.291534 0.890612 0.142369 0.000000 0.000000 0.000000 1.000000
0.914492 0.148007 0.376561 -4.515565 -0.234435 0.952373 0.195004 88.057228 -0.329765 -0.266608 0.905635 0.093998 0.000000 0.000000 0.000000 1.000000
0.925618 0.151896 0.346638 -4.359686 -0.223899 0.958223 0.177982 88.834686 -0.305122 -0.242356 0.920958 -0.076919 0.000000 0.000000 0.000000 1.000000
0.938282 0.146972 0.313092 -4.031050 -0.206984 0.963839 0.167848 89.209930 -0.277101 -0.222294 0.934773 -0.374880 0.000000 0.000000 0.000000 1.000000
0.950618 0.135190 0.279372 -3.557868 -0.185576 0.969099 0.162508 89.156189 -0.248769 -0.206328 0.946331 -0.811495 0.000000 0.000000 0.000000 1.000000
0.962260 0.117385 0.245515 -2.974983 -0.159241 0.974481 0.158206 88.629669 -0.220678 -0.191331 0.956396 -1.373601 0.000000 0.000000 0.000000 1.000000
0.973034 0.094224 0.210541 -2.343445 -0.127861 0.980024 0.152330 87.662140 -0.191982 -0.175142 0.965644 -1.981697 0.000000 0.000000 0.000000 1.000000
0.981922 0.068200 0.176571 -1.749570 -0.094683 0.984715 0.146193 86.387184 -0.163902 -0.160268 0.973371 -2.519142 0.000000 0.000000 0.000000 1.000000
0.987964 0.043948 0.148310 -1.278496 -0.065570 0.987373 0.144204 84.973640 -0.140100 -0.152193 0.978371 -2.912230 0.000000 0.000000 0.000000 1.000000
0.991380 0.025125 0.128589 -0.962313 -0.044304 0.987913 0.148540 83.608002 -0.123303 -0.152957 0.980510 -3.174090 0.000000 0.000000 0.000000 1.000000
0.993263 0.011553 0.115307 -0.764743 -0.029623 0.987272 0.156257 82.512428 -0.112034 -0.158620 0.980963 -3.360243 0.000000 0.000000 0.000000 1.000000
0.994553 0.001691 0.104214 -0.624230 -0.018761 0.986442 0.163034 81.935707 -0.102526 -0.164101 0.981101 -3.489683 0.000000 0.000000 0.000000 1.000000
0.995570 -0.005222 0.093881 -0.498464 -0.010570 0.985911 0.166936 82.056351 -0.093430 -0.167189 0.981488 -3.529036 0.000000 0.000000 0.000000 1.000000
0.996365 -0.010080 0.084588 -0.368580 -0.004235 0.985886 0.167363 82.892723 -0.085081 -0.167113 0.982260 -3.444320 0.000000 0.000000 0.000000 1.000000
0.997108 -0.014849 0.074537 -0.235174 0.002488 0.986578 0.163269 84.295387 -0.075962 -0.162611 0.983762 -3.249250 0.000000 0.000000 0.000000 1.000000
0.997857 -0.021132 0.061921 -0.106304 0.011367 0.988005 0.154003 86.034378 -0.064433 -0.152969 0.986128 -2.997726 0.000000 0.000000 0.000000 1.000000
0.998427 -0.027864 0.048649 0.027590 0.020812 0.989951 0.139873 87.902985 -0.052058 -0.138640 0.988974 -2.738207 0.000000 0.000000 0.000000 1.000000
0.998731 -0.032363 0.038583 0.187496 0.027468 0.992241 0.121257 89.719917 -0.042207 -0.120043 0.991871 -2.486091 0.000000 0.000000 0.000000 1.000000
0.998867 -0.033866 0.033445 0.370661 0.030420 0.994657 0.098654 91.300102 -0.036607 -0.097525 0.994560 -2.231797 0.000000 0.000000 0.000000 1.000000
0.998913 -0.034023 0.031867 0.536476 0.031559 0.996695 0.074860 92.482796 -0.034309 -0.073773 0.996685 -1.959749 0.000000 0.000000 0.000000 1.000000
0.998939 -0.033433 0.031661 0.638104 0.031611 0.997909 0.056373 93.170372 -0.033480 -0.055313 0.997908 -1.690685 0.000000 0.000000 0.000000 1.000000
0.999028 -0.030559 0.031762 0.665958 0.028947 0.998329 0.050022 93.327667 -0.033238 -0.049054 0.998243 -1.516872 0.000000 0.000000 0.000000 1.000000
0.999213 -0.024879 0.030882 0.652058 0.023066 0.998065 0.057750 92.981567 -0.032259 -0.056992 0.997853 -1.549671 0.000000 0.000000 0.000000 1.000000
0.999476 -0.019418 0.025898 0.622669 0.017384 0.996912 0.076579 92.211655 -0.027305 -0.076089 0.996727 -1.803995 0.000000 0.000000 0.000000 1.000000
0.999717 -0.018664 0.014720 0.557155 0.017066 0.994629 0.102088 91.111092 -0.016546 -0.101808 0.994666 -2.166431 0.000000 0.000000 0.000000 1.000000
0.999732 -0.023134 -0.000061 0.408104 0.022951 0.991458 0.128388 89.777077 -0.002910 -0.128355 0.991724 -2.491192 0.000000 0.000000 0.000000 1.000000
0.999522 -0.027692 -0.013743 0.154240 0.029420 0.988586 0.147757 88.335052 0.009495 -0.148091 0.988928 -2.700785 0.000000 0.000000 0.000000 1.000000
0.999266 -0.028310 -0.025805 -0.182363 0.032012 0.987137 0.156639 86.950607 0.021038 -0.157350 0.987319 -2.801455 0.000000 0.000000 0.000000 1.000000
0.998822 -0.027587 -0.039908 -0.563493 0.033487 0.987244 0.155656 85.823700 0.035105 -0.156809 0.987005 -2.834903 0.000000 0.000000 0.000000 1.000000
0.997946 -0.031078 -0.056018 -0.973324 0.038990 0.988486 0.146199 85.185425 0.050829 -0.148083 0.987668 -2.842016 0.000000 0.000000 0.000000 1.000000
0.997089 -0.038894 -0.065583 -1.448815 0.047161 0.990440 0.129632 85.205841 0.059914 -0.132348 0.989391 -2.824193 0.000000 0.000000 0.000000 1.000000
0.997223 -0.045251 -0.059145 -2.050569 0.051484 0.992762 0.108505 85.894089 0.053807 -0.111249 0.992335 -2.753346 0.000000 0.000000 0.000000 1.000000
0.998162 -0.046660 -0.038670 -2.812810 0.049840 0.995063 0.085823 87.069000 0.034474 -0.087593 0.995560 -2.620508 0.000000 0.000000 0.000000 1.000000
0.998830 -0.045258 -0.017049 -3.687816 0.046252 0.996925 0.063258 88.448624 0.014133 -0.063972 0.997852 -2.464979 0.000000 0.000000 0.000000 1.000000
0.998971 -0.044980 -0.005734 -4.545548 0.045177 0.998136 0.041039 89.778130 0.003878 -0.041256 0.999141 -2.348572 0.000000 0.000000 0.000000 1.000000
0.998800 -0.048200 -0.008700 -5.261557 0.048366 0.998629 0.020034 90.886597 0.007723 -0.020431 0.999761 -2.309245 0.000000 0.000000 0.000000 1.000000
0.998060 -0.055885 -0.027431 -5.796775 0.055953 0.998432 0.001721 91.691635 0.027292 -0.003252 0.999622 -2.340585 0.000000 0.000000 0.000000 1.000000
0.995527 -0.068712 -0.064843 -6.176396 0.067961 0.997594 -0.013718 92.173622 0.065630 0.009250 0.997801 -2.415231 0.000000 0.000000 0.000000 1.000000
0.988662 -0.087564 -0.121981 -6.398844 0.084828 0.996017 -0.027461 92.319557 0.123900 0.016802 0.992152 -2.517479 0.000000 0.000000 0.000000 1.000000
0.974487 -0.113383 -0.193701 -6.411480 0.107698 0.993392 -0.039669 92.080086 0.196919 0.017795 0.980258 -2.633336 0.000000 0.000000 0.000000 1.000000
0.952181 -0.145101 -0.268882 -6.201170 0.137153 0.989376 -0.048217 91.394943 0.273021 0.009033 0.961966 -2.706023 0.000000 0.000000 0.000000 1.000000
0.925804 -0.176728 -0.334149 -5.884082 0.169754 0.984207 -0.050210 90.260674 0.337745 -0.010238 0.941182 -2.644026 0.000000 0.000000 0.000000 1.000000
0.904010 -0.198803 -0.378475 -5.659923 0.197538 0.979369 -0.042604 88.738182 0.379137 -0.036249 0.924630 -2.394078 0.000000 0.000000 0.000000 1.000000
0.895339 -0.204916 -0.395445 -5.654402 0.213342 0.976705 -0.023086 86.936432 0.390964 -0.063695 0.918199 -1.990888 0.000000 0.000000 0.000000 1.000000
0.902609 -0.196110 -0.383195 -5.837566 0.215079 0.976573 0.006827 85.050949 0.372878 -0.088579 0.923642 -1.531101 0.000000 0.000000 0.000000 1.000000
0.920692 -0.179023 -0.346810 -6.116261 0.205821 0.977700 0.041713 83.350060 0.331609 -0.109785 0.937007 -1.100704 0.000000 0.000000 0.000000 1.000000
0.939994 -0.161580 -0.300504 -6.450844 0.192211 0.978474 0.075125 82.058502 0.281897 -0.128377 0.950817 -0.733194 0.000000 0.000000 0.000000 1.000000
0.953523 -0.149679 -0.261514 -6.830081 0.180877 0.978462 0.099477 81.279312 0.240992 -0.142156 0.960060 -0.438438 0.000000 0.000000 0.000000 1.000000
0.959999 -0.145245 -0.239385 -7.186878 0.174813 0.978748 0.107202 81.042542 0.218727 -0.144762 0.964988 -0.247781 0.000000 0.000000 0.000000 1.000000
0.961241 -0.147312 -0.233054 -7.426229 0.173821 0.979937 0.097520 81.370651 0.214012 -0.134250 0.967562 -0.193480 0.000000 0.000000 0.000000 1.000000
0.959186 -0.155134 -0.236421 -7.509502 0.177761 0.981019 0.077473 82.266312 0.219915 -0.116337 0.968557 -0.267232 0.000000 0.000000 0.000000 1.000000
0.955234 -0.168229 -0.243365 -7.441125 0.186311 0.981054 0.053125 83.628426 0.229817 -0.096088 0.968479 -0.429731 0.000000 0.000000 0.000000 1.000000
0.950572 -0.183821 -0.250246 -7.194191 0.196124 0.980262 0.024926 85.186325 0.240725 -0.072773 0.967861 -0.644085 0.000000 0.000000 0.000000 1.000000
0.945868 -0.197627 -0.257444 -6.727527 0.202534 0.979246 -0.007592 86.534134 0.253601 -0.044960 0.966263 -0.890947 0.000000 0.000000 0.000000 1.000000
0.940872 -0.207381 -0.267867 -6.080007 0.203477 0.978154 -0.042576 87.347145 0.270845 -0.014446 0.962515 -1.183003 0.000000 0.000000 0.000000 1.000000
0.935374 -0.213099 -0.282250 -5.388489 0.199256 0.976900 -0.077227 87.622040 0.292187 0.015996 0.956227 -1.554950 0.000000 0.000000 0.000000 1.000000
0.930671 -0.214565 -0.296332 -4.811689 0.190751 0.975743 -0.107426 87.614609 0.312194 0.043453 0.949024 -2.019253 0.000000 0.000000 0.000000 1.000000
0.929175 -0.210810 -0.303633 -4.439582 0.179752 0.975456 -0.127177 87.475159 0.322991 0.063591 0.944263 -2.551322 0.000000 0.000000 0.000000 1.000000
0.932575 -0.201005 -0.299835 -4.259886 0.168129 0.976892 -0.131962 87.052452 0.319431 0.072654 0.944820 -3.109128 0.000000 0.000000 0.000000 1.000000
0.941140 -0.183341 -0.283974 -4.223268 0.154274 0.980499 -0.121744 86.092613 0.300757 0.070769 0.951072 -3.628871 0.000000 0.000000 0.000000 1.000000
0.953837 -0.154852 -0.257324 -4.316672 0.133066 0.986036 -0.100132 84.493690 0.269237 0.061269 0.961123 -4.022445 0.000000 0.000000 0.000000 1.000000
0.968056 -0.115939 -0.222321 -4.530039 0.102511 0.992191 -0.071054 82.376930 0.228822 0.045994 0.972381 -4.200363 0.000000 0.000000 0.000000 1.000000
0.980364 -0.073829 -0.182855 -4.765703 0.068282 0.997000 -0.036454 80.067612 0.184998 0.023252 0.982464 -4.094434 0.000000 0.000000 0.000000 1.000000
0.988801 -0.038532 -0.144179 -4.862775 0.039165 0.999232 0.001549 78.042030 0.144009 -0.007179 0.989550 -3.712524 0.000000 0.000000 0.000000 1.000000
0.993769 -0.015044 -0.110436 -4.747509 0.019228 0.999133 0.036919 76.744766 0.109784 -0.038812 0.993197 -3.168108 0.000000 0.000000 0.000000 1.000000
0.996513 -0.001383 -0.083423 -4.511880 0.006603 0.998033 0.062335 76.437759 0.083173 -0.062669 0.994563 -2.607061 0.000000 0.000000 0.000000 1.000000
0.997956 0.007621 -0.063456 -4.272759 -0.002790 0.997113 0.075881 77.141716 0.063851 -0.075548 0.995096 -2.102350 0.000000 0.000000 0.000000 1.000000
0.998649 0.015177 -0.049702 -4.069532 -0.011105 0.996636 0.081198 78.628098 0.050767 -0.080537 0.995458 -1.634799 0.000000 0.000000 0.000000 1.000000
0.998977 0.019848 -0.040623 -3.862473 -0.016486 0.996539 0.081481 80.510971 0.042099 -0.080728 0.995847 -1.160466 0.000000 0.000000 0.000000 1.000000
0.999218 0.019409 -0.034453 -3.603732 -0.016719 0.996913 0.076720 82.362251 0.035836 -0.076084 0.996457 -0.681170 0.000000 0.000000 0.000000 1.000000
0.999415 0.016021 -0.030211 -3.279287 -0.013998 0.997720 0.066023 83.836281 0.031200 -0.065561 0.997361 -0.245703 0.000000 0.000000 0.000000 1.000000
0.999477 0.014578 -0.028852 -2.901257 -0.013079 0.998587 0.051499 84.752975 0.029562 -0.051095 0.998256 0.101478 0.000000 0.000000 0.000000 1.000000
0.999438 0.016955 -0.028922 -2.482707 -0.015844 0.999144 0.038217 85.108307 0.029545 -0.037738 0.998851 0.349616 0.000000 0.000000 0.000000 1.000000
0.999350 0.020773 -0.029454 -2.029864 -0.019874 0.999337 0.030518 85.012581 0.030069 -0.029913 0.999100 0.491864 0.000000 0.000000 0.000000 1.000000
0.999263 0.023443 -0.030400 -1.551204 -0.022511 0.999277 0.030632 84.584221 0.031096 -0.029926 0.999068 0.503378 0.000000 0.000000 0.000000 1.000000
0.999166 0.025738 -0.031707 -1.150419 -0.024505 0.998952 0.038664 83.862518 0.032669 -0.037855 0.998749 0.446073 0.000000 0.000000 0.000000 1.000000
0.998952 0.031387 -0.033312 -0.833634 -0.029689 0.998293 0.050294 82.819778 0.034834 -0.049253 0.998179 0.352245 0.000000 0.000000 0.000000 1.000000
0.998459 0.042929 -0.035154 -0.526805 -0.040647 0.997171 0.063234 81.463356 0.037770 -0.061708 0.997379 0.231949 0.000000 0.000000 0.000000 1.000000
0.997630 0.057897 -0.037189 -0.241482 -0.054911 0.995532 0.076814 79.877563 0.041470 -0.074590 0.996352 0.089646 0.000000 0.000000 0.000000 1.000000
0.996728 0.070584 -0.039384 0.001477 -0.066804 0.993680 0.090206 78.162811 0.045502 -0.087280 0.995144 -0.069333 0.000000 0.000000 0.000000 1.000000</float_array><technique_common><accessor source="#swat_Hips-Matrix-animation-output-transform-array" count="136" stride="16"><param type="float4x4"/></accessor></technique_common></source><source id="swat_Hips-Interpolations"><Name_array id="swat_Hips-Interpolations-array" count="136">
 LINEAR LINEAR LINEAR LINEAR LINEAR LINEAR LINEAR LINEAR LINEAR LINEAR LINEAR
LINEAR LINEAR LINEAR LINEAR LINEAR LINEAR LINEAR LINEAR LINEAR LINEAR LINEAR LINEAR
LINEAR LINEAR LINEAR LINEAR LINEAR LINEAR LINEAR LINEAR LINEAR LINEAR LINEAR LINEAR
LINEAR LINEAR LINEAR LINEAR LINEAR LINEAR LINEAR LINEAR LINEAR LINEAR LINEAR LINEAR
LINEAR LINEAR LINEAR LINEAR LINEAR LINEAR LINEAR LINEAR LINEAR LINEAR LINEAR LINEAR
LINEAR LINEAR LINEAR LINEAR LINEAR LINEAR LINEAR LINEAR LINEAR LINEAR LINEAR LINEAR
LINEAR LINEAR LINEAR LINEAR LINEAR LINEAR LINEAR LINEAR LINEAR LINEAR LINEAR LINEAR
LINEAR LINEAR LINEAR LINEAR LINEAR LINEAR LINEAR LINEAR LINEAR LINEAR LINEAR LINEAR
LINEAR LINEAR LINEAR LINEAR LINEAR LINEAR LINEAR LINEAR LINEAR LINEAR LINEAR LINEAR
LINEAR LINEAR LINEAR LINEAR LINEAR LINEAR LINEAR LINEAR LINEAR LINEAR LINEAR LINEAR
LINEAR LINEAR LINEAR LINEAR LINEAR LINEAR LINEAR LINEAR LINEAR LINEAR LINEAR LINEAR
LINEAR LINEAR LINEAR LINEAR LINEAR</Name_array><technique_common><accessor source="#swat_Hips-Interpolations-array" count="136"><param type="name"/></accessor></technique_common></source><sampler id="swat_Hips-Matrix-animation-transform"><input semantic="INPUT" source="#swat_Hips-Matrix-animation-input"/><input semantic="OUTPUT" source="#swat_Hips-Matrix-animation-output-transform"/><input semantic="INTERPOLATION" source="#swat_Hips-Interpolations"/></sampler><channel source="#swat_Hips-Matrix-animation-transform" target="swat_Hips/matrix"/></animation>
    <animation id="swat_Spine-anim" name="swat_Spine"><source id="swat_Spine-Matrix-animation-input"><float_array id="swat_Spine-Matrix-animation-input-array" count="136">

0.000000 0.033333 0.066667 0.100000 0.133333 0.166667 0.200000 0.233333 0.266667 0.300000 0.333333 0.366667 0.400000 0.433333 0.466667 0.500000
0.533333 0.566667 0.600000 0.633333 0.666667 0.700000 0.733333 0.766667 0.800000 0.833333 0.866667 0.900000 0.933333 0.966667 1.000000 1.033333
1.066667 1.100000 1.133333 1.166667 1.200000 1.233333 1.266667 1.300000 1.333333 1.366667 1.400000 1.433333 1.466667 1.500000 1.533333 1.566667
1.600000 1.633333 1.666667 1.700000 1.733333 1.766667 1.800000 1.833333 1.866667 1.900000 1.933333 1.966667 2.000000 2.033333 2.066667 2.100000
2.133333 2.166667 2.200000 2.233333 2.266667 2.300000 2.333333 2.366667 2.400000 2.433333 2.466667 2.500000 2.533333 2.566667 2.600000 2.633333
2.666667 2.700000 2.733333 2.766667 2.800000 2.833333 2.866667 2.900000 2.933333 2.966667 3.000000 3.033333 3.066667 3.100000 3.133333 3.166667
3.200000 3.233333 3.266667 3.300000 3.333333 3.366667 3.400000 3.433333 3.466667 3.500000 3.533333 3.566667 3.600000 3.633333 3.666667 3.700000
3.733333 3.766667 3.800000 3.833333 3.866667 3.900000 3.933333 3.966667 4.000000 4.033333 4.066667 4.100000 4.133333 4.166667 4.200000 4.233333
4.266667 4.300000 4.333333 4.366667 4.400000 4.433333 4.466667 4.500000</float_array><technique_common><accessor source="#swat_Spine-Matrix-animation-input-array" count="136"><param name="TIME" type="float"/></accessor></technique_common></source><source id="swat_Spine-Matrix-animation-output-transform"><float_array id="swat_Spine-Matrix-animation-output-transform-array" count="2176">

0.993654 -0.109669 0.024996 -0.000000 0.112006 0.985123 -0.130332 9.226300 -0.010331 0.132304 0.991155 1.577100 0.000000 0.000000 0.000000 1.000000
0.993989 -0.105924 0.027672 0.000000 0.108868 0.983004 -0.147821 9.226300 -0.011543 0.149945 0.988627 1.577100 0.000000 0.000000 0.000000 1.000000
0.994978 -0.095804 0.028976 0.000000 0.099097 0.983597 -0.150722 9.226300 -0.014060 0.152837 0.988151 1.577100 0.000000 0.000000 0.000000 1.000000
0.996224 -0.081954 0.028650 0.000000 0.085280 0.985592 -0.146067 9.226300 -0.016266 0.147959 0.988860 1.577100 0.000000 0.000000 0.000000 1.000000
0.997496 -0.064239 0.029579 0.000000 0.067751 0.987944 -0.139200 9.226300 -0.020280 0.140855 0.989822 1.577100 0.000000 0.000000 0.000000 1.000000
0.998474 -0.045048 0.031951 0.000000 0.048807 0.990478 -0.128731 9.226300 -0.025848 0.130094 0.991165 1.577100 0.000000 0.000000 0.000000 1.000000
0.999000 -0.029537 0.033572 0.000000 0.033152 0.993068 -0.112773 9.226300 -0.030009 0.113774 0.993053 1.577100 0.000000 0.000000 0.000000 1.000000
0.999227 -0.020804 0.033344 0.000000 0.023847 0.995322 -0.093621 9.226300 -0.031241 0.094344 0.995049 1.577100 0.000000 0.000000 0.000000 1.000000
0.999311 -0.019128 0.031808 0.000000 0.021511 0.996850 -0.076338 9.226300 -0.030248 0.076969 0.996575 1.577100 0.000000 0.000000 0.000000 1.000000
0.999279 -0.023065 0.030159 0.000000 0.025023 0.997489 -0.066253 9.226300 -0.028555 0.066960 0.997347 1.577100 0.000000 0.000000 0.000000 1.000000
0.999114 -0.029895 0.029627 0.000000 0.031858 0.997166 -0.068156 9.226300 -0.027505 0.069039 0.997235 1.577100 0.000000 0.000000 0.000000 1.000000
0.998868 -0.036675 0.030297 0.000000 0.039115 0.995670 -0.084329 9.226300 -0.027073 0.085419 0.995977 1.577100 0.000000 0.000000 0.000000 1.000000
0.998614 -0.042640 0.030846 0.000000 0.045823 0.992747 -0.111143 9.226300 -0.025883 0.112402 0.993326 1.577100 0.000000 0.000000 0.000000 1.000000
0.998354 -0.048748 0.030219 0.000000 0.052522 0.988723 -0.140245 9.226300 -0.023041 0.141601 0.989656 1.577100 0.000000 0.000000 0.000000 1.000000
0.998101 -0.054887 0.027959 0.000000 0.058765 0.984524 -0.165105 9.226300 -0.018464 0.166435 0.985880 1.577100 0.000000 0.000000 0.000000 1.000000
0.997966 -0.059172 0.023711 0.000000 0.062524 0.981083 -0.183210 9.226300 -0.012421 0.184320 0.982788 1.577100 0.000000 0.000000 0.000000 1.000000
0.998075 -0.059208 0.018443 0.000000 0.061653 0.979420 -0.192184 9.226300 -0.006685 0.192951 0.981186 1.577100 0.000000 0.000000 0.000000 1.000000
0.998482 -0.053219 0.014198 0.000000 0.054951 0.980106 -0.190716 9.226300 -0.003766 0.191207 0.981543 1.577100 0.000000 0.000000 0.000000 1.000000
0.999078 -0.041136 0.012274 0.000000 0.042682 0.982446 -0.181597 9.226300 -0.004589 0.181953 0.983296 1.577100 0.000000 0.000000 0.000000 1.000000
0.999616 -0.024717 0.012496 0.000000 0.026461 0.985553 -0.167285 9.226300 -0.008181 0.167551 0.985829 1.577100 0.000000 0.000000 0.000000 1.000000
0.999882 -0.007763 0.013248 -0.000000 0.009619 0.989188 -0.146340 9.226300 -0.011968 0.146450 0.989146 1.577100 0.000000 0.000000 0.000000 1.000000
0.999902 0.005998 0.012669 0.000000 -0.004451 0.992909 -0.118793 9.226300 -0.013292 0.118725 0.992838 1.577100 0.000000 0.000000 0.000000 1.000000
0.999810 0.016272 0.010693 -0.000000 -0.015235 0.995748 -0.090850 9.226300 -0.012126 0.090670 0.995807 1.577100 0.000000 0.000000 0.000000 1.000000
0.999643 0.024901 0.009720 0.000000 -0.024165 0.997275 -0.069709 9.226300 -0.011429 0.069449 0.997520 1.577100 0.000000 0.000000 0.000000 1.000000
0.999439 0.031262 0.012014 0.000000 -0.030533 0.997924 -0.056701 9.226300 -0.013762 0.056303 0.998319 1.577100 0.000000 0.000000 0.000000 1.000000
0.999314 0.033044 0.016708 0.000000 -0.032168 0.998221 -0.050201 9.226300 -0.018337 0.049629 0.998599 1.577100 0.000000 0.000000 0.000000 1.000000
0.999277 0.031805 0.020837 -0.000000 -0.030672 0.998144 -0.052609 9.226300 -0.022472 0.051932 0.998398 1.577100 0.000000 0.000000 0.000000 1.000000
0.999204 0.032719 0.022843 0.000000 -0.031089 0.997175 -0.068379 9.226300 -0.025015 0.067614 0.997398 1.577100 0.000000 0.000000 0.000000 1.000000
0.999048 0.037216 0.022743 0.000000 -0.034897 0.994864 -0.095012 9.226300 -0.026162 0.094128 0.995216 1.577100 0.000000 0.000000 0.000000 1.000000
0.998999 0.040419 0.019159 0.000000 -0.037766 0.991699 -0.122914 9.226300 -0.023968 0.122067 0.992232 1.577100 0.000000 0.000000 0.000000 1.000000
0.999221 0.037878 0.011102 0.000000 -0.035843 0.988538 -0.146654 9.226300 -0.016530 0.146141 0.989126 1.577100 0.000000 0.000000 0.000000 1.000000
0.999481 0.032152 0.001822 0.000000 -0.031385 0.985180 -0.168630 9.226300 -0.007217 0.168485 0.985678 1.577100 0.000000 0.000000 0.000000 1.000000
0.999532 0.030190 -0.004918 -0.000000 -0.030576 0.981708 -0.187919 9.226300 -0.000845 0.187981 0.982172 1.577100 0.000000 0.000000 0.000000 1.000000
0.999293 0.036259 -0.009936 -0.000000 -0.037503 0.979950 -0.195684 9.226300 0.002642 0.195918 0.980617 1.577100 0.000000 0.000000 0.000000 1.000000
0.998656 0.049420 -0.015594 -0.000000 -0.051468 0.980959 -0.187273 9.226300 0.006042 0.187824 0.982184 1.577100 0.000000 0.000000 0.000000 1.000000
0.997490 0.067432 -0.021588 -0.000000 -0.070126 0.982981 -0.169794 9.226300 0.009771 0.170882 0.985243 1.577100 0.000000 0.000000 0.000000 1.000000
0.995569 0.090174 -0.026672 -0.000000 -0.093218 0.983714 -0.153681 9.226300 0.012380 0.155486 0.987760 1.577100 0.000000 0.000000 0.000000 1.000000
0.992544 0.117884 -0.030966 0.000000 -0.121125 0.982296 -0.142912 9.226300 0.013570 0.145597 0.989251 1.577100 0.000000 0.000000 0.000000 1.000000
0.988533 0.147067 -0.034251 0.000000 -0.150391 0.979256 -0.135796 9.226300 0.013570 0.139390 0.990145 1.577100 0.000000 0.000000 0.000000 1.000000
0.984323 0.172867 -0.034990 -0.000000 -0.176000 0.975605 -0.131219 9.226300 0.011453 0.135320 0.990736 1.577100 0.000000 0.000000 0.000000 1.000000
0.980223 0.195068 -0.033344 -0.000000 -0.197780 0.971435 -0.131137 9.226300 0.006811 0.135138 0.990803 1.577100 0.000000 0.000000 0.000000 1.000000
0.975743 0.216430 -0.032922 0.000000 -0.218913 0.965780 -0.139087 9.226300 0.001693 0.142920 0.989733 1.577100 0.000000 0.000000 0.000000 1.000000
0.970743 0.237340 -0.036443 0.000000 -0.240108 0.957784 -0.158108 9.226300 -0.002621 0.162232 0.986749 1.577100 0.000000 0.000000 0.000000 1.000000
0.965625 0.256704 -0.040884 0.000000 -0.259766 0.947242 -0.187762 9.226300 -0.009472 0.191928 0.981363 1.577100 0.000000 0.000000 0.000000 1.000000
0.960382 0.275872 -0.039510 0.000000 -0.277617 0.934628 -0.222261 9.226300 -0.024389 0.224424 0.974186 1.577100 0.000000 0.000000 0.000000 1.000000
0.954322 0.297296 -0.029739 0.000000 -0.294892 0.921222 -0.253749 9.226300 -0.048042 0.250928 0.966813 1.577100 0.000000 0.000000 0.000000 1.000000
0.947302 0.319885 -0.017090 0.000000 -0.311771 0.908390 -0.278615 9.226300 -0.073600 0.269261 0.960251 1.577100 0.000000 0.000000 0.000000 1.000000
0.940796 0.338850 -0.009138 0.000000 -0.325948 0.896917 -0.298827 9.226300 -0.093061 0.284114 0.954264 1.577100 0.000000 0.000000 0.000000 1.000000
0.936453 0.350695 -0.008264 0.000000 -0.335121 0.887408 -0.316546 9.226300 -0.103677 0.299200 0.948541 1.577100 0.000000 0.000000 0.000000 1.000000
0.934076 0.356899 -0.011177 0.000000 -0.340517 0.880908 -0.328710 9.226300 -0.107470 0.310846 0.944365 1.577100 0.000000 0.000000 0.000000 1.000000
0.932038 0.362119 -0.013230 0.000000 -0.346063 0.878698 -0.328833 9.226300 -0.107451 0.311063 0.944296 1.577100 0.000000 0.000000 0.000000 1.000000
0.929307 0.369081 -0.012922 -0.000000 -0.354181 0.880789 -0.314271 9.226300 -0.104610 0.296631 0.949245 1.577100 0.000000 0.000000 0.000000 1.000000
0.927105 0.374593 -0.012464 0.000000 -0.362025 0.886399 -0.288505 9.226300 -0.097024 0.271987 0.957397 1.577100 0.000000 0.000000 0.000000 1.000000
0.928187 0.371802 -0.015269 0.000000 -0.363019 0.895718 -0.256723 9.226300 -0.081773 0.243830 0.966364 1.577100 0.000000 0.000000 0.000000 1.000000
0.933696 0.357331 -0.022955 -0.000000 -0.353240 0.908723 -0.222359 9.226300 -0.058596 0.215724 0.974695 1.577100 0.000000 0.000000 0.000000 1.000000
0.941678 0.334924 -0.032693 0.000000 -0.334929 0.923378 -0.187603 9.226300 -0.032645 0.187612 0.981701 1.577100 0.000000 0.000000 0.000000 1.000000
0.949519 0.311196 -0.039640 0.000000 -0.313529 0.937076 -0.153586 9.226300 -0.010650 0.158261 0.987340 1.577100 0.000000 0.000000 0.000000 1.000000
0.956246 0.289402 -0.042888 0.000000 -0.292502 0.948704 -0.120013 9.226300 0.005956 0.127307 0.991845 1.577100 0.000000 0.000000 0.000000 1.000000
0.962362 0.267967 -0.045303 0.000000 -0.271042 0.958544 -0.087919 9.226300 0.019866 0.096889 0.995097 1.577100 0.000000 0.000000 0.000000 1.000000
0.968889 0.242693 -0.048514 0.000000 -0.245426 0.967442 -0.061820 9.226300 0.031931 0.071804 0.996908 1.577100 0.000000 0.000000 0.000000 1.000000
0.976206 0.210669 -0.051381 0.000000 -0.213040 0.975958 -0.046052 9.226300 0.040444 0.055902 0.997617 1.577100 0.000000 0.000000 0.000000 1.000000
0.983419 0.173657 -0.052261 0.000000 -0.175793 0.983636 -0.039471 9.226300 0.044551 0.048004 0.997853 1.577100 0.000000 0.000000 0.000000 1.000000
0.989202 0.137425 -0.050932 -0.000000 -0.139383 0.989543 -0.037111 9.226300 0.045299 0.043809 0.998012 1.577100 0.000000 0.000000 0.000000 1.000000
0.993125 0.106505 -0.048567 0.000000 -0.108363 0.993409 -0.037376 9.226300 0.044266 0.042382 0.998120 1.577100 0.000000 0.000000 0.000000 1.000000
0.995677 0.080094 -0.047036 0.000000 -0.082159 0.995658 -0.043753 9.226300 0.043327 0.047428 0.997935 1.577100 0.000000 0.000000 0.000000 1.000000
0.997312 0.055222 -0.048167 0.000000 -0.058004 0.996607 -0.058400 9.226300 0.044779 0.061037 0.997131 1.577100 0.000000 0.000000 0.000000 1.000000
0.998157 0.032793 -0.051065 0.000000 -0.036705 0.996304 -0.077656 9.226300 0.048330 0.079387 0.995672 1.577100 0.000000 0.000000 0.000000 1.000000
0.998523 0.015842 -0.051973 0.000000 -0.020734 0.995264 -0.094973 9.226300 0.050222 0.095910 0.994122 1.577100 0.000000 0.000000 0.000000 1.000000
0.998758 0.004451 -0.049632 0.000000 -0.009669 0.994383 -0.105395 9.226300 0.048884 0.105744 0.993191 1.577100 0.000000 0.000000 0.000000 1.000000
0.998903 -0.003559 -0.046693 0.000000 -0.001443 0.994293 -0.106670 9.226300 0.046806 0.106620 0.993198 1.577100 0.000000 0.000000 0.000000 1.000000
0.998984 -0.007951 -0.044349 -0.000000 0.003505 0.995038 -0.099431 9.226300 0.044919 0.099174 0.994056 1.577100 0.000000 0.000000 0.000000 1.000000
0.999151 -0.006761 -0.040642 0.000000 0.003194 0.996186 -0.087194 9.226300 0.041077 0.086990 0.995362 1.577100 0.000000 0.000000 0.000000 1.000000
0.999391 -0.002075 -0.034825 0.000000 -0.000476 0.997324 -0.073106 9.226300 0.034883 0.073078 0.996716 1.577100 0.000000 0.000000 0.000000 1.000000
0.999553 -0.000361 -0.029906 0.000000 -0.001317 0.998426 -0.056065 9.226300 0.029879 0.056079 0.997979 1.577100 0.000000 0.000000 0.000000 1.000000
0.999547 -0.004436 -0.029767 0.000000 0.003488 0.999488 -0.031801 9.226300 0.029893 0.031683 0.999051 1.577100 0.000000 0.000000 0.000000 1.000000
0.999332 -0.012063 -0.034491 -0.000000 0.012099 0.999926 0.000809 9.226300 0.034478 -0.001226 0.999405 1.577100 0.000000 0.000000 0.000000 1.000000
0.998990 -0.019687 -0.040384 0.000000 0.021088 0.999180 0.034567 9.226300 0.039671 -0.035383 0.998586 1.577100 0.000000 0.000000 0.000000 1.000000
0.998617 -0.026916 -0.045172 -0.000000 0.029458 0.997963 0.056583 9.226300 0.043557 -0.057835 0.997375 1.577100 0.000000 0.000000 0.000000 1.000000
0.998106 -0.036075 -0.049836 0.000000 0.038948 0.997561 0.057919 9.226300 0.047625 -0.059751 0.997077 1.577100 0.000000 0.000000 0.000000 1.000000
0.997438 -0.046785 -0.054110 0.000000 0.048945 0.998028 0.039311 9.226300 0.052164 -0.041859 0.997761 1.577100 0.000000 0.000000 0.000000 1.000000
0.997032 -0.054509 -0.054369 0.000000 0.055002 0.998457 0.007616 9.226300 0.053870 -0.010584 0.998492 1.577100 0.000000 0.000000 0.000000 1.000000
0.997160 -0.057715 -0.048380 0.000000 0.056360 0.997992 -0.028909 9.226300 0.049951 0.026101 0.998411 1.577100 0.000000 0.000000 0.000000 1.000000
0.997316 -0.061995 -0.038956 0.000000 0.059448 0.996213 -0.063441 9.226300 0.042741 0.060955 0.997225 1.577100 0.000000 0.000000 0.000000 1.000000
0.996904 -0.072571 -0.030261 -0.000000 0.069404 0.993047 -0.095084 9.226300 0.036951 0.092690 0.995009 1.577100 0.000000 0.000000 0.000000 1.000000
0.996001 -0.086243 -0.023307 0.000000 0.082607 0.988416 -0.127321 9.226300 0.034017 0.124887 0.991588 1.577100 0.000000 0.000000 0.000000 1.000000
0.995214 -0.096099 -0.017743 0.000000 0.092089 0.983007 -0.158795 9.226300 0.032702 0.156401 0.987152 1.577100 0.000000 0.000000 0.000000 1.000000
0.994499 -0.103274 -0.017472 0.000000 0.098404 0.978377 -0.181920 9.226300 0.035882 0.179200 0.983158 1.577100 0.000000 0.000000 0.000000 1.000000
0.992751 -0.116232 -0.030597 0.000000 0.108440 0.975962 -0.189048 9.226300 0.051835 0.184359 0.981491 1.577100 0.000000 0.000000 0.000000 1.000000
0.988884 -0.136099 -0.059871 -0.000000 0.123527 0.976128 -0.178648 9.226300 0.082755 0.169267 0.982090 1.577100 0.000000 0.000000 0.000000 1.000000
0.983239 -0.154438 -0.096907 -0.000000 0.138292 0.978090 -0.155613 9.226300 0.118816 0.139603 0.983053 1.577100 0.000000 0.000000 0.000000 1.000000
0.977713 -0.164990 -0.129827 -0.000000 0.148643 0.980713 -0.126917 9.226300 0.148263 0.104791 0.983380 1.577100 0.000000 0.000000 0.000000 1.000000
0.973731 -0.168828 -0.152791 -0.000000 0.154743 0.982892 -0.099887 9.226300 0.167041 0.073620 0.983198 1.577100 0.000000 0.000000 0.000000 1.000000
0.971549 -0.169719 -0.165188 -0.000000 0.158343 0.984150 -0.079853 9.226300 0.176123 0.051425 0.983024 1.577100 0.000000 0.000000 0.000000 1.000000
0.971394 -0.169915 -0.165900 0.000000 0.160443 0.984629 -0.069022 9.226300 0.175077 0.040430 0.983724 1.577100 0.000000 0.000000 0.000000 1.000000
