<?xml version="1.0" encoding="utf-8"?>
<COLLADA xmlns="http://www.collada.org/2005/11/COLLADASchema" version="1.4.1">
  <asset><contributor><author>Mixamo</author><authoring_tool>COLLADA Mixamo exporter</authoring_tool><comments></comments></contributor><created>2020-08-17T13:33:10Z</created><modified>2020-08-17T13:33:10Z</modified><revision></revision><title></title><unit meter="0.010000"/><up_axis>Y_UP</up_axis></asset>
  <library_animations>
    <animation id="mixamorig7_Hips-anim" name="mixamorig7_Hips"><source id="mixamorig7_Hips-Matrix-animation-input"><float_array id="mixamorig7_Hips-Matrix-animation-input-array" count="144">

0.000000 0.033333 0.066667 0.100000 0.133333 0.166667 0.200000 0.233333 0.266667 0.300000 0.333333 0.366667 0.400000 0.433333 0.466667 0.500000
0.533333 0.566667 0.600000 0.633333 0.666667 0.700000 0.733333 0.766667 0.800000 0.833333 0.866667 0.900000 0.933333 0.966667 1.000000 1.033333
1.066667 1.100000 1.133333 1.166667 1.200000 1.233333 1.266667 1.300000 1.333333 1.366667 1.400000 1.433333 1.466667 1.500000 1.533333 1.566667
1.600000 1.633333 1.666667 1.700000 1.733333 1.766667 1.800000 1.833333 1.866667 1.900000 1.933333 1.966667 2.000000 2.033333 2.066667 2.100000
2.133333 2.166667 2.200000 2.233333 2.266667 2.300000 2.333333 2.366667 2.400000 2.433333 2.466667 2.500000 2.533333 2.566667 2.600000 2.633333
2.666667 2.700000 2.733333 2.766667 2.800000 2.833333 2.866667 2.900000 2.933333 2.966667 3.000000 3.033333 3.066667 3.100000 3.133333 3.166667
3.200000 3.233333 3.266667 3.300000 3.333333 3.366667 3.400000 3.433333 3.466667 3.500000 3.533333 3.566667 3.600000 3.633333 3.666667 3.700000
3.733333 3.766667 3.800000 3.833333 3.866667 3.900000 3.933333 3.966667 4.000000 4.033333 4.066667 4.100000 4.133333 4.166667 4.200000 4.233333
4.266667 4.300000 4.333333 4.366667 4.400000 4.433333 4.466667 4.500000 4.533333 4.566667 4.600000 4.633333 4.666667 4.700000 4.733333 4.766667</float_array><technique_common><accessor source="#mixamorig7_Hips-Matrix-animation-input-array" count="144"><param name="TIME" type="float"/></accessor></technique_common></source><source id="mixamorig7_Hips-Matrix-animation-output-transform"><float_array id="mixamorig7_Hips-Matrix-animation-output-transform-array" count="2304">

0.992337 -0.117101 -0.039432 -0.162592 0.119679 0.990268 0.071041 94.276268 0.030729 -0.075216 0.996694 0.342393 0.000000 0.000000 0.000000 1.000000
0.995954 -0.086867 -0.023028 -1.143545 0.088335 0.993403 0.073120 94.246368 0.016525 -0.074859 0.997057 0.500539 0.000000 0.000000 0.000000 1.000000
0.998911 -0.045651 -0.009643 -2.514164 0.046263 0.995901 0.077728 94.097977 0.006055 -0.078090 0.996928 0.705602 0.000000 0.000000 0.000000 1.000000
0.999990 0.003944 0.002018 -4.194937 -0.004099 0.996485 0.083668 93.863205 -0.001681 -0.083675 0.996492 0.941147 0.000000 0.000000 0.000000 1.000000
0.998234 0.056909 0.017064 -5.992016 -0.058206 0.994343 0.088847 93.523636 -0.011912 -0.089684 0.995899 1.153155 0.000000 0.000000 0.000000 1.000000
0.993226 0.108042 0.042778 -7.664623 -0.111592 0.989504 0.091815 92.983688 -0.032410 -0.095967 0.994857 1.260797 0.000000 0.000000 0.000000 1.000000
0.985033 0.152344 0.080629 -9.052172 -0.159711 0.982626 0.094546 92.150848 -0.064825 -0.106009 0.992250 1.202582 0.000000 0.000000 0.000000 1.000000
0.975591 0.183987 0.119877 -10.107540 -0.196545 0.975070 0.103000 91.131195 -0.097938 -0.124047 0.987431 0.982717 0.000000 0.000000 0.000000 1.000000
0.969828 0.197650 0.142714 -10.851309 -0.215444 0.968826 0.122307 90.277420 -0.114091 -0.149364 0.982178 0.671598 0.000000 0.000000 0.000000 1.000000
0.971548 0.192138 0.138481 -11.280183 -0.212196 0.965862 0.148605 89.986511 -0.105201 -0.173762 0.979152 0.363811 0.000000 0.000000 0.000000 1.000000
0.978696 0.171746 0.112508 -11.309155 -0.189075 0.967518 0.167806 90.416222 -0.080034 -0.185504 0.979379 0.135775 0.000000 0.000000 0.000000 1.000000
0.986448 0.142970 0.080495 -10.821121 -0.154756 0.973731 0.167029 91.385544 -0.054500 -0.177223 0.982661 0.023136 0.000000 0.000000 0.000000 1.000000
0.992562 0.109249 0.053711 -9.798651 -0.116061 0.982356 0.146648 92.516838 -0.036743 -0.151791 0.987729 0.005965 0.000000 0.000000 0.000000 1.000000
0.997152 0.069104 0.030216 -8.406123 -0.072242 0.990215 0.119400 93.424919 -0.021669 -0.121242 0.992386 0.006909 0.000000 0.000000 0.000000 1.000000
0.999805 0.019742 0.000269 -6.929615 -0.019671 0.994834 0.099590 93.824829 0.001698 -0.099576 0.995029 -0.073746 0.000000 0.000000 0.000000 1.000000
0.998497 -0.036397 -0.040972 -5.619555 0.040109 0.994786 0.093768 93.611534 0.037346 -0.095270 0.994751 -0.286011 0.000000 0.000000 0.000000 1.000000
0.992441 -0.088077 -0.085458 -4.573617 0.096503 0.990290 0.100069 93.004341 0.075814 -0.107560 0.991304 -0.568552 0.000000 0.000000 0.000000 1.000000
0.985743 -0.121520 -0.116381 -3.764421 0.134685 0.984439 0.112873 92.497185 0.100853 -0.126938 0.986770 -0.775086 0.000000 0.000000 0.000000 1.000000
0.984065 -0.130608 -0.120659 -3.142391 0.145510 0.981518 0.124295 92.535049 0.102195 -0.139871 0.984882 -0.797112 0.000000 0.000000 0.000000 1.000000
0.987717 -0.120852 -0.099049 -2.695867 0.132793 0.983298 0.124462 93.171730 0.082353 -0.136087 0.987268 -0.675643 0.000000 0.000000 0.000000 1.000000
0.992228 -0.104959 -0.066841 -2.460972 0.111788 0.987812 0.108307 94.006767 0.054658 -0.114937 0.991868 -0.587140 0.000000 0.000000 0.000000 1.000000
0.994533 -0.094653 -0.044098 -2.492051 0.098064 0.991716 0.082968 94.457710 0.035879 -0.086839 0.995576 -0.708291 0.000000 0.000000 0.000000 1.000000
0.994626 -0.094544 -0.042186 -2.805041 0.097149 0.993166 0.064685 94.167580 0.035782 -0.068435 0.997014 -1.085990 0.000000 0.000000 0.000000 1.000000
0.993222 -0.101042 -0.057451 -3.355187 0.104863 0.992166 0.067902 93.267166 0.050140 -0.073466 0.996036 -1.627145 0.000000 0.000000 0.000000 1.000000
0.991591 -0.105088 -0.075525 -4.078679 0.112040 0.989188 0.094628 92.343193 0.064764 -0.102295 0.992644 -2.175580 0.000000 0.000000 0.000000 1.000000
0.991900 -0.097469 -0.081454 -4.958193 0.107457 0.985818 0.128905 92.066589 0.067734 -0.136613 0.988306 -2.581962 0.000000 0.000000 0.000000 1.000000
0.994945 -0.073649 -0.068266 -6.026421 0.082848 0.986170 0.143543 92.700432 0.056751 -0.148473 0.987287 -2.743580 0.000000 0.000000 0.000000 1.000000
0.998581 -0.035536 -0.039667 -7.312072 0.040083 0.991914 0.120420 93.873070 0.035067 -0.121839 0.991930 -2.653895 0.000000 0.000000 0.000000 1.000000
0.999925 0.010556 -0.006211 -8.786485 -0.010105 0.997593 0.068602 94.874680 0.006920 -0.068534 0.997625 -2.438289 0.000000 0.000000 0.000000 1.000000
0.998013 0.058531 0.023323 -10.344522 -0.059004 0.998055 0.020134 95.185379 -0.022099 -0.021470 0.999525 -2.296679 0.000000 0.000000 0.000000 1.000000
0.992963 0.107882 0.048851 -11.810173 -0.108228 0.994116 0.004477 94.714775 -0.048080 -0.009733 0.998796 -2.359236 0.000000 0.000000 0.000000 1.000000
0.984060 0.160792 0.075978 -13.017528 -0.163300 0.986179 0.027998 93.608749 -0.070426 -0.039959 0.996716 -2.604019 0.000000 0.000000 0.000000 1.000000
0.971080 0.214298 0.105263 -13.911671 -0.222665 0.971978 0.075360 92.147018 -0.086164 -0.096619 0.991585 -2.905075 0.000000 0.000000 0.000000 1.000000
0.957779 0.257863 0.127148 -14.577059 -0.273341 0.953807 0.124647 90.788361 -0.089133 -0.154139 0.984021 -3.132215 0.000000 0.000000 0.000000 1.000000
0.950289 0.282140 0.131711 -15.150956 -0.301184 0.940221 0.158975 90.036430 -0.078984 -0.190741 0.978458 -3.206645 0.000000 0.000000 0.000000 1.000000
0.949568 0.288679 0.122416 -15.700573 -0.306426 0.937135 0.166975 90.063583 -0.066518 -0.196066 0.978332 -3.108006 0.000000 0.000000 0.000000 1.000000
0.950176 0.288831 0.117226 -16.171484 -0.304000 0.941783 0.143626 90.538544 -0.068918 -0.172107 0.982665 -2.883968 0.000000 0.000000 0.000000 1.000000
0.946441 0.293646 0.134244 -16.434998 -0.307374 0.946716 0.096181 90.931458 -0.098848 -0.132292 0.986270 -2.651844 0.000000 0.000000 0.000000 1.000000
0.935874 0.305514 0.175500 -16.378933 -0.317682 0.947114 0.045319 90.942513 -0.152373 -0.098166 0.983436 -2.538568 0.000000 0.000000 0.000000 1.000000
0.921067 0.318062 0.224661 -15.968969 -0.330064 0.943805 0.017015 90.603806 -0.206625 -0.089824 0.974288 -2.605783 0.000000 0.000000 0.000000 1.000000
0.910570 0.322402 0.258688 -15.236856 -0.340537 0.939833 0.027365 90.077995 -0.234301 -0.113010 0.965573 -2.841144 0.000000 0.000000 0.000000 1.000000
0.912940 0.313065 0.261785 -14.239276 -0.341598 0.937198 0.070497 89.559135 -0.223274 -0.153785 0.962548 -3.191065 0.000000 0.000000 0.000000 1.000000
0.928065 0.290223 0.233380 -13.035063 -0.323909 0.938287 0.121245 89.331734 -0.183790 -0.188118 0.964797 -3.559428 0.000000 0.000000 0.000000 1.000000
0.947783 0.257570 0.188055 -11.700865 -0.287266 0.945610 0.152645 89.698433 -0.138510 -0.198696 0.970224 -3.815134 0.000000 0.000000 0.000000 1.000000
0.964963 0.218459 0.145335 -10.339785 -0.240126 0.958523 0.153534 90.728783 -0.105766 -0.183053 0.977397 -3.864779 0.000000 0.000000 0.000000 1.000000
0.978187 0.173269 0.114581 -9.044789 -0.187681 0.973592 0.129979 92.144447 -0.089034 -0.148648 0.984874 -3.721091 0.000000 0.000000 0.000000 1.000000
0.988671 0.120720 0.089202 -7.848236 -0.129083 0.987089 0.094834 93.512192 -0.076602 -0.105274 0.991488 -3.470840 0.000000 0.000000 0.000000 1.000000
0.996560 0.062386 0.054558 -6.729486 -0.065643 0.996032 0.060097 94.504807 -0.050592 -0.063472 0.996700 -3.193912 0.000000 0.000000 0.000000 1.000000
0.999988 0.004861 0.000885 -5.684599 -0.004889 0.999367 0.035247 94.969452 -0.000713 -0.035251 0.999378 -2.939399 0.000000 0.000000 0.000000 1.000000
0.996767 -0.043668 -0.067447 -4.768582 0.045591 0.998589 0.027239 94.843323 0.066163 -0.030226 0.997351 -2.740976 0.000000 0.000000 0.000000 1.000000
0.988181 -0.078405 -0.131725 -4.041047 0.084139 0.995709 0.038536 94.197975 0.128138 -0.049164 0.990537 -2.595743 0.000000 0.000000 0.000000 1.000000
0.980243 -0.101416 -0.169818 -3.499804 0.113629 0.991473 0.063790 93.343040 0.161900 -0.081826 0.983409 -2.432958 0.000000 0.000000 0.000000 1.000000
0.978169 -0.117961 -0.171085 -3.077647 0.134785 0.986754 0.090274 92.779778 0.158171 -0.111363 0.981112 -2.159240 0.000000 0.000000 0.000000 1.000000
0.981037 -0.130505 -0.143301 -2.720730 0.146003 0.983852 0.103533 92.880280 0.127475 -0.122492 0.984249 -1.762221 0.000000 0.000000 0.000000 1.000000
0.984687 -0.137517 -0.107145 -2.464671 0.147761 0.984510 0.094371 93.560555 0.092507 -0.108758 0.989755 -1.342759 0.000000 0.000000 0.000000 1.000000
0.986589 -0.139305 -0.085063 -2.418928 0.144931 0.987372 0.063972 94.308472 0.075078 -0.075442 0.994320 -1.025951 0.000000 0.000000 0.000000 1.000000
0.985371 -0.142755 -0.093090 -2.671586 0.145681 0.989006 0.025395 94.556305 0.088442 -0.038585 0.995334 -0.868990 0.000000 0.000000 0.000000 1.000000
0.978586 -0.155593 -0.134758 -3.227621 0.156816 0.987627 -0.001557 94.066971 0.133333 -0.019609 0.990877 -0.879388 0.000000 0.000000 0.000000 1.000000
0.965583 -0.173764 -0.193537 -4.055925 0.176766 0.984251 -0.001782 93.081345 0.190798 -0.032490 0.981091 -1.077108 0.000000 0.000000 0.000000 1.000000
0.955953 -0.178239 -0.233205 -5.180970 0.189614 0.981484 0.027113 92.161949 0.224055 -0.070138 0.972049 -1.468333 0.000000 0.000000 0.000000 1.000000
0.965057 -0.149126 -0.215466 -6.683721 0.168327 0.982980 0.073594 91.803986 0.200824 -0.107291 0.973734 -1.960591 0.000000 0.000000 0.000000 1.000000
0.988894 -0.082763 -0.123448 -8.582280 0.096617 0.989133 0.110819 92.029076 0.112935 -0.121516 0.986144 -2.371855 0.000000 0.000000 0.000000 1.000000
0.999749 0.004607 0.021932 -10.736787 -0.006993 0.993905 0.110017 92.393326 -0.021292 -0.110143 0.993688 -2.568244 0.000000 0.000000 0.000000 1.000000
0.980686 0.091929 0.172640 -12.883765 -0.105232 0.992014 0.069537 92.363213 -0.164869 -0.086361 0.982527 -2.582674 0.000000 0.000000 0.000000 1.000000
0.940593 0.172590 0.292401 -14.742899 -0.184460 0.982750 0.013302 91.724014 -0.285061 -0.066448 0.956203 -2.564153 0.000000 0.000000 0.000000 1.000000
0.894352 0.247340 0.372771 -16.172907 -0.253012 0.966848 -0.034496 90.488846 -0.368945 -0.063464 0.927282 -2.655593 0.000000 0.000000 0.000000 1.000000
0.855506 0.304975 0.418450 -17.164913 -0.310442 0.948889 -0.056882 88.828156 -0.414410 -0.081241 0.906457 -2.938469 0.000000 0.000000 0.000000 1.000000
0.841536 0.321596 0.434042 -17.681541 -0.336634 0.940596 -0.044240 87.180351 -0.422486 -0.108884 0.899806 -3.465664 0.000000 0.000000 0.000000 1.000000
0.863040 0.280756 0.419927 -17.592949 -0.307330 0.951592 -0.004589 86.192909 -0.400887 -0.125095 0.907546 -4.264935 0.000000 0.000000 0.000000 1.000000
0.907197 0.191407 0.374641 -16.824314 -0.218739 0.975278 0.031402 86.270943 -0.359369 -0.110437 0.926638 -5.247030 0.000000 0.000000 0.000000 1.000000
0.948300 0.084747 0.305851 -15.515634 -0.099331 0.994527 0.032409 87.157310 -0.301431 -0.061114 0.951528 -6.186143 0.000000 0.000000 0.000000 1.000000
0.973116 -0.012806 0.229957 -14.010436 0.014204 0.999889 -0.004426 88.040131 -0.229875 0.007573 0.973191 -6.874506 0.000000 0.000000 0.000000 1.000000
0.982336 -0.100011 0.158159 -12.665656 0.110160 0.992293 -0.056742 88.131821 -0.151266 0.073162 0.985782 -7.301798 0.000000 0.000000 0.000000 1.000000
0.977341 -0.189255 0.094805 -11.676765 0.198553 0.974901 -0.100725 87.072693 -0.073363 0.117266 0.990387 -7.678557 0.000000 0.000000 0.000000 1.000000
0.960360 -0.274860 0.046485 -11.060490 0.278543 0.952792 -0.120835 85.035049 -0.011078 0.128993 0.991584 -8.231681 0.000000 0.000000 0.000000 1.000000
0.944225 -0.328535 0.022432 -10.809874 0.328983 0.938135 -0.108037 82.614967 0.014449 0.109391 0.993894 -8.935906 0.000000 0.000000 0.000000 1.000000
0.944878 -0.326368 0.026264 -11.012608 0.327407 0.942584 -0.065875 80.548386 -0.003257 0.070843 0.997482 -9.503039 0.000000 0.000000 0.000000 1.000000
0.961353 -0.270454 0.051527 -11.768656 0.271579 0.962281 -0.016124 79.331505 -0.045223 0.029494 0.998541 -9.668714 0.000000 0.000000 0.000000 1.000000
0.979166 -0.184820 0.084117 -13.043338 0.184043 0.982772 0.016969 78.975723 -0.085804 -0.001134 0.996311 -9.435719 0.000000 0.000000 0.000000 1.000000
0.989375 -0.091682 0.112832 -14.632565 0.089242 0.995657 0.026505 79.086960 -0.114772 -0.016154 0.993260 -9.020895 0.000000 0.000000 0.000000 1.000000
0.990136 0.007759 0.139891 -16.248404 -0.010562 0.999758 0.019301 79.175476 -0.139708 -0.020588 0.989979 -8.605576 0.000000 0.000000 0.000000 1.000000
0.976588 0.123903 0.175850 -17.652498 -0.126081 0.992019 0.001221 78.891930 -0.174295 -0.023364 0.984416 -8.204911 0.000000 0.000000 0.000000 1.000000
0.941633 0.252575 0.222562 -18.726131 -0.253082 0.967076 -0.026730 78.045311 -0.221985 -0.031157 0.974552 -7.791820 0.000000 0.000000 0.000000 1.000000
0.891786 0.366688 0.265063 -19.451433 -0.364670 0.929287 -0.058667 76.612732 -0.267832 -0.044342 0.962445 -7.459240 0.000000 0.000000 0.000000 1.000000
0.854205 0.434967 0.284846 -19.850012 -0.431559 0.898693 -0.078152 74.768562 -0.289983 -0.056170 0.955382 -7.399406 0.000000 0.000000 0.000000 1.000000
0.852054 0.446141 0.273794 -19.908558 -0.443669 0.893084 -0.074550 72.879066 -0.277781 -0.057954 0.958895 -7.743104 0.000000 0.000000 0.000000 1.000000
0.880652 0.411783 0.234281 -19.560701 -0.410094 0.910181 -0.058251 71.319954 -0.237225 -0.044778 0.970422 -8.439745 0.000000 0.000000 0.000000 1.000000
0.919113 0.350594 0.179764 -18.746284 -0.347909 0.936334 -0.047311 70.292969 -0.184906 -0.019057 0.982571 -9.310424 0.000000 0.000000 0.000000 1.000000
0.954978 0.267484 0.128331 -17.548571 -0.263636 0.963505 -0.046408 69.766396 -0.136061 0.010486 0.990645 -10.185129 0.000000 0.000000 0.000000 1.000000
0.984703 0.150956 0.087015 -16.256134 -0.147153 0.987918 -0.048617 69.521675 -0.093302 0.035069 0.995020 -10.951205 0.000000 0.000000 0.000000 1.000000
0.998743 0.001151 0.050117 -15.198260 0.001354 0.998752 -0.049928 69.261429 -0.050112 0.049934 0.997495 -11.515113 0.000000 0.000000 0.000000 1.000000
0.989737 -0.142168 0.014438 -14.488912 0.142738 0.988358 -0.052667 68.872940 -0.006782 0.054188 0.998508 -11.789324 0.000000 0.000000 0.000000 1.000000
0.974172 -0.225549 -0.010764 -14.045238 0.224676 0.972958 -0.053597 68.558640 0.022562 0.049794 0.998505 -11.738205 0.000000 0.000000 0.000000 1.000000
0.972647 -0.231933 -0.012880 -13.792394 0.231223 0.971997 -0.041925 68.680099 0.022243 0.037800 0.999038 -11.413407 0.000000 0.000000 0.000000 1.000000
0.981560 -0.190893 0.010025 -13.743326 0.191032 0.981463 -0.015410 69.486427 -0.006897 0.017041 0.999831 -10.902847 0.000000 0.000000 0.000000 1.000000
0.988474 -0.145495 0.041832 -13.928829 0.144898 0.989301 0.016967 71.093910 -0.043853 -0.010710 0.998981 -10.249889 0.000000 0.000000 0.000000 1.000000
0.991741 -0.113878 0.059004 -14.302450 0.111265 0.992733 0.045846 73.554451 -0.063796 -0.038903 0.997204 -9.445589 0.000000 0.000000 0.000000 1.000000
0.994858 -0.086855 0.052090 -14.754887 0.083379 0.994360 0.065547 76.829659 -0.057490 -0.060867 0.996489 -8.485395 0.000000 0.000000 0.000000 1.000000
0.997981 -0.054447 0.032697 -15.218182 0.051892 0.995872 0.074478 80.682800 -0.036617 -0.072631 0.996686 -7.392091 0.000000 0.000000 0.000000 1.000000
0.999572 -0.020949 0.020408 -15.695904 0.019428 0.997212 0.072048 84.618767 -0.021860 -0.071620 0.997192 -6.199525 0.000000 0.000000 0.000000 1.000000
0.999668 0.004357 0.025398 -16.191925 -0.005783 0.998394 0.056352 88.032410 -0.025112 -0.056480 0.998088 -4.953361 0.000000 0.000000 0.000000 1.000000
0.998860 0.019485 0.043589 -16.661154 -0.020802 0.999334 0.029984 90.515060 -0.042975 -0.030857 0.998600 -3.752035 0.000000 0.000000 0.000000 1.000000
0.997486 0.028701 0.064796 -17.045750 -0.029063 0.999567 0.004650 92.014542 -0.064635 -0.006522 0.997888 -2.765528 0.000000 0.000000 0.000000 1.000000
0.996050 0.034714 0.081727 -17.331226 -0.034486 0.999396 -0.004199 92.738548 -0.081823 0.001364 0.996646 -2.161904 0.000000 0.000000 0.000000 1.000000
0.995074 0.036554 0.092151 -17.546371 -0.037709 0.999230 0.010827 92.984634 -0.091685 -0.014249 0.995686 -1.967640 0.000000 0.000000 0.000000 1.000000
0.994743 0.034000 0.096595 -17.717607 -0.038113 0.998430 0.041059 93.081108 -0.095047 -0.044525 0.994477 -2.000058 0.000000 0.000000 0.000000 1.000000
0.994885 0.030003 0.096451 -17.849051 -0.036488 0.997139 0.066198 93.329208 -0.094189 -0.069379 0.993134 -1.982695 0.000000 0.000000 0.000000 1.000000
0.995208 0.027988 0.093687 -17.948694 -0.034544 0.997011 0.069108 93.844650 -0.091472 -0.072014 0.993200 -1.767512 0.000000 0.000000 0.000000 1.000000
0.995430 0.029193 0.090922 -18.049170 -0.033681 0.998269 0.048223 94.415596 -0.089357 -0.051065 0.994690 -1.454196 0.000000 0.000000 0.000000 1.000000
0.995233 0.034331 0.091279 -18.180000 -0.036126 0.999183 0.018090 94.608803 -0.090583 -0.021301 0.995661 -1.286513 0.000000 0.000000 0.000000 1.000000
0.994245 0.045260 0.097098 -18.329845 -0.045464 0.998966 -0.000113 94.130180 -0.097002 -0.004302 0.995275 -1.427586 0.000000 0.000000 0.000000 1.000000
0.992330 0.061887 0.107006 -18.449766 -0.063143 0.997969 0.008393 93.121445 -0.106270 -0.015085 0.994223 -1.822280 0.000000 0.000000 0.000000 1.000000
0.990386 0.078050 0.114210 -18.495129 -0.083240 0.995669 0.041397 92.134605 -0.110484 -0.050506 0.992594 -2.244160 0.000000 0.000000 0.000000 1.000000
0.990271 0.084289 0.110718 -18.453318 -0.093272 0.992531 0.078624 91.772873 -0.103264 -0.088186 0.990737 -2.464857 0.000000 0.000000 0.000000 1.000000
0.992453 0.076373 0.095936 -18.334120 -0.085468 0.991842 0.094574 92.264786 -0.087931 -0.102060 0.990884 -2.408666 0.000000 0.000000 0.000000 1.000000
0.994980 0.060450 0.079754 -18.144985 -0.066694 0.994712 0.078101 93.287376 -0.074611 -0.083028 0.993750 -2.187791 0.000000 0.000000 0.000000 1.000000
0.996049 0.048998 0.074068 -17.890360 -0.052160 0.997782 0.041365 94.194458 -0.071877 -0.045065 0.996395 -2.006860 0.000000 0.000000 0.000000 1.000000
0.995302 0.052249 0.081505 -17.593155 -0.053128 0.998550 0.008652 94.463844 -0.080935 -0.012941 0.996635 -2.024154 0.000000 0.000000 0.000000 1.000000
0.992796 0.073476 0.094643 -17.289064 -0.073628 0.997284 -0.001886 93.983826 -0.094524 -0.005096 0.995510 -2.273970 0.000000 0.000000 0.000000 1.000000
0.988540 0.109103 0.104327 -16.984200 -0.111083 0.993722 0.013335 93.047661 -0.102217 -0.024771 0.994454 -2.675504 0.000000 0.000000 0.000000 1.000000
0.983188 0.149012 0.105533 -16.640991 -0.154395 0.986994 0.044771 92.169273 -0.097489 -0.060312 0.993407 -3.070783 0.000000 0.000000 0.000000 1.000000
0.979113 0.178536 0.097281 -16.225317 -0.186124 0.979626 0.075434 91.825653 -0.081832 -0.091965 0.992394 -3.275872 0.000000 0.000000 0.000000 1.000000
0.978919 0.187201 0.081689 -15.743717 -0.194245 0.976906 0.089014 92.211746 -0.063139 -0.103005 0.992675 -3.174743 0.000000 0.000000 0.000000 1.000000
0.982043 0.177511 0.063886 -15.219049 -0.182256 0.980133 0.078248 93.109024 -0.048727 -0.088487 0.994885 -2.820298 0.000000 0.000000 0.000000 1.000000
0.985425 0.162707 0.049640 -14.648078 -0.165128 0.985038 0.049319 94.013794 -0.040872 -0.056797 0.997549 -2.434585 0.000000 0.000000 0.000000 1.000000
0.987116 0.154650 0.041046 -14.010555 -0.155509 0.987659 0.018625 94.442993 -0.037659 -0.024768 0.998984 -2.268860 0.000000 0.000000 0.000000 1.000000
0.987161 0.155644 0.035899 -13.304995 -0.155879 0.987769 0.003814 94.201538 -0.034866 -0.009361 0.999348 -2.421108 0.000000 0.000000 0.000000 1.000000
0.986394 0.161365 0.031442 -12.547699 -0.161882 0.986702 0.014615 93.459000 -0.028665 -0.019506 0.999399 -2.765423 0.000000 0.000000 0.000000 1.000000
0.985649 0.166733 0.026374 -11.742933 -0.167827 0.984700 0.046913 92.645081 -0.018149 -0.050666 0.998551 -3.037442 0.000000 0.000000 0.000000 1.000000
0.985785 0.166938 0.018990 -10.874715 -0.167950 0.982224 0.083844 92.223747 -0.004655 -0.085841 0.996298 -3.000721 0.000000 0.000000 0.000000 1.000000
0.987533 0.157281 0.006470 -9.926514 -0.157076 0.981897 0.105856 92.450775 0.010296 -0.105552 0.994360 -2.585076 0.000000 0.000000 0.000000 1.000000
0.990569 0.136500 -0.011846 -8.893506 -0.134570 0.985520 0.103156 93.237297 0.025755 -0.100589 0.994595 -1.911710 0.000000 0.000000 0.000000 1.000000
0.993559 0.108726 -0.031919 -7.781418 -0.105855 0.991083 0.080928 94.226158 0.040433 -0.077028 0.996209 -1.194537 0.000000 0.000000 0.000000 1.000000
0.995683 0.079209 -0.048382 -6.604283 -0.076556 0.995579 0.054423 95.012489 0.052479 -0.050484 0.997345 -0.603546 0.000000 0.000000 0.000000 1.000000
0.996979 0.048309 -0.060818 -5.390888 -0.046028 0.998203 0.038361 95.307335 0.062562 -0.035446 0.997411 -0.201723 0.000000 0.000000 0.000000 1.000000
0.997146 0.012926 -0.074384 -4.184364 -0.010058 0.999196 0.038799 95.010529 0.074826 -0.037940 0.996475 0.026676 0.000000 0.000000 0.000000 1.000000
0.995331 -0.026672 -0.092763 -3.044472 0.031578 0.998157 0.051830 94.251083 0.091209 -0.054517 0.994338 0.123344 0.000000 0.000000 0.000000 1.000000
0.991682 -0.064001 -0.111668 -2.035519 0.071891 0.995084 0.068112 93.389236 0.106760 -0.075573 0.991409 0.137883 0.000000 0.000000 0.000000 1.000000
0.988233 -0.092664 -0.121690 -1.201819 0.102768 0.991519 0.079550 92.842957 0.113286 -0.091120 0.989375 0.122431 0.000000 0.000000 0.000000 1.000000
0.986782 -0.111986 -0.117131 -0.541575 0.122098 0.989039 0.083030 92.821289 0.106549 -0.096234 0.989640 0.116235 0.000000 0.000000 0.000000 1.000000
0.987100 -0.124668 -0.100456 -0.045320 0.132931 0.987872 0.080239 93.211304 0.089234 -0.092558 0.991701 0.134668 0.000000 0.000000 0.000000 1.000000
0.988218 -0.131218 -0.078781 0.235127 0.137156 0.987676 0.075390 93.716240 0.067917 -0.085307 0.994037 0.178030 0.000000 0.000000 0.000000 1.000000
0.989910 -0.129386 -0.057776 0.213938 0.133394 0.988449 0.071933 94.098305 0.047801 -0.078914 0.995735 0.246152 0.000000 0.000000 0.000000 1.000000
0.992330 -0.117139 -0.039483 -0.161492 0.119722 0.990260 0.071073 94.274696 0.030773 -0.075255 0.996689 0.342257 0.000000 0.000000 0.000000 1.000000</float_array><technique_common><accessor source="#mixamorig7_Hips-Matrix-animation-output-transform-array" count="144" stride="16"><param type="float4x4"/></accessor></technique_common></source><source id="mixamorig7_Hips-Interpolations"><Name_array id="mixamorig7_Hips-Interpolations-array" count="144">
 LINEAR LINEAR LINEAR LINEAR LINEAR LINEAR LINEAR LINEAR LINEAR LINEAR LINEAR
LINEAR LINEAR LINEAR LINEAR LINEAR LINEAR LINEAR LINEAR LINEAR LINEAR LINEAR LINEAR
LINEAR LINEAR LINEAR LINEAR LINEAR LINEAR LINEAR LINEAR LINEAR LINEAR LINEAR LINEAR
LINEAR LINEAR LINEAR LINEAR LINEAR LINEAR LINEAR LINEAR LINEAR LINEAR LINEAR LINEAR
LINEAR LINEAR LINEAR LINEAR LINEAR LINEAR LINEAR LINEAR LINEAR LINEAR LINEAR LINEAR
LINEAR LINEAR LINEAR LINEAR LINEAR LINEAR LINEAR LINEAR LINEAR LINEAR LINEAR LINEAR
LINEAR LINEAR LINEAR LINEAR LINEAR LINEAR LINEAR LINEAR LINEAR LINEAR LINEAR LINEAR
LINEAR LINEAR LINEAR LINEAR LINEAR LINEAR LINEAR LINEAR LINEAR LINEAR LINEAR LINEAR
LINEAR LINEAR LINEAR LINEAR LINEAR LINEAR LINEAR LINEAR LINEAR LINEAR LINEAR LINEAR
LINEAR LINEAR LINEAR LINEAR LINEAR LINEAR LINEAR LINEAR LINEAR LINEAR LINEAR LINEAR
LINEAR LINEAR LINEAR LINEAR LINEAR LINEAR LINEAR LINEAR LINEAR LINEAR LINEAR LINEAR
LINEAR LINEAR LINEAR LINEAR LINEAR LINEAR LINEAR LINEAR LINEAR LINEAR LINEAR LINEAR
LINEAR</Name_array><technique_common><accessor source="#mixamorig7_Hips-Interpolations-array" count="144"><param type="name"/></accessor></technique_common></source><sampler id="mixamorig7_Hips-Matrix-animation-transform"><input semantic="INPUT" source="#mixamorig7_Hips-Matrix-animation-input"/><input semantic="OUTPUT" source="#mixamorig7_Hips-Matrix-animation-output-transform"/><input semantic="INTERPOLATION" source="#mixamorig7_Hips-Interpolations"/></sampler><channel source="#mixamorig7_Hips-Matrix-animation-transform" target="mixamorig7_Hips/matrix"/></animation>
    <animation id="mixamorig7_Spine-anim" name="mixamorig7_Spine"><source id="mixamorig7_Spine-Matrix-animation-input"><float_array id="mixamorig7_Spine-Matrix-animation-input-array" count="144">

0.000000 0.033333 0.066667 0.100000 0.133333 0.166667 0.200000 0.233333 0.266667 0.300000 0.333333 0.366667 0.400000 0.433333 0.466667 0.500000
0.533333 0.566667 0.600000 0.633333 0.666667 0.700000 0.733333 0.766667 0.800000 0.833333 0.866667 0.900000 0.933333 0.966667 1.000000 1.033333
1.066667 1.100000 1.133333 1.166667 1.200000 1.233333 1.266667 1.300000 1.333333 1.366667 1.400000 1.433333 1.466667 1.500000 1.533333 1.566667
1.600000 1.633333 1.666667 1.700000 1.733333 1.766667 1.800000 1.833333 1.866667 1.900000 1.933333 1.966667 2.000000 2.033333 2.066667 2.100000
2.133333 2.166667 2.200000 2.233333 2.266667 2.300000 2.333333 2.366667 2.400000 2.433333 2.466667 2.500000 2.533333 2.566667 2.600000 2.633333
2.666667 2.700000 2.733333 2.766667 2.800000 2.833333 2.866667 2.900000 2.933333 2.966667 3.000000 3.033333 3.066667 3.100000 3.133333 3.166667
3.200000 3.233333 3.266667 3.300000 3.333333 3.366667 3.400000 3.433333 3.466667 3.500000 3.533333 3.566667 3.600000 3.633333 3.666667 3.700000
3.733333 3.766667 3.800000 3.833333 3.866667 3.900000 3.933333 3.966667 4.000000 4.033333 4.066667 4.100000 4.133333 4.166667 4.200000 4.233333
4.266667 4.300000 4.333333 4.366667 4.400000 4.433333 4.466667 4.500000 4.533333 4.566667 4.600000 4.633333 4.666667 4.700000 4.733333 4.766667</float_array><technique_common><accessor source="#mixamorig7_Spine-Matrix-animation-input-array" count="144"><param name="TIME" type="float"/></accessor></technique_common></source><source id="mixamorig7_Spine-Matrix-animation-output-transform"><float_array id="mixamorig7_Spine-Matrix-animation-output-transform-array" count="2304">

0.994592 -0.103858 0.000449 -0.000000 0.103824 0.994141 -0.030078 9.694400 0.002677 0.029962 0.999547 -1.109700 0.000000 0.000000 0.000000 1.000000
0.994482 -0.104838 -0.003755 0.000000 0.104724 0.994233 -0.023082 9.694400 0.006153 0.022562 0.999727 -1.109700 0.000000 0.000000 0.000000 1.000000
0.994871 -0.101045 -0.004593 -0.000000 0.100955 0.994749 -0.016795 9.694400 0.006266 0.016245 0.999848 -1.109700 0.000000 0.000000 0.000000 1.000000
0.995604 -0.093597 -0.003605 0.000000 0.093554 0.995557 -0.010657 9.694400 0.004586 0.010273 0.999937 -1.109700 0.000000 0.000000 0.000000 1.000000
0.996228 -0.086650 -0.004567 0.000000 0.086628 0.996229 -0.004905 9.694400 0.004975 0.004491 0.999978 -1.109700 0.000000 0.000000 0.000000 1.000000
0.996241 -0.085874 -0.011358 0.000000 0.085856 0.996305 -0.002094 9.694400 0.011495 0.001111 0.999933 -1.109700 0.000000 0.000000 0.000000 1.000000
0.995426 -0.092606 -0.023479 0.000000 0.092457 0.995689 -0.007392 9.694400 0.024062 0.005188 0.999697 -1.109700 0.000000 0.000000 0.000000 1.000000
0.994263 -0.101141 -0.034812 0.000000 0.100303 0.994642 -0.025046 9.694400 0.037159 0.021410 0.999080 -1.109700 0.000000 0.000000 0.000000 1.000000
0.994023 -0.102352 -0.037977 0.000000 0.100286 0.993556 -0.052808 9.694400 0.043137 0.048683 0.997882 -1.109700 0.000000 0.000000 0.000000 1.000000
0.995341 -0.091356 -0.030820 0.000000 0.088631 0.992807 -0.080494 9.694400 0.037952 0.077387 0.996279 -1.109700 0.000000 0.000000 0.000000 1.000000
0.997207 -0.072297 -0.018730 0.000000 0.070210 0.993007 -0.094913 9.694400 0.025461 0.093333 0.995309 -1.109700 0.000000 0.000000 0.000000 1.000000
0.998428 -0.055128 -0.010104 0.000000 0.054034 0.994679 -0.087718 9.694400 0.014886 0.087034 0.996094 -1.109700 0.000000 0.000000 0.000000 1.000000
0.998887 -0.046356 -0.008701 -0.000000 0.045734 0.997049 -0.061665 9.694400 0.011534 0.061198 0.998059 -1.109700 0.000000 0.000000 0.000000 1.000000
0.999032 -0.042754 -0.010332 0.000000 0.042424 0.998639 -0.030328 9.694400 0.011615 0.029860 0.999487 -1.109700 0.000000 0.000000 0.000000 1.000000
0.999373 -0.034618 -0.007367 0.000000 0.034544 0.999354 -0.009884 9.694400 0.007705 0.009624 0.999924 -1.109700 0.000000 0.000000 0.000000 1.000000
0.999864 -0.016181 0.003265 -0.000000 0.016212 0.999822 -0.009658 9.694400 -0.003108 0.009709 0.999948 -1.109700 0.000000 0.000000 0.000000 1.000000
0.999851 0.006210 0.016092 -0.000000 -0.005766 0.999605 -0.027498 9.694400 -0.016257 0.027402 0.999492 -1.109700 0.000000 0.000000 0.000000 1.000000
0.999610 0.017946 0.021378 0.000000 -0.016838 0.998561 -0.050915 9.694400 -0.022261 0.050535 0.998474 -1.109700 0.000000 0.000000 0.000000 1.000000
0.999877 0.007923 0.013532 0.000000 -0.007033 0.997888 -0.064577 9.694400 -0.014015 0.064474 0.997821 -1.109700 0.000000 0.000000 0.000000 1.000000
0.999740 -0.022442 -0.003965 0.000000 0.022165 0.997959 -0.059888 9.694400 0.005301 0.059785 0.998197 -1.109700 0.000000 0.000000 0.000000 1.000000
0.998027 -0.059159 -0.021010 0.000000 0.058303 0.997528 -0.039235 9.694400 0.023279 0.037933 0.999009 -1.109700 0.000000 0.000000 0.000000 1.000000
0.996023 -0.084350 -0.028689 -0.000000 0.083953 0.996360 -0.014761 9.694400 0.029830 0.012294 0.999479 -1.109700 0.000000 0.000000 0.000000 1.000000
0.995859 -0.087244 -0.025551 -0.000000 0.087167 0.996185 -0.004140 9.694400 0.025815 0.001896 0.999665 -1.109700 0.000000 0.000000 0.000000 1.000000
0.997443 -0.069410 -0.017001 -0.000000 0.069046 0.997390 -0.021102 9.694400 0.018421 0.019874 0.999633 -1.109700 0.000000 0.000000 0.000000 1.000000
0.999039 -0.042698 -0.009919 0.000000 0.041990 0.997124 -0.063097 9.694400 0.012585 0.062620 0.997958 -1.109700 0.000000 0.000000 0.000000 1.000000
0.999731 -0.021721 -0.008115 -0.000000 0.020719 0.993939 -0.107966 9.694400 0.010411 0.107769 0.994121 -1.109700 0.000000 0.000000 0.000000 1.000000
0.999816 -0.015151 -0.011767 0.000000 0.013534 0.991800 -0.127078 9.694400 0.013596 0.126896 0.991823 -1.109700 0.000000 0.000000 0.000000 1.000000
0.999594 -0.021055 -0.019199 0.000000 0.018902 0.994172 -0.106136 9.694400 0.021322 0.105730 0.994166 -1.109700 0.000000 0.000000 0.000000 1.000000
0.999130 -0.030741 -0.028188 0.000000 0.029095 0.997946 -0.057069 9.694400 0.029884 0.056200 0.997972 -1.109700 0.000000 0.000000 0.000000 1.000000
0.998582 -0.038496 -0.036757 0.000000 0.038090 0.999206 -0.011699 9.694400 0.037178 0.010282 0.999256 -1.109700 0.000000 0.000000 0.000000 1.000000
0.997829 -0.048563 -0.044494 0.000000 0.048579 0.998819 -0.000727 9.694400 0.044477 -0.001437 0.999009 -1.109700 0.000000 0.000000 0.000000 1.000000
0.996266 -0.068404 -0.052670 0.000000 0.066658 0.997189 -0.034230 9.694400 0.054863 0.030592 0.998025 -1.109700 0.000000 0.000000 0.000000 1.000000
0.993391 -0.096706 -0.061829 -0.000000 0.090428 0.991134 -0.097345 9.694400 0.070695 0.091110 0.993328 -1.109700 0.000000 0.000000 0.000000 1.000000
0.990337 -0.120023 -0.069475 -0.000000 0.107629 0.981110 -0.160743 9.694400 0.087455 0.151713 0.984548 -1.109700 0.000000 0.000000 0.000000 1.000000
0.989700 -0.123896 -0.071723 0.000000 0.107673 0.974389 -0.197415 9.694400 0.094345 0.187659 0.977693 -1.109700 0.000000 0.000000 0.000000 1.000000
0.991910 -0.107293 -0.067843 -0.000000 0.092259 0.976399 -0.195278 9.694400 0.087193 0.187439 0.978399 -1.109700 0.000000 0.000000 0.000000 1.000000
0.994428 -0.084881 -0.062515 0.000000 0.073980 0.984379 -0.159768 9.694400 0.075100 0.154253 0.985173 -1.109700 0.000000 0.000000 0.000000 1.000000
0.995250 -0.074787 -0.062327 -0.000000 0.067662 0.991681 -0.109501 9.694400 0.069998 0.104763 0.992031 -1.109700 0.000000 0.000000 0.000000 1.000000
0.994004 -0.084520 -0.069373 0.000000 0.079716 0.994404 -0.069319 9.694400 0.074844 0.063373 0.995180 -1.109700 0.000000 0.000000 0.000000 1.000000
0.991005 -0.107855 -0.079230 0.000000 0.103257 0.992842 -0.060017 9.694400 0.085136 0.051296 0.995048 -1.109700 0.000000 0.000000 0.000000 1.000000
0.987480 -0.132739 -0.085222 -0.000000 0.125344 0.988295 -0.086954 9.694400 0.095766 0.075183 0.992560 -1.109700 0.000000 0.000000 0.000000 1.000000
0.985128 -0.150002 -0.083800 -0.000000 0.137825 0.981087 -0.135913 9.694400 0.102602 0.122342 0.987170 -1.109700 0.000000 0.000000 0.000000 1.000000
0.984706 -0.156733 -0.076078 0.000000 0.140940 0.973334 -0.180988 9.694400 0.102416 0.167498 0.980538 -1.109700 0.000000 0.000000 0.000000 1.000000
0.985814 -0.154277 -0.066108 0.000000 0.138397 0.969995 -0.199888 9.694400 0.094963 0.187903 0.977586 -1.109700 0.000000 0.000000 0.000000 1.000000
0.987739 -0.144748 -0.058475 0.000000 0.131720 0.973777 -0.185493 9.694400 0.083791 0.175516 0.980904 -1.109700 0.000000 0.000000 0.000000 1.000000
0.990070 -0.129029 -0.055790 -0.000000 0.119732 0.981972 -0.146270 9.694400 0.073658 0.138138 0.987670 -1.109700 0.000000 0.000000 0.000000 1.000000
0.992598 -0.107535 -0.056438 0.000000 0.101660 0.989951 -0.098293 9.694400 0.066441 0.091828 0.993556 -1.109700 0.000000 0.000000 0.000000 1.000000
0.995112 -0.082172 -0.054778 0.000000 0.079048 0.995244 -0.056933 9.694400 0.059196 0.052324 0.996874 -1.109700 0.000000 0.000000 0.000000 1.000000
0.997360 -0.056444 -0.045683 0.000000 0.054949 0.997933 -0.033326 9.694400 0.047470 0.030728 0.998400 -1.109700 0.000000 0.000000 0.000000 1.000000
0.998972 -0.033603 -0.030440 -0.000000 0.032594 0.998923 -0.033035 9.694400 0.031517 0.032009 0.998991 -1.109700 0.000000 0.000000 0.000000 1.000000
0.999721 -0.016145 -0.017254 -0.000000 0.015206 0.998465 -0.053258 9.694400 0.018087 0.052980 0.998432 -1.109700 0.000000 0.000000 0.000000 1.000000
0.999885 -0.005656 -0.014041 0.000000 0.004493 0.996658 -0.081569 9.694400 0.014455 0.081496 0.996569 -1.109700 0.000000 0.000000 0.000000 1.000000
0.999772 -0.004537 -0.020870 0.000000 0.002403 0.994870 -0.101133 9.694400 0.021222 0.101060 0.994654 -1.109700 0.000000 0.000000 0.000000 1.000000
0.999417 -0.015162 -0.030585 0.000000 0.012034 0.994915 -0.099994 9.694400 0.031945 0.099568 0.994518 -1.109700 0.000000 0.000000 0.000000 1.000000
0.998704 -0.035756 -0.036230 0.000000 0.032881 0.996485 -0.077050 9.694400 0.038858 0.075759 0.996369 -1.109700 0.000000 0.000000 0.000000 1.000000
0.997780 -0.056414 -0.035393 0.000000 0.054926 0.997619 -0.041697 9.694400 0.037661 0.039661 0.998503 -1.109700 0.000000 0.000000 0.000000 1.000000
0.997757 -0.061202 -0.027110 0.000000 0.060953 0.998092 -0.009886 9.694400 0.027663 0.008211 0.999584 -1.109700 0.000000 0.000000 0.000000 1.000000
0.999216 -0.038570 -0.008968 -0.000000 0.038582 0.999255 0.001162 9.694400 0.008917 -0.001507 0.999959 -1.109700 0.000000 0.000000 0.000000 1.000000
0.999818 0.006456 0.017936 0.000000 -0.006094 0.999778 -0.020194 9.694400 -0.018063 0.020081 0.999635 -1.109700 0.000000 0.000000 0.000000 1.000000
0.997826 0.050697 0.042102 0.000000 -0.047657 0.996387 -0.070304 9.694400 -0.045514 0.068145 0.996637 -1.109700 0.000000 0.000000 0.000000 1.000000
0.996660 0.067634 0.045760 0.000000 -0.061376 0.990059 -0.126555 9.694400 -0.053865 0.123324 0.990904 -1.109700 0.000000 0.000000 0.000000 1.000000
0.998733 0.046668 0.018831 -0.000000 -0.042986 0.985690 -0.162992 9.694400 -0.026168 0.161976 0.986448 -1.109700 0.000000 0.000000 0.000000 1.000000
0.999493 -0.000511 -0.031829 -0.000000 -0.004904 0.985462 -0.169824 9.694400 0.031453 0.169894 0.984960 -1.109700 0.000000 0.000000 0.000000 1.000000
0.994717 -0.054180 -0.087193 0.000000 0.040153 0.987056 -0.155266 9.694400 0.094476 0.150944 0.984017 -1.109700 0.000000 0.000000 0.000000 1.000000
0.985610 -0.107205 -0.130693 0.000000 0.088983 0.986416 -0.138080 9.694400 0.143721 0.124463 0.981760 -1.109700 0.000000 0.000000 0.000000 1.000000
0.974449 -0.161805 -0.155785 0.000000 0.140560 0.980275 -0.138939 9.694400 0.175193 0.113492 0.977971 -1.109700 0.000000 0.000000 0.000000 1.000000
0.963658 -0.212201 -0.162281 -0.000000 0.184801 0.968198 -0.168644 9.694400 0.192906 0.132525 0.972226 -1.109700 0.000000 0.000000 0.000000 1.000000
0.958807 -0.239763 -0.152326 0.000000 0.203552 0.953957 -0.220300 9.694400 0.198132 0.180219 0.963465 -1.109700 0.000000 0.000000 0.000000 1.000000
0.964847 -0.228093 -0.130553 0.000000 0.186073 0.943682 -0.273571 9.694400 0.185600 0.239661 0.952951 -1.109700 0.000000 0.000000 0.000000 1.000000
0.978201 -0.179664 -0.104130 0.000000 0.140249 0.941397 -0.306759 9.694400 0.153142 0.285468 0.946074 -1.109700 0.000000 0.000000 0.000000 1.000000
0.990288 -0.114302 -0.079153 -0.000000 0.084841 0.947831 -0.307276 9.694400 0.110146 0.297576 0.948323 -1.109700 0.000000 0.000000 0.000000 1.000000
0.997269 -0.049238 -0.055050 0.000000 0.032019 0.959900 -0.278510 9.694400 0.066556 0.275986 0.958854 -1.109700 0.000000 0.000000 0.000000 1.000000
0.999573 0.014146 -0.025550 0.000000 -0.019899 0.970249 -0.241288 9.694400 0.021376 0.241694 0.970117 -1.109700 0.000000 0.000000 0.000000 1.000000
0.996593 0.081828 0.010321 -0.000000 -0.077449 0.971508 -0.223997 9.694400 -0.028356 0.222435 0.974535 -1.109700 0.000000 0.000000 0.000000 1.000000
0.988481 0.145421 0.041924 0.000000 -0.131049 0.960999 -0.243531 9.694400 -0.075704 0.235232 0.968987 -1.109700 0.000000 0.000000 0.000000 1.000000
0.981765 0.181673 0.055960 0.000000 -0.157898 0.943262 -0.292103 9.694400 -0.105852 0.277941 0.954748 -1.109700 0.000000 0.000000 0.000000 1.000000
0.983305 0.174632 0.051134 0.000000 -0.146526 0.926519 -0.346543 9.694400 -0.107895 0.333265 0.936639 -1.109700 0.000000 0.000000 0.000000 1.000000
0.990274 0.133032 0.040736 -0.000000 -0.107096 0.915768 -0.387169 9.694400 -0.088810 0.379041 0.921109 -1.109700 0.000000 0.000000 0.000000 1.000000
0.995685 0.083347 0.040804 0.000000 -0.059776 0.912364 -0.404993 9.694400 -0.070983 0.400806 0.913409 -1.109700 0.000000 0.000000 0.000000 1.000000
0.997542 0.043125 0.055222 0.000000 -0.017357 0.915673 -0.401549 9.694400 -0.067882 0.399604 0.914171 -1.109700 0.000000 0.000000 0.000000 1.000000
0.997312 0.002882 0.073212 -0.000000 0.025670 0.922146 -0.385989 9.694400 -0.068625 0.386831 0.919593 -1.109700 0.000000 0.000000 0.000000 1.000000
0.994910 -0.059989 0.080962 0.000000 0.085819 0.925536 -0.368806 9.694400 -0.052809 0.373877 0.925974 -1.109700 0.000000 0.000000 0.000000 1.000000
0.985863 -0.150018 0.074620 0.000000 0.166911 0.918221 -0.359180 9.694400 -0.014634 0.366557 0.930281 -1.109700 0.000000 0.000000 0.000000 1.000000
