<?xml version="1.0" encoding="utf-8"?>
<COLLADA xmlns="http://www.collada.org/2005/11/COLLADASchema" version="1.4.1">
  <asset><contributor><author>Mixamo</author><authoring_tool>COLLADA Mixamo exporter</authoring_tool><comments></comments></contributor><created>2020-08-17T13:38:10Z</created><modified>2020-08-17T13:38:10Z</modified><revision></revision><title></title><unit meter="0.010000"/><up_axis>Y_UP</up_axis></asset>
  <library_animations>
    <animation id="mixamorig7_Hips-anim" name="mixamorig7_Hips"><source id="mixamorig7_Hips-Matrix-animation-input"><float_array id="mixamorig7_Hips-Matrix-animation-input-array" count="264">

0.000000 0.033333 0.066667 0.100000 0.133333 0.166667 0.200000 0.233333 0.266667 0.300000 0.333333 0.366667 0.400000 0.433333 0.466667 0.500000
0.533333 0.566667 0.600000 0.633333 0.666667 0.700000 0.733333 0.766667 0.800000 0.833333 0.866667 0.900000 0.933333 0.966667 1.000000 1.033333
1.066667 1.100000 1.133333 1.166667 1.200000 1.233333 1.266667 1.300000 1.333333 1.366667 1.400000 1.433333 1.466667 1.500000 1.533333 1.566667
1.600000 1.633333 1.666667 1.700000 1.733333 1.766667 1.800000 1.833333 1.866667 1.900000 1.933333 1.966667 2.000000 2.033333 2.066667 2.100000
2.133333 2.166667 2.200000 2.233333 2.266667 2.300000 2.333333 2.366667 2.400000 2.433333 2.466667 2.500000 2.533333 2.566667 2.600000 2.633333
2.666667 2.700000 2.733333 2.766667 2.800000 2.833333 2.866667 2.900000 2.933333 2.966667 3.000000 3.033333 3.066667 3.100000 3.133333 3.166667
3.200000 3.233333 3.266667 3.300000 3.333333 3.366667 3.400000 3.433333 3.466667 3.500000 3.533333 3.566667 3.600000 3.633333 3.666667 3.700000
3.733333 3.766667 3.800000 3.833333 3.866667 3.900000 3.933333 3.966667 4.000000 4.033333 4.066667 4.100000 4.133333 4.166667 4.200000 4.233333
4.266667 4.300000 4.333333 4.366667 4.400000 4.433333 4.466667 4.500000 4.533333 4.566667 4.600000 4.633333 4.666667 4.700000 4.733333 4.766667
4.800000 4.833333 4.866667 4.900000 4.933333 4.966667 5.000000 5.033333 5.066667 5.100000 5.133333 5.166667 5.200000 5.233333 5.266667 5.300000
5.333333 5.366667 5.400000 5.433333 5.466667 5.500000 5.533333 5.566667 5.600000 5.633333 5.666667 5.700000 5.733333 5.766667 5.800000 5.833333
5.866667 5.900000 5.933333 5.966667 6.000000 6.033333 6.066667 6.100000 6.133333 6.166667 6.200000 6.233333 6.266667 6.300000 6.333333 6.366667
6.400000 6.433333 6.466667 6.500000 6.533333 6.566667 6.600000 6.633333 6.666667 6.700000 6.733333 6.766667 6.800000 6.833333 6.866667 6.900000
6.933333 6.966667 7.000000 7.033333 7.066667 7.100000 7.133333 7.166667 7.200000 7.233333 7.266667 7.300000 7.333333 7.366667 7.400000 7.433333
7.466667 7.500000 7.533333 7.566667 7.600000 7.633333 7.666667 7.700000 7.733333 7.766667 7.800000 7.833333 7.866667 7.900000 7.933333 7.966667
8.000000 8.033333 8.066667 8.100000 8.133333 8.166667 8.200000 8.233333 8.266667 8.300000 8.333333 8.366667 8.400000 8.433333 8.466667 8.500000
8.533333 8.566667 8.600000 8.633333 8.666667 8.700000 8.733333 8.766667</float_array><technique_common><accessor source="#mixamorig7_Hips-Matrix-animation-input-array" count="264"><param name="TIME" type="float"/></accessor></technique_common></source><source id="mixamorig7_Hips-Matrix-animation-output-transform"><float_array id="mixamorig7_Hips-Matrix-animation-output-transform-array" count="4224">

0.990556 0.085429 -0.107243 -1.420095 -0.079305 0.995035 0.060130 96.628273 0.111847 -0.051057 0.992413 0.405611 0.000000 0.000000 0.000000 1.000000
0.990622 0.085264 -0.106760 -1.418833 -0.079205 0.995065 0.059774 96.632118 0.111330 -0.050757 0.992486 0.425043 0.000000 0.000000 0.000000 1.000000
0.990688 0.085046 -0.106327 -1.417380 -0.079043 0.995097 0.059455 96.636551 0.110862 -0.050497 0.992552 0.446955 0.000000 0.000000 0.000000 1.000000
0.990749 0.084766 -0.105974 -1.415390 -0.078810 0.995131 0.059192 96.641716 0.110476 -0.050293 0.992606 0.471545 0.000000 0.000000 0.000000 1.000000
0.990805 0.084409 -0.105739 -1.412637 -0.078483 0.995167 0.059009 96.647728 0.110209 -0.050168 0.992642 0.498983 0.000000 0.000000 0.000000 1.000000
0.990853 0.083971 -0.105639 -1.409076 -0.078059 0.995206 0.058920 96.654617 0.110080 -0.050135 0.992657 0.528790 0.000000 0.000000 0.000000 1.000000
0.990893 0.083475 -0.105658 -1.405053 -0.077560 0.995246 0.058913 96.662201 0.110073 -0.050182 0.992656 0.559959 0.000000 0.000000 0.000000 1.000000
0.990922 0.082920 -0.105815 -1.400394 -0.076985 0.995285 0.058998 96.670609 0.110208 -0.050316 0.992634 0.593165 0.000000 0.000000 0.000000 1.000000
0.990933 0.082189 -0.106286 -1.394082 -0.076195 0.995329 0.059285 96.680908 0.110662 -0.050649 0.992567 0.632632 0.000000 0.000000 0.000000 1.000000
0.990909 0.081089 -0.107346 -1.383956 -0.074959 0.995382 0.059969 96.694397 0.111713 -0.051377 0.992411 0.682069 0.000000 0.000000 0.000000 1.000000
0.990842 0.079579 -0.109082 -1.368455 -0.073218 0.995441 0.061132 96.710663 0.113450 -0.052585 0.992151 0.737351 0.000000 0.000000 0.000000 1.000000
0.990738 0.077853 -0.111257 -1.348397 -0.071194 0.995494 0.062630 96.727180 0.115631 -0.054129 0.991816 0.789154 0.000000 0.000000 0.000000 1.000000
0.990615 0.076174 -0.113485 -1.326234 -0.069198 0.995535 0.064201 96.740845 0.117869 -0.055745 0.991463 0.832808 0.000000 0.000000 0.000000 1.000000
0.990508 0.074679 -0.115398 -1.304311 -0.067413 0.995564 0.065641 96.749931 0.119788 -0.057239 0.991148 0.870273 0.000000 0.000000 0.000000 1.000000
0.990452 0.073320 -0.116743 -1.284244 -0.065815 0.995587 0.066895 96.755539 0.121132 -0.058573 0.990907 0.905011 0.000000 0.000000 0.000000 1.000000
0.990463 0.071901 -0.117527 -1.266586 -0.064211 0.995619 0.067962 96.761642 0.121899 -0.059767 0.990741 0.939137 0.000000 0.000000 0.000000 1.000000
0.990525 0.070213 -0.118028 -1.250522 -0.062383 0.995680 0.068777 96.772141 0.122347 -0.060763 0.990626 0.974897 0.000000 0.000000 0.000000 1.000000
0.990606 0.068206 -0.118520 -1.235204 -0.060272 0.995774 0.069287 96.787331 0.122745 -0.061493 0.990531 1.015354 0.000000 0.000000 0.000000 1.000000
0.990700 0.066018 -0.118977 -1.221364 -0.058006 0.995888 0.069586 96.803688 0.123081 -0.062038 0.990456 1.061574 0.000000 0.000000 0.000000 1.000000
0.990824 0.063828 -0.119141 -1.211593 -0.055764 0.995999 0.069834 96.817757 0.123122 -0.062550 0.990418 1.110827 0.000000 0.000000 0.000000 1.000000
0.990989 0.061707 -0.118879 -1.208777 -0.053621 0.996101 0.070060 96.830093 0.122739 -0.063054 0.990434 1.159766 0.000000 0.000000 0.000000 1.000000
0.991175 0.059644 -0.118386 -1.213824 -0.051561 0.996199 0.070206 96.843971 0.122123 -0.063482 0.990483 1.209008 0.000000 0.000000 0.000000 1.000000
0.991331 0.057648 -0.118063 -1.224995 -0.049559 0.996291 0.070347 96.861664 0.121680 -0.063887 0.990511 1.262786 0.000000 0.000000 0.000000 1.000000
0.991417 0.055749 -0.118255 -1.239598 -0.047598 0.996364 0.070670 96.882881 0.121765 -0.064435 0.990465 1.324600 0.000000 0.000000 0.000000 1.000000
0.991419 0.053906 -0.119086 -1.256125 -0.045626 0.996418 0.071199 96.906891 0.122498 -0.065154 0.990328 1.394672 0.000000 0.000000 0.000000 1.000000
0.991358 0.052020 -0.120429 -1.275048 -0.043581 0.996475 0.071680 96.932953 0.123733 -0.065812 0.990131 1.470969 0.000000 0.000000 0.000000 1.000000
0.991264 0.050061 -0.122022 -1.298108 -0.041489 0.996556 0.071803 96.959366 0.125196 -0.066113 0.989927 1.551036 0.000000 0.000000 0.000000 1.000000
0.991168 0.048121 -0.123572 -1.326620 -0.039479 0.996662 0.071457 96.983017 0.126599 -0.065947 0.989759 1.632080 0.000000 0.000000 0.000000 1.000000
0.991093 0.046415 -0.124821 -1.361202 -0.037762 0.996774 0.070819 97.000420 0.127706 -0.065474 0.989649 1.710318 0.000000 0.000000 0.000000 1.000000
0.991047 0.045175 -0.125639 -1.402043 -0.036538 0.996862 0.070222 97.010056 0.128417 -0.065003 0.989588 1.782235 0.000000 0.000000 0.000000 1.000000
0.991013 0.044545 -0.126134 -1.448859 -0.035906 0.996903 0.069960 97.013496 0.128860 -0.064802 0.989543 1.846087 0.000000 0.000000 0.000000 1.000000
0.990956 0.044445 -0.126615 -1.499496 -0.035749 0.996896 0.070141 97.014153 0.129340 -0.064980 0.989469 1.901664 0.000000 0.000000 0.000000 1.000000
0.990850 0.044551 -0.127401 -1.549756 -0.035738 0.996861 0.070646 97.015488 0.130148 -0.065446 0.989332 1.950172 0.000000 0.000000 0.000000 1.000000
0.990692 0.044491 -0.128649 -1.595581 -0.035517 0.996828 0.071225 97.019615 0.131410 -0.065992 0.989129 1.994942 0.000000 0.000000 0.000000 1.000000
0.990484 0.044089 -0.130376 -1.636050 -0.034935 0.996816 0.071681 97.027649 0.133121 -0.066444 0.988870 2.040760 0.000000 0.000000 0.000000 1.000000
0.990229 0.043432 -0.132513 -1.672293 -0.034088 0.996823 0.071984 97.039322 0.135218 -0.066764 0.988564 2.091131 0.000000 0.000000 0.000000 1.000000
0.989938 0.042716 -0.134898 -1.704921 -0.033168 0.996835 0.072251 97.052910 0.137558 -0.067049 0.988222 2.145273 0.000000 0.000000 0.000000 1.000000
0.989638 0.042078 -0.137282 -1.733637 -0.032305 0.996834 0.072652 97.066063 0.139904 -0.067464 0.987864 2.198357 0.000000 0.000000 0.000000 1.000000
0.989359 0.041564 -0.139432 -1.758446 -0.031546 0.996811 0.073303 97.077660 0.142034 -0.068124 0.987515 2.244208 0.000000 0.000000 0.000000 1.000000
0.989109 0.041217 -0.141298 -1.780089 -0.030940 0.996765 0.074177 97.088509 0.143898 -0.068997 0.987184 2.278149 0.000000 0.000000 0.000000 1.000000
0.988866 0.041135 -0.143007 -1.798452 -0.030599 0.996706 0.075111 97.098938 0.145626 -0.069899 0.986867 2.298523 0.000000 0.000000 0.000000 1.000000
0.988613 0.041446 -0.144663 -1.811705 -0.030673 0.996642 0.075922 97.106255 0.147323 -0.070620 0.986564 2.306479 0.000000 0.000000 0.000000 1.000000
0.988362 0.042262 -0.146134 -1.817131 -0.031298 0.996576 0.076528 97.106285 0.148868 -0.071064 0.986300 2.303405 0.000000 0.000000 0.000000 1.000000
0.988149 0.043665 -0.147158 -1.814049 -0.032573 0.996502 0.076955 97.098686 0.150004 -0.071250 0.986115 2.287595 0.000000 0.000000 0.000000 1.000000
0.987974 0.045681 -0.147721 -1.804741 -0.034528 0.996417 0.077202 97.088203 0.150718 -0.071173 0.986011 2.254328 0.000000 0.000000 0.000000 1.000000
0.987773 0.048261 -0.148242 -1.791499 -0.037102 0.996329 0.077144 97.078148 0.151421 -0.070701 0.985938 2.200639 0.000000 0.000000 0.000000 1.000000
0.987482 0.051292 -0.149160 -1.772428 -0.040168 0.996248 0.076659 97.064522 0.152532 -0.069708 0.985837 2.128680 0.000000 0.000000 0.000000 1.000000
0.987142 0.054597 -0.150235 -1.743533 -0.043563 0.996172 0.075782 97.039124 0.153797 -0.068262 0.985742 2.043075 0.000000 0.000000 0.000000 1.000000
0.986916 0.057896 -0.150480 -1.705614 -0.047057 0.996101 0.074620 97.001205 0.154214 -0.066563 0.985793 1.947290 0.000000 0.000000 0.000000 1.000000
0.986954 0.060788 -0.149085 -1.665466 -0.050291 0.996049 0.073197 96.961830 0.152945 -0.064745 0.986111 1.844813 0.000000 0.000000 0.000000 1.000000
0.987218 0.062910 -0.146431 -1.628831 -0.052859 0.996035 0.071555 96.935265 0.150352 -0.062900 0.986629 1.740703 0.000000 0.000000 0.000000 1.000000
0.987498 0.064242 -0.143947 -1.592503 -0.054607 0.996057 0.069915 96.928062 0.147871 -0.061181 0.987112 1.641851 0.000000 0.000000 0.000000 1.000000
0.987603 0.065123 -0.142827 -1.547729 -0.055773 0.996089 0.068525 96.935318 0.146731 -0.059710 0.987373 1.555710 0.000000 0.000000 0.000000 1.000000
0.987528 0.065932 -0.142971 -1.490462 -0.056746 0.996110 0.067409 96.946945 0.146860 -0.058456 0.987429 1.488616 0.000000 0.000000 0.000000 1.000000
0.987436 0.066781 -0.143211 -1.425540 -0.057726 0.996116 0.066486 96.955017 0.147095 -0.057383 0.987456 1.441409 0.000000 0.000000 0.000000 1.000000
0.987496 0.067607 -0.142414 -1.361477 -0.058702 0.996103 0.065832 96.956360 0.146309 -0.056648 0.987616 1.405596 0.000000 0.000000 0.000000 1.000000
0.987746 0.068424 -0.140270 -1.304416 -0.059683 0.996059 0.065610 96.951622 0.144206 -0.056434 0.987937 1.367221 0.000000 0.000000 0.000000 1.000000
0.988107 0.069377 -0.137230 -1.256618 -0.060790 0.995979 0.065808 96.942360 0.141244 -0.056683 0.988351 1.317076 0.000000 0.000000 0.000000 1.000000
0.988463 0.070565 -0.134024 -1.216971 -0.062109 0.995868 0.066259 96.930077 0.138146 -0.057171 0.988760 1.256326 0.000000 0.000000 0.000000 1.000000
0.988731 0.071895 -0.131307 -1.181740 -0.063526 0.995738 0.066859 96.915970 0.135554 -0.057764 0.989085 1.192022 0.000000 0.000000 0.000000 1.000000
0.988870 0.073129 -0.129568 -1.147214 -0.064775 0.995610 0.067563 96.902084 0.133940 -0.058418 0.989266 1.129422 0.000000 0.000000 0.000000 1.000000
0.988868 0.074057 -0.129059 -1.112925 -0.065651 0.995508 0.068217 96.890831 0.133532 -0.058984 0.989288 1.070044 0.000000 0.000000 0.000000 1.000000
0.988743 0.074684 -0.129655 -1.081107 -0.066198 0.995447 0.068576 96.884140 0.134186 -0.059221 0.989185 1.014600 0.000000 0.000000 0.000000 1.000000
0.988547 0.075238 -0.130822 -1.052507 -0.066691 0.995417 0.068535 96.880859 0.135379 -0.059026 0.989034 0.964809 0.000000 0.000000 0.000000 1.000000
0.988349 0.075927 -0.131916 -1.025133 -0.067359 0.995392 0.068246 96.879234 0.136490 -0.058565 0.988909 0.920946 0.000000 0.000000 0.000000 1.000000
0.988197 0.076720 -0.132595 -0.996627 -0.068151 0.995355 0.068004 96.877892 0.137196 -0.058165 0.988835 0.879146 0.000000 0.000000 0.000000 1.000000
0.988098 0.077433 -0.132917 -0.967111 -0.068846 0.995304 0.068040 96.875839 0.137562 -0.058080 0.988789 0.832963 0.000000 0.000000 0.000000 1.000000
0.988035 0.077999 -0.133054 -0.938626 -0.069365 0.995248 0.068340 96.871841 0.137752 -0.058293 0.988750 0.778768 0.000000 0.000000 0.000000 1.000000
0.987990 0.078548 -0.133062 -0.912736 -0.069872 0.995189 0.068672 96.865364 0.137816 -0.058550 0.988726 0.719005 0.000000 0.000000 0.000000 1.000000
0.987952 0.079211 -0.132953 -0.888679 -0.070521 0.995132 0.068848 96.858055 0.137759 -0.058642 0.988728 0.659860 0.000000 0.000000 0.000000 1.000000
0.987910 0.079912 -0.132849 -0.863946 -0.071221 0.995075 0.068942 96.853317 0.137704 -0.058647 0.988736 0.606846 0.000000 0.000000 0.000000 1.000000
0.987856 0.080424 -0.132939 -0.836590 -0.071700 0.995025 0.069169 96.853706 0.137841 -0.058797 0.988708 0.563008 0.000000 0.000000 0.000000 1.000000
0.987791 0.080591 -0.133318 -0.807255 -0.071788 0.994990 0.069576 96.858681 0.138257 -0.059156 0.988628 0.529481 0.000000 0.000000 0.000000 1.000000
0.987727 0.080488 -0.133851 -0.778607 -0.071597 0.994976 0.069970 96.865456 0.138810 -0.059528 0.988528 0.505915 0.000000 0.000000 0.000000 1.000000
0.987688 0.080360 -0.134221 -0.753280 -0.071419 0.994976 0.070157 96.871399 0.139185 -0.059707 0.988465 0.491088 0.000000 0.000000 0.000000 1.000000
0.987697 0.080387 -0.134138 -0.732012 -0.071451 0.994973 0.070162 96.875290 0.139104 -0.059715 0.988476 0.483838 0.000000 0.000000 0.000000 1.000000
0.987758 0.080560 -0.133581 -0.713649 -0.071651 0.994955 0.070216 96.876747 0.138564 -0.059785 0.988547 0.482501 0.000000 0.000000 0.000000 1.000000
0.987838 0.080773 -0.132859 -0.696740 -0.071858 0.994914 0.070584 96.875671 0.137884 -0.060179 0.988618 0.483067 0.000000 0.000000 0.000000 1.000000
0.987884 0.080997 -0.132383 -0.681137 -0.072003 0.994847 0.071382 96.871902 0.137483 -0.060985 0.988625 0.479759 0.000000 0.000000 0.000000 1.000000
0.987865 0.081276 -0.132352 -0.668405 -0.072137 0.994760 0.072451 96.866913 0.137547 -0.062024 0.988551 0.468648 0.000000 0.000000 0.000000 1.000000
0.987802 0.081613 -0.132613 -0.660014 -0.072324 0.994675 0.073416 96.861839 0.137898 -0.062930 0.988445 0.450580 0.000000 0.000000 0.000000 1.000000
0.987746 0.081930 -0.132833 -0.656056 -0.072562 0.994622 0.073903 96.857117 0.138174 -0.063359 0.988379 0.429847 0.000000 0.000000 0.000000 1.000000
0.987728 0.082136 -0.132845 -0.655781 -0.072787 0.994615 0.073771 96.852638 0.138189 -0.063196 0.988388 0.410709 0.000000 0.000000 0.000000 1.000000
0.987727 0.082183 -0.132818 -0.658399 -0.072917 0.994649 0.073192 96.848763 0.138122 -0.062609 0.988434 0.395337 0.000000 0.000000 0.000000 1.000000
0.987707 0.082083 -0.133033 -0.663289 -0.072895 0.994699 0.072533 96.846924 0.138281 -0.061944 0.988454 0.383877 0.000000 0.000000 0.000000 1.000000
0.987660 0.081921 -0.133483 -0.669214 -0.072766 0.994741 0.072079 96.848045 0.138686 -0.061477 0.988426 0.374925 0.000000 0.000000 0.000000 1.000000
0.987624 0.081845 -0.133789 -0.674719 -0.072705 0.994763 0.071835 96.850830 0.138968 -0.061219 0.988403 0.365987 0.000000 0.000000 0.000000 1.000000
0.987640 0.081996 -0.133580 -0.678770 -0.072904 0.994766 0.071591 96.851730 0.138751 -0.060967 0.988449 0.354834 0.000000 0.000000 0.000000 1.000000
0.987701 0.082384 -0.132890 -0.681418 -0.073394 0.994758 0.071197 96.847382 0.138059 -0.060568 0.988570 0.341460 0.000000 0.000000 0.000000 1.000000
0.987769 0.082844 -0.132095 -0.683663 -0.073971 0.994749 0.070732 96.837662 0.137261 -0.060096 0.988710 0.328271 0.000000 0.000000 0.000000 1.000000
0.987819 0.083157 -0.131522 -0.686491 -0.074367 0.994743 0.070391 96.825729 0.136684 -0.059753 0.988811 0.317973 0.000000 0.000000 0.000000 1.000000
0.987849 0.083232 -0.131255 -0.690525 -0.074477 0.994744 0.070263 96.815590 0.136413 -0.059633 0.988856 0.311422 0.000000 0.000000 0.000000 1.000000
0.987857 0.083142 -0.131248 -0.695722 -0.074388 0.994751 0.070256 96.809433 0.136401 -0.059639 0.988857 0.307709 0.000000 0.000000 0.000000 1.000000
0.987846 0.082968 -0.131441 -0.701661 -0.074206 0.994768 0.070218 96.807091 0.136579 -0.059611 0.988834 0.306338 0.000000 0.000000 0.000000 1.000000
0.987834 0.082641 -0.131736 -0.707855 -0.073886 0.994805 0.070024 96.808067 0.136838 -0.059438 0.988809 0.308849 0.000000 0.000000 0.000000 1.000000
0.987845 0.082007 -0.132047 -0.714531 -0.073296 0.994883 0.069537 96.812881 0.137073 -0.059013 0.988801 0.317774 0.000000 0.000000 0.000000 1.000000
0.987876 0.081035 -0.132420 -0.722250 -0.072423 0.995011 0.068611 96.821777 0.137319 -0.058189 0.988816 0.333549 0.000000 0.000000 0.000000 1.000000
0.987889 0.079945 -0.132983 -0.731040 -0.071474 0.995169 0.067309 96.833199 0.137722 -0.056989 0.988830 0.353219 0.000000 0.000000 0.000000 1.000000
0.987863 0.079048 -0.133708 -0.739882 -0.070701 0.995307 0.066073 96.844330 0.138304 -0.055818 0.988816 0.373005 0.000000 0.000000 0.000000 1.000000
0.987830 0.078469 -0.134293 -0.747499 -0.070172 0.995386 0.065447 96.852699 0.138809 -0.055227 0.988778 0.391405 0.000000 0.000000 0.000000 1.000000
0.987853 0.078060 -0.134362 -0.754070 -0.069739 0.995408 0.065564 96.857018 0.138863 -0.055397 0.988761 0.408698 0.000000 0.000000 0.000000 1.000000
0.987967 0.077617 -0.133776 -0.761196 -0.069256 0.995409 0.066065 96.856735 0.138289 -0.056005 0.988807 0.424401 0.000000 0.000000 0.000000 1.000000
0.988142 0.077109 -0.132777 -0.769960 -0.068739 0.995415 0.066519 96.852631 0.137297 -0.056604 0.988911 0.437697 0.000000 0.000000 0.000000 1.000000
0.988301 0.076615 -0.131873 -0.779340 -0.068259 0.995431 0.066761 96.847488 0.136385 -0.056978 0.989016 0.450305 0.000000 0.000000 0.000000 1.000000
0.988388 0.076082 -0.131533 -0.786179 -0.067730 0.995462 0.066849 96.844597 0.136022 -0.057164 0.989055 0.466288 0.000000 0.000000 0.000000 1.000000
0.988402 0.075295 -0.131880 -0.787689 -0.066910 0.995513 0.066908 96.845657 0.136326 -0.057308 0.989005 0.487368 0.000000 0.000000 0.000000 1.000000
0.988388 0.074139 -0.132639 -0.784283 -0.065683 0.995586 0.067032 96.850433 0.137024 -0.057541 0.988895 0.510352 0.000000 0.000000 0.000000 1.000000
0.988383 0.072784 -0.133419 -0.780190 -0.064243 0.995666 0.067249 96.856255 0.137736 -0.057896 0.988775 0.531013 0.000000 0.000000 0.000000 1.000000
0.988394 0.071525 -0.134022 -0.780397 -0.062900 0.995733 0.067524 96.861176 0.138280 -0.058310 0.988675 0.549329 0.000000 0.000000 0.000000 1.000000
0.988407 0.070469 -0.134480 -0.786967 -0.061767 0.995784 0.067818 96.864723 0.138692 -0.058725 0.988593 0.569456 0.000000 0.000000 0.000000 1.000000
0.988417 0.069514 -0.134903 -0.799160 -0.060739 0.995827 0.068115 96.868477 0.139075 -0.059132 0.988515 0.595341 0.000000 0.000000 0.000000 1.000000
0.988421 0.068553 -0.135370 -0.816448 -0.059705 0.995872 0.068375 96.872963 0.139498 -0.059501 0.988433 0.627615 0.000000 0.000000 0.000000 1.000000
0.988408 0.067573 -0.135951 -0.839647 -0.058658 0.995922 0.068544 96.878357 0.140029 -0.059775 0.988342 0.664063 0.000000 0.000000 0.000000 1.000000
0.988371 0.066599 -0.136704 -0.868312 -0.057612 0.995974 0.068677 96.883774 0.140728 -0.060003 0.988228 0.701514 0.000000 0.000000 0.000000 1.000000
0.988316 0.065624 -0.137566 -0.899740 -0.056537 0.996016 0.068956 96.888367 0.141543 -0.060373 0.988089 0.736750 0.000000 0.000000 0.000000 1.000000
0.988281 0.064621 -0.138293 -0.931414 -0.055406 0.996043 0.069486 96.891823 0.142236 -0.061010 0.987951 0.767239 0.000000 0.000000 0.000000 1.000000
0.988306 0.063593 -0.138592 -0.963619 -0.054261 0.996063 0.070107 96.894806 0.142504 -0.061767 0.987865 0.792754 0.000000 0.000000 0.000000 1.000000
0.988404 0.062569 -0.138354 -0.998151 -0.053187 0.996092 0.070506 96.897903 0.142225 -0.062329 0.987870 0.816195 0.000000 0.000000 0.000000 1.000000
0.988549 0.061574 -0.137770 -1.035037 -0.052220 0.996143 0.070514 96.902252 0.141580 -0.062512 0.987951 0.840975 0.000000 0.000000 0.000000 1.000000
0.988689 0.060571 -0.137208 -1.071024 -0.051283 0.996210 0.070250 96.907089 0.140943 -0.062419 0.988048 0.867490 0.000000 0.000000 0.000000 1.000000
0.988785 0.059460 -0.137000 -1.101800 -0.050217 0.996285 0.069965 96.911430 0.140651 -0.062300 0.988097 0.892938 0.000000 0.000000 0.000000 1.000000
0.988820 0.058186 -0.137290 -1.125856 -0.048937 0.996359 0.069813 96.914948 0.140852 -0.062314 0.988068 0.914726 0.000000 0.000000 0.000000 1.000000
0.988794 0.056877 -0.138030 -1.145608 -0.047575 0.996427 0.069783 96.917938 0.141506 -0.062434 0.987967 0.933626 0.000000 0.000000 0.000000 1.000000
0.988704 0.055791 -0.139109 -1.165174 -0.046412 0.996482 0.069778 96.920876 0.142513 -0.062533 0.987816 0.953207 0.000000 0.000000 0.000000 1.000000
0.988552 0.055084 -0.140464 -1.186583 -0.045623 0.996523 0.069710 96.924278 0.143816 -0.062504 0.987629 0.976844 0.000000 0.000000 0.000000 1.000000
0.988342 0.054663 -0.142100 -1.208294 -0.045120 0.996558 0.069537 96.929169 0.145413 -0.062315 0.987407 1.005368 0.000000 0.000000 0.000000 1.000000
0.988088 0.054300 -0.143988 -1.227881 -0.044674 0.996597 0.069270 96.936005 0.147260 -0.062012 0.987152 1.037309 0.000000 0.000000 0.000000 1.000000
0.987824 0.053846 -0.145963 -1.244071 -0.044136 0.996642 0.068966 96.944023 0.149186 -0.061685 0.986883 1.070541 0.000000 0.000000 0.000000 1.000000
0.987589 0.053282 -0.147745 -1.257380 -0.043497 0.996689 0.068691 96.951347 0.150916 -0.061412 0.986637 1.103369 0.000000 0.000000 0.000000 1.000000
0.987423 0.052701 -0.149061 -1.269261 -0.042862 0.996732 0.068473 96.956932 0.152182 -0.061222 0.986454 1.134374 0.000000 0.000000 0.000000 1.000000
0.987339 0.052323 -0.149744 -1.281213 -0.042462 0.996760 0.068315 96.960785 0.152834 -0.061091 0.986362 1.161843 0.000000 0.000000 0.000000 1.000000
0.987325 0.052468 -0.149788 -1.293875 -0.042614 0.996757 0.068255 96.962631 0.152883 -0.061007 0.986359 1.183031 0.000000 0.000000 0.000000 1.000000
0.987346 0.053375 -0.149329 -1.306906 -0.043537 0.996708 0.068391 96.960373 0.152488 -0.061024 0.986420 1.193938 0.000000 0.000000 0.000000 1.000000
0.987376 0.054998 -0.148538 -1.320045 -0.045168 0.996610 0.068758 96.952423 0.151816 -0.061181 0.986513 1.191032 0.000000 0.000000 0.000000 1.000000
0.987422 0.057010 -0.147471 -1.334589 -0.047206 0.996489 0.069149 96.939423 0.150896 -0.061317 0.986646 1.174746 0.000000 0.000000 0.000000 1.000000
0.987508 0.059054 -0.146083 -1.352791 -0.049359 0.996386 0.069127 96.923607 0.149637 -0.061053 0.986854 1.151543 0.000000 0.000000 0.000000 1.000000
0.987634 0.061029 -0.144410 -1.375915 -0.051572 0.996327 0.068355 96.905197 0.148051 -0.060063 0.987154 1.131510 0.000000 0.000000 0.000000 1.000000
0.987754 0.063110 -0.142682 -1.402482 -0.053983 0.996294 0.066960 96.882912 0.146380 -0.058437 0.987501 1.121278 0.000000 0.000000 0.000000 1.000000
0.987824 0.065434 -0.141148 -1.429551 -0.056631 0.996244 0.065511 96.857910 0.144905 -0.056720 0.987819 1.117667 0.000000 0.000000 0.000000 1.000000
0.987848 0.067861 -0.139826 -1.454648 -0.059291 0.996150 0.064578 96.835724 0.143670 -0.055503 0.988068 1.109621 0.000000 0.000000 0.000000 1.000000
0.987875 0.070073 -0.138536 -1.476428 -0.061634 0.996025 0.064303 96.820801 0.142492 -0.054985 0.988268 1.088658 0.000000 0.000000 0.000000 1.000000
0.987939 0.071884 -0.137148 -1.492946 -0.063524 0.995900 0.064398 96.811066 0.141215 -0.054910 0.988455 1.057306 0.000000 0.000000 0.000000 1.000000
0.988028 0.073348 -0.135727 -1.502026 -0.065078 0.995800 0.064402 96.800888 0.139880 -0.054798 0.988651 1.026564 0.000000 0.000000 0.000000 1.000000
0.988108 0.074579 -0.134462 -1.504326 -0.066462 0.995742 0.063883 96.788353 0.138653 -0.054187 0.988857 1.006721 0.000000 0.000000 0.000000 1.000000
0.988159 0.075594 -0.133517 -1.504263 -0.067710 0.995737 0.062638 96.777039 0.137683 -0.052856 0.989065 1.001986 0.000000 0.000000 0.000000 1.000000
0.988174 0.076362 -0.132969 -1.506531 -0.068753 0.995772 0.060914 96.770210 0.137058 -0.051052 0.989247 1.010975 0.000000 0.000000 0.000000 1.000000
0.988148 0.076972 -0.132807 -1.512241 -0.069599 0.995811 0.059303 96.766602 0.136816 -0.049357 0.989366 1.028758 0.000000 0.000000 0.000000 1.000000
0.988076 0.077639 -0.132961 -1.520360 -0.070406 0.995815 0.058275 96.762245 0.136929 -0.048218 0.989407 1.048003 0.000000 0.000000 0.000000 1.000000
0.987954 0.078536 -0.133337 -1.530401 -0.071346 0.995771 0.057881 96.755051 0.137318 -0.047671 0.989379 1.061109 0.000000 0.000000 0.000000 1.000000
0.987793 0.079646 -0.133870 -1.542653 -0.072431 0.995689 0.057936 96.746414 0.137907 -0.047532 0.989304 1.064172 0.000000 0.000000 0.000000 1.000000
0.987609 0.080780 -0.134548 -1.555899 -0.073490 0.995590 0.058302 96.739067 0.138665 -0.047691 0.989190 1.059184 0.000000 0.000000 0.000000 1.000000
0.987419 0.081745 -0.135353 -1.567618 -0.074335 0.995490 0.058935 96.734772 0.139560 -0.048132 0.989043 1.051199 0.000000 0.000000 0.000000 1.000000
0.987244 0.082500 -0.136171 -1.576509 -0.074935 0.995395 0.059783 96.733368 0.140476 -0.048817 0.988880 1.043035 0.000000 0.000000 0.000000 1.000000
0.987104 0.083146 -0.136792 -1.583113 -0.075418 0.995300 0.060745 96.733345 0.141200 -0.049645 0.988736 1.033514 0.000000 0.000000 0.000000 1.000000
0.987021 0.083774 -0.137010 -1.588472 -0.075905 0.995205 0.061693 96.733116 0.141521 -0.050492 0.988647 1.019802 0.000000 0.000000 0.000000 1.000000
0.987007 0.084382 -0.136734 -1.592530 -0.076417 0.995115 0.062497 96.732132 0.141340 -0.051236 0.988634 1.000394 0.000000 0.000000 0.000000 1.000000
0.987059 0.084903 -0.136034 -1.594372 -0.076896 0.995042 0.063081 96.730728 0.140715 -0.051805 0.988694 0.975735 0.000000 0.000000 0.000000 1.000000
0.987153 0.085317 -0.135095 -1.592511 -0.077299 0.994981 0.063536 96.728920 0.139837 -0.052277 0.988794 0.946954 0.000000 0.000000 0.000000 1.000000
0.987255 0.085681 -0.134113 -1.584962 -0.077637 0.994918 0.064115 96.726051 0.138925 -0.052885 0.988890 0.914667 0.000000 0.000000 0.000000 1.000000
0.987344 0.086072 -0.133205 -1.569717 -0.077963 0.994839 0.064944 96.721893 0.138108 -0.053737 0.988958 0.878831 0.000000 0.000000 0.000000 1.000000
0.987417 0.086489 -0.132391 -1.546607 -0.078316 0.994758 0.065755 96.718010 0.137384 -0.054559 0.989014 0.839789 0.000000 0.000000 0.000000 1.000000
0.987485 0.086835 -0.131657 -1.518049 -0.078658 0.994708 0.066100 96.716515 0.136700 -0.054917 0.989089 0.799371 0.000000 0.000000 0.000000 1.000000
0.987553 0.087009 -0.131031 -1.487223 -0.078899 0.994704 0.065867 96.718666 0.136068 -0.054709 0.989188 0.760645 0.000000 0.000000 0.000000 1.000000
0.987612 0.087016 -0.130582 -1.456244 -0.078998 0.994728 0.065386 96.722946 0.135583 -0.054260 0.989279 0.726188 0.000000 0.000000 0.000000 1.000000
0.987647 0.086970 -0.130347 -1.426289 -0.079016 0.994751 0.065011 96.725960 0.135317 -0.053909 0.989335 0.696371 0.000000 0.000000 0.000000 1.000000
0.987659 0.086977 -0.130245 -1.398678 -0.079053 0.994760 0.064825 96.725769 0.135201 -0.053729 0.989360 0.669214 0.000000 0.000000 0.000000 1.000000
0.987675 0.087056 -0.130072 -1.374507 -0.079145 0.994754 0.064806 96.723160 0.135031 -0.053713 0.989384 0.641750 0.000000 0.000000 0.000000 1.000000
0.987725 0.087160 -0.129625 -1.354640 -0.079246 0.994732 0.065022 96.720078 0.134609 -0.053951 0.989429 0.611941 0.000000 0.000000 0.000000 1.000000
0.987813 0.087261 -0.128887 -1.339187 -0.079321 0.994694 0.065509 96.717094 0.133920 -0.054487 0.989493 0.580354 0.000000 0.000000 0.000000 1.000000
0.987909 0.087376 -0.128064 -1.327469 -0.079402 0.994648 0.066115 96.713516 0.133156 -0.055147 0.989560 0.549955 0.000000 0.000000 0.000000 1.000000
0.987975 0.087543 -0.127444 -1.318462 -0.079540 0.994605 0.066593 96.709106 0.132586 -0.055656 0.989608 0.523931 0.000000 0.000000 0.000000 1.000000
0.987988 0.087756 -0.127195 -1.311382 -0.079739 0.994574 0.066818 96.704903 0.132368 -0.055873 0.989625 0.503289 0.000000 0.000000 0.000000 1.000000
0.987955 0.087972 -0.127302 -1.305479 -0.079944 0.994554 0.066868 96.702148 0.132491 -0.055886 0.989607 0.486879 0.000000 0.000000 0.000000 1.000000
0.987894 0.088171 -0.127635 -1.299307 -0.080112 0.994534 0.066962 96.700500 0.132842 -0.055927 0.989558 0.473144 0.000000 0.000000 0.000000 1.000000
0.987815 0.088399 -0.128087 -1.291386 -0.080275 0.994500 0.067273 96.698944 0.133329 -0.056171 0.989479 0.461167 0.000000 0.000000 0.000000 1.000000
0.987720 0.088712 -0.128608 -1.281952 -0.080498 0.994451 0.067732 96.696136 0.133903 -0.056548 0.989380 0.449575 0.000000 0.000000 0.000000 1.000000
0.987618 0.089082 -0.129132 -1.272389 -0.080788 0.994401 0.068117 96.691444 0.134477 -0.056841 0.989285 0.435723 0.000000 0.000000 0.000000 1.000000
0.987535 0.089421 -0.129531 -1.262932 -0.081075 0.994362 0.068345 96.685478 0.134912 -0.056992 0.989217 0.417003 0.000000 0.000000 0.000000 1.000000
0.987488 0.089687 -0.129708 -1.252596 -0.081306 0.994330 0.068540 96.679588 0.135120 -0.057137 0.989180 0.393057 0.000000 0.000000 0.000000 1.000000
0.987463 0.089929 -0.129725 -1.240758 -0.081520 0.994298 0.068748 96.675064 0.135168 -0.057311 0.989164 0.366451 0.000000 0.000000 0.000000 1.000000
0.987434 0.090193 -0.129766 -1.227525 -0.081778 0.994274 0.068791 96.672272 0.135227 -0.057315 0.989155 0.340825 0.000000 0.000000 0.000000 1.000000
0.987390 0.090409 -0.129950 -1.212589 -0.082024 0.994273 0.068501 96.670166 0.135399 -0.056978 0.989151 0.317971 0.000000 0.000000 0.000000 1.000000
0.987353 0.090451 -0.130200 -1.194718 -0.082126 0.994302 0.067956 96.667519 0.135605 -0.056404 0.989156 0.296517 0.000000 0.000000 0.000000 1.000000
0.987352 0.090320 -0.130302 -1.173279 -0.082065 0.994346 0.067395 96.663734 0.135653 -0.055849 0.989181 0.273562 0.000000 0.000000 0.000000 1.000000
0.987392 0.090202 -0.130077 -1.148833 -0.082021 0.994379 0.066948 96.657829 0.135385 -0.055435 0.989241 0.247244 0.000000 0.000000 0.000000 1.000000
0.987459 0.090283 -0.129515 -1.121823 -0.082194 0.994395 0.066507 96.649643 0.134794 -0.055027 0.989345 0.217401 0.000000 0.000000 0.000000 1.000000
0.987533 0.090525 -0.128782 -1.091800 -0.082570 0.994408 0.065839 96.640503 0.134022 -0.054384 0.989485 0.184621 0.000000 0.000000 0.000000 1.000000
0.987606 0.090715 -0.128086 -1.057996 -0.082932 0.994443 0.064848 96.631630 0.133257 -0.053421 0.989641 0.150040 0.000000 0.000000 0.000000 1.000000
0.987684 0.090661 -0.127521 -1.020353 -0.083060 0.994505 0.063725 96.625305 0.132597 -0.052348 0.989787 0.115780 0.000000 0.000000 0.000000 1.000000
0.987779 0.090294 -0.127039 -0.979396 -0.082843 0.994584 0.062768 96.623276 0.132018 -0.051477 0.989910 0.084891 0.000000 0.000000 0.000000 1.000000
0.987905 0.089585 -0.126563 -0.935875 -0.082248 0.994678 0.062063 96.626221 0.131449 -0.050902 0.990015 0.059780 0.000000 0.000000 0.000000 1.000000
0.988057 0.088560 -0.126098 -0.890808 -0.081319 0.994791 0.061466 96.632904 0.130885 -0.050477 0.990112 0.040524 0.000000 0.000000 0.000000 1.000000
0.988212 0.087417 -0.125680 -0.844739 -0.080262 0.994910 0.060920 96.640015 0.130366 -0.050115 0.990199 0.025338 0.000000 0.000000 0.000000 1.000000
0.988348 0.086469 -0.125269 -0.798796 -0.079369 0.995001 0.060610 96.644073 0.129884 -0.049962 0.990270 0.011979 0.000000 0.000000 0.000000 1.000000
0.988465 0.085852 -0.124766 -0.755065 -0.078754 0.995041 0.060757 96.644447 0.129363 -0.050231 0.990324 -0.000706 0.000000 0.000000 0.000000 1.000000
0.988586 0.085382 -0.124130 -0.715794 -0.078233 0.995044 0.061378 96.643379 0.128755 -0.050967 0.990366 -0.013326 0.000000 0.000000 0.000000 1.000000
0.988728 0.084762 -0.123420 -0.681002 -0.077525 0.995041 0.062315 96.644142 0.128090 -0.052044 0.990396 -0.026794 0.000000 0.000000 0.000000 1.000000
0.988887 0.083905 -0.122726 -0.647949 -0.076559 0.995047 0.063406 96.647606 0.127438 -0.053305 0.990413 -0.041767 0.000000 0.000000 0.000000 1.000000
0.989046 0.082941 -0.122103 -0.614042 -0.075479 0.995057 0.064526 96.653053 0.126852 -0.054603 0.990418 -0.057428 0.000000 0.000000 0.000000 1.000000
0.989187 0.081980 -0.121605 -0.579139 -0.074413 0.995072 0.065529 96.658272 0.126378 -0.055771 0.990413 -0.071212 0.000000 0.000000 0.000000 1.000000
0.989313 0.080994 -0.121243 -0.544392 -0.073341 0.995100 0.066312 96.662071 0.126020 -0.056711 0.990405 -0.080700 0.000000 0.000000 0.000000 1.000000
0.989439 0.079917 -0.120928 -0.510211 -0.072197 0.995142 0.066938 96.665131 0.125690 -0.057501 0.990402 -0.086004 0.000000 0.000000 0.000000 1.000000
0.989582 0.078713 -0.120546 -0.476779 -0.070931 0.995191 0.067550 96.669151 0.125283 -0.058296 0.990407 -0.090273 0.000000 0.000000 0.000000 1.000000
0.989742 0.077356 -0.120112 -0.445326 -0.069517 0.995250 0.068149 96.675278 0.124813 -0.059100 0.990419 -0.096574 0.000000 0.000000 0.000000 1.000000
0.989900 0.075859 -0.119762 -0.417459 -0.067978 0.995327 0.068575 96.683296 0.124404 -0.059741 0.990431 -0.104257 0.000000 0.000000 0.000000 1.000000
0.990038 0.074325 -0.119584 -0.393235 -0.066427 0.995421 0.068733 96.691513 0.124145 -0.060104 0.990442 -0.109440 0.000000 0.000000 0.000000 1.000000
0.990156 0.072843 -0.119521 -0.371010 -0.064942 0.995520 0.068722 96.698814 0.123991 -0.060283 0.990450 -0.109743 0.000000 0.000000 0.000000 1.000000
0.990273 0.071371 -0.119438 -0.349505 -0.063472 0.995617 0.068684 96.705292 0.123816 -0.060435 0.990463 -0.106781 0.000000 0.000000 0.000000 1.000000
0.990407 0.069826 -0.119244 -0.329524 -0.061935 0.995717 0.068644 96.711754 0.123526 -0.060600 0.990489 -0.103140 0.000000 0.000000 0.000000 1.000000
0.990549 0.068286 -0.118956 -0.313837 -0.060414 0.995815 0.068581 96.718658 0.123141 -0.060747 0.990528 -0.098312 0.000000 0.000000 0.000000 1.000000
0.990670 0.066987 -0.118687 -0.304770 -0.059124 0.995892 0.068581 96.725616 0.122794 -0.060923 0.990560 -0.089791 0.000000 0.000000 0.000000 1.000000
0.990746 0.066056 -0.118571 -0.302619 -0.058173 0.995936 0.068756 96.731949 0.122631 -0.061222 0.990562 -0.077185 0.000000 0.000000 0.000000 1.000000
0.990776 0.065371 -0.118696 -0.306493 -0.057446 0.995961 0.069007 96.737503 0.122727 -0.061552 0.990530 -0.062222 0.000000 0.000000 0.000000 1.000000
0.990771 0.064704 -0.119108 -0.316791 -0.056750 0.996001 0.069003 96.742493 0.123097 -0.061607 0.990481 -0.044739 0.000000 0.000000 0.000000 1.000000
0.990730 0.063938 -0.119859 -0.334921 -0.055993 0.996077 0.068519 96.746971 0.123769 -0.061173 0.990424 -0.021752 0.000000 0.000000 0.000000 1.000000
0.990650 0.063115 -0.120950 -0.359951 -0.055198 0.996176 0.067728 96.751266 0.124762 -0.060419 0.990345 0.008462 0.000000 0.000000 0.000000 1.000000
0.990542 0.062335 -0.122235 -0.388224 -0.054421 0.996264 0.067053 96.755997 0.125958 -0.059767 0.990234 0.043908 0.000000 0.000000 0.000000 1.000000
0.990437 0.061649 -0.123427 -0.417144 -0.053696 0.996324 0.066753 96.761841 0.127088 -0.059487 0.990106 0.081691 0.000000 0.000000 0.000000 1.000000
0.990371 0.060993 -0.124282 -0.446882 -0.052991 0.996364 0.066713 96.768173 0.127899 -0.059485 0.990002 0.121704 0.000000 0.000000 0.000000 1.000000
0.990356 0.060257 -0.124759 -0.477972 -0.052232 0.996410 0.066624 96.773384 0.128326 -0.059465 0.989948 0.165806 0.000000 0.000000 0.000000 1.000000
0.990380 0.059411 -0.124975 -0.509941 -0.051407 0.996473 0.066322 96.776665 0.128474 -0.059260 0.989941 0.214218 0.000000 0.000000 0.000000 1.000000
0.990420 0.058559 -0.125055 -0.543318 -0.050594 0.996539 0.065950 96.779373 0.128484 -0.058992 0.989955 0.263864 0.000000 0.000000 0.000000 1.000000
0.990461 0.057835 -0.125069 -0.580777 -0.049888 0.996587 0.065768 96.782906 0.128446 -0.058901 0.989966 0.310345 0.000000 0.000000 0.000000 1.000000
0.990490 0.057304 -0.125084 -0.624724 -0.049345 0.996610 0.065827 96.786148 0.128432 -0.059028 0.989960 0.351227 0.000000 0.000000 0.000000 1.000000
0.990496 0.056981 -0.125183 -0.674968 -0.049006 0.996623 0.065893 96.786530 0.128514 -0.059132 0.989943 0.387173 0.000000 0.000000 0.000000 1.000000
0.990473 0.056907 -0.125395 -0.729590 -0.048945 0.996639 0.065689 96.783211 0.128712 -0.058926 0.989930 0.419400 0.000000 0.000000 0.000000 1.000000
0.990426 0.057173 -0.125651 -0.786114 -0.049271 0.996660 0.065124 96.779152 0.128955 -0.058309 0.989935 0.446188 0.000000 0.000000 0.000000 1.000000
0.990353 0.057895 -0.125895 -0.840950 -0.050094 0.996674 0.064271 96.777000 0.129197 -0.057344 0.989959 0.463203 0.000000 0.000000 0.000000 1.000000
0.990232 0.059144 -0.126265 -0.888974 -0.051475 0.996675 0.063161 96.775604 0.129580 -0.056044 0.989984 0.468159 0.000000 0.000000 0.000000 1.000000
0.990027 0.060870 -0.127052 -0.927128 -0.053360 0.996667 0.061704 96.771172 0.130384 -0.054310 0.989975 0.464349 0.000000 0.000000 0.000000 1.000000
0.989737 0.062885 -0.128323 -0.958294 -0.055558 0.996657 0.059900 96.761627 0.131660 -0.052156 0.989922 0.458538 0.000000 0.000000 0.000000 1.000000
0.989429 0.064980 -0.129644 -0.990144 -0.057841 0.996634 0.058091 96.748566 0.132983 -0.049978 0.989857 0.454551 0.000000 0.000000 0.000000 1.000000
0.989194 0.067063 -0.130374 -1.028807 -0.060068 0.996573 0.056871 96.734856 0.133741 -0.048426 0.989833 0.449066 0.000000 0.000000 0.000000 1.000000
0.989069 0.069136 -0.130240 -1.074482 -0.062198 0.996457 0.056608 96.722260 0.133693 -0.047888 0.989865 0.434910 0.000000 0.000000 0.000000 1.000000
0.989024 0.071144 -0.129500 -1.123322 -0.064196 0.996304 0.057068 96.711296 0.133082 -0.048128 0.989936 0.409919 0.000000 0.000000 0.000000 1.000000
0.989016 0.072952 -0.128548 -1.172145 -0.065994 0.996157 0.057587 96.702003 0.132255 -0.048472 0.990030 0.382436 0.000000 0.000000 0.000000 1.000000
0.989029 0.074479 -0.127575 -1.219118 -0.067573 0.996048 0.057641 96.693588 0.131363 -0.048388 0.990153 0.365742 0.000000 0.000000 0.000000 1.000000
0.989056 0.075800 -0.126581 -1.261978 -0.069004 0.995973 0.057245 96.683746 0.130410 -0.047884 0.990303 0.365996 0.000000 0.000000 0.000000 1.000000
0.989103 0.077040 -0.125458 -1.298248 -0.070368 0.995904 0.056781 96.671577 0.129319 -0.047334 0.990473 0.377343 0.000000 0.000000 0.000000 1.000000
0.989196 0.078190 -0.124010 -1.328045 -0.071631 0.995829 0.056503 96.658829 0.127910 -0.047010 0.990671 0.389747 0.000000 0.000000 0.000000 1.000000
0.989361 0.079080 -0.122110 -1.354448 -0.072641 0.995767 0.056319 96.649429 0.126047 -0.046850 0.990917 0.399704 0.000000 0.000000 0.000000 1.000000
0.989586 0.079584 -0.119939 -1.379822 -0.073287 0.995735 0.056035 96.644829 0.123887 -0.046662 0.991199 0.410990 0.000000 0.000000 0.000000 1.000000
0.989808 0.079857 -0.117909 -1.403107 -0.073699 0.995724 0.055696 96.642204 0.121853 -0.046438 0.991461 0.426389 0.000000 0.000000 0.000000 1.000000
0.989967 0.080264 -0.116289 -1.421982 -0.074203 0.995695 0.055555 96.637642 0.120248 -0.046369 0.991660 0.442536 0.000000 0.000000 0.000000 1.000000
0.990061 0.081020 -0.114955 -1.436824 -0.074999 0.995623 0.055771 96.630043 0.118971 -0.046595 0.991804 0.454037 0.000000 0.000000 0.000000 1.000000
