<?xml version="1.0" encoding="utf-8"?>
<COLLADA xmlns="http://www.collada.org/2005/11/COLLADASchema" version="1.4.1">
  <asset><contributor><author>Mixamo</author><authoring_tool>COLLADA Mixamo exporter</authoring_tool><comments></comments></contributor><created>2020-08-17T13:39:45Z</created><modified>2020-08-17T13:39:45Z</modified><revision></revision><title></title><unit meter="0.010000"/><up_axis>Y_UP</up_axis></asset>
  <library_animations>
    <animation id="mixamorig7_Hips-anim" name="mixamorig7_Hips"><source id="mixamorig7_Hips-Matrix-animation-input"><float_array id="mixamorig7_Hips-Matrix-animation-input-array" count="36">

0.000000 0.033333 0.066667 0.100000 0.133333 0.166667 0.200000 0.233333 0.266667 0.300000 0.333333 0.366667 0.400000 0.433333 0.466667 0.500000
0.533333 0.566667 0.600000 0.633333 0.666667 0.700000 0.733333 0.766667 0.800000 0.833333 0.866667 0.900000 0.933333 0.966667 1.000000 1.033333
1.066667 1.100000 1.133333 1.166667</float_array><technique_common><accessor source="#mixamorig7_Hips-Matrix-animation-input-array" count="36"><param name="TIME" type="float"/></accessor></technique_common></source><source id="mixamorig7_Hips-Matrix-animation-output-transform"><float_array id="mixamorig7_Hips-Matrix-animation-output-transform-array" count="576">

0.998420 -0.003729 0.056066 0.005362 0.000434 0.998277 0.058676 98.870338 -0.056188 -0.058559 0.996701 0.358628 0.000000 0.000000 0.000000 1.000000
0.999188 -0.018862 0.035609 -0.017644 0.017327 0.998927 0.042947 98.913521 -0.036381 -0.042296 0.998443 0.208292 0.000000 0.000000 0.000000 1.000000
0.999447 -0.029710 0.014955 0.037611 0.029266 0.999149 0.029079 98.615906 -0.015806 -0.028625 0.999465 0.027815 0.000000 0.000000 0.000000 1.000000
0.999493 -0.031602 0.003986 0.145768 0.031522 0.999326 0.018813 98.019463 -0.004578 -0.018677 0.999815 0.351617 0.000000 0.000000 0.000000 1.000000
0.999631 -0.027116 0.001405 0.267557 0.027101 0.999584 0.009886 96.193954 -0.001673 -0.009844 0.999950 0.888541 0.000000 0.000000 0.000000 1.000000
0.999744 -0.021968 -0.005335 0.472042 0.021995 0.999746 0.004905 95.082863 0.005225 -0.005021 0.999974 1.529436 0.000000 0.000000 0.000000 1.000000
0.999475 -0.019977 -0.025491 0.782791 0.020118 0.999784 0.005301 94.455070 0.025380 -0.005811 0.999661 2.049824 0.000000 0.000000 0.000000 1.000000
0.998441 -0.024747 -0.050022 1.202249 0.025081 0.999667 0.006074 94.036736 0.049855 -0.007319 0.998730 2.287339 0.000000 0.000000 0.000000 1.000000
0.996766 -0.041043 -0.069094 1.777726 0.041797 0.999081 0.009489 93.809479 0.068641 -0.012346 0.997565 3.011428 0.000000 0.000000 0.000000 1.000000
0.994586 -0.060981 -0.084138 2.377886 0.062783 0.997848 0.018932 93.979691 0.082802 -0.024112 0.996274 4.520531 0.000000 0.000000 0.000000 1.000000
0.993347 -0.075739 -0.086746 2.833161 0.077958 0.996703 0.022476 93.905182 0.084758 -0.029089 0.995977 5.306170 0.000000 0.000000 0.000000 1.000000
0.994677 -0.081372 -0.063223 3.202964 0.083009 0.996267 0.023705 94.048950 0.061058 -0.028827 0.997718 5.751493 0.000000 0.000000 0.000000 1.000000
0.996334 -0.081721 -0.025294 3.548670 0.082514 0.996074 0.032060 94.653053 0.022575 -0.034030 0.999166 5.874149 0.000000 0.000000 0.000000 1.000000
0.997362 -0.072130 0.008132 3.806183 0.071743 0.996596 0.040602 95.523949 -0.011033 -0.039911 0.999142 5.850046 0.000000 0.000000 0.000000 1.000000
0.997851 -0.057028 0.032270 3.939252 0.055507 0.997388 0.046209 96.598228 -0.034821 -0.044318 0.998410 5.739919 0.000000 0.000000 0.000000 1.000000
0.997562 -0.047307 0.051303 4.004417 0.044862 0.997849 0.047808 97.647400 -0.053454 -0.045390 0.997538 5.493286 0.000000 0.000000 0.000000 1.000000
0.996785 -0.042389 0.067994 4.061909 0.039523 0.998295 0.042948 98.436981 -0.069699 -0.040123 0.996761 5.021325 0.000000 0.000000 0.000000 1.000000
0.995720 -0.038541 0.083999 4.080165 0.035486 0.998664 0.037563 98.746742 -0.085335 -0.034421 0.995758 4.447429 0.000000 0.000000 0.000000 1.000000
0.994168 -0.038493 0.100734 4.018343 0.035563 0.998895 0.030726 98.712120 -0.101805 -0.026964 0.994439 3.740297 0.000000 0.000000 0.000000 1.000000
0.992045 -0.042113 0.118631 3.935036 0.039903 0.998984 0.020943 98.417664 -0.119393 -0.016043 0.992717 2.885746 0.000000 0.000000 0.000000 1.000000
0.989760 -0.047946 0.134445 3.862414 0.047588 0.998850 0.005874 97.827164 -0.134572 0.000584 0.990904 1.954176 0.000000 0.000000 0.000000 1.000000
0.988256 -0.057115 0.141735 3.762188 0.058898 0.998229 -0.008417 96.983963 -0.141003 0.016666 0.989869 1.200654 0.000000 0.000000 0.000000 1.000000
0.987387 -0.066247 0.143800 3.578298 0.069113 0.997496 -0.015028 96.095993 -0.142444 0.024777 0.989493 0.728063 0.000000 0.000000 0.000000 1.000000
0.986412 -0.070287 0.148497 3.271489 0.073365 0.997187 -0.015347 95.189514 -0.147001 0.026033 0.988794 0.314892 0.000000 0.000000 0.000000 1.000000
0.986225 -0.064579 0.152283 2.811585 0.067550 0.997612 -0.014415 94.439354 -0.150988 0.024503 0.988232 0.282134 0.000000 0.000000 0.000000 1.000000
0.986421 -0.049050 0.156742 2.306925 0.050863 0.998677 -0.007579 93.975021 -0.156163 0.015448 0.987610 0.793832 0.000000 0.000000 0.000000 1.000000
0.983857 -0.035811 0.175337 1.817479 0.035016 0.999358 0.007623 94.010178 -0.175497 -0.001360 0.984479 1.656933 0.000000 0.000000 0.000000 1.000000
0.979182 -0.020710 0.201924 1.189620 0.017231 0.999672 0.018971 94.091484 -0.202251 -0.015097 0.979217 2.620617 0.000000 0.000000 0.000000 1.000000
0.978235 0.000128 0.207499 0.560785 -0.005098 0.999713 0.023419 94.192024 -0.207436 -0.023967 0.977955 3.333633 0.000000 0.000000 0.000000 1.000000
0.983383 0.016453 0.180795 0.171516 -0.022903 0.999171 0.033649 94.571785 -0.180091 -0.037231 0.982945 3.630685 0.000000 0.000000 0.000000 1.000000
0.988379 0.020728 0.150592 -0.067889 -0.027995 0.998535 0.046299 95.349487 -0.149412 -0.049977 0.987511 3.596730 0.000000 0.000000 0.000000 1.000000
0.991314 0.016166 0.130521 -0.199472 -0.023578 0.998183 0.055443 96.211380 -0.129387 -0.058039 0.989894 3.264362 0.000000 0.000000 0.000000 1.000000
0.993532 0.010000 0.113113 -0.238504 -0.017295 0.997820 0.063695 97.121864 -0.112229 -0.065240 0.991538 2.838102 0.000000 0.000000 0.000000 1.000000
0.995490 0.006356 0.094650 -0.216641 -0.012626 0.997754 0.065787 97.928009 -0.094019 -0.066685 0.993335 2.208344 0.000000 0.000000 0.000000 1.000000
0.997195 0.003639 0.074759 -0.117545 -0.008414 0.997937 0.063654 98.602226 -0.074374 -0.064105 0.995168 1.367159 0.000000 0.000000 0.000000 1.000000
0.998420 -0.003730 0.056066 0.005361 0.000434 0.998277 0.058676 98.870338 -0.056188 -0.058559 0.996701 0.358628 0.000000 0.000000 0.000000 1.000000</float_array><technique_common><accessor source="#mixamorig7_Hips-Matrix-animation-output-transform-array" count="36" stride="16"><param type="float4x4"/></accessor></technique_common></source><source id="mixamorig7_Hips-Interpolations"><Name_array id="mixamorig7_Hips-Interpolations-array" count="36">
 LINEAR LINEAR LINEAR LINEAR LINEAR LINEAR LINEAR LINEAR LINEAR LINEAR LINEAR
LINEAR LINEAR LINEAR LINEAR LINEAR LINEAR LINEAR LINEAR LINEAR LINEAR LINEAR LINEAR
LINEAR LINEAR LINEAR LINEAR LINEAR LINEAR LINEAR LINEAR LINEAR LINEAR LINEAR LINEAR
LINEAR</Name_array><technique_common><accessor source="#mixamorig7_Hips-Interpolations-array" count="36"><param type="name"/></accessor></technique_common></source><sampler id="mixamorig7_Hips-Matrix-animation-transform"><input semantic="INPUT" source="#mixamorig7_Hips-Matrix-animation-input"/><input semantic="OUTPUT" source="#mixamorig7_Hips-Matrix-animation-output-transform"/><input semantic="INTERPOLATION" source="#mixamorig7_Hips-Interpolations"/></sampler><channel source="#mixamorig7_Hips-Matrix-animation-transform" target="mixamorig7_Hips/matrix"/></animation>
    <animation id="mixamorig7_Spine-anim" name="mixamorig7_Spine"><source id="mixamorig7_Spine-Matrix-animation-input"><float_array id="mixamorig7_Spine-Matrix-animation-input-array" count="36">

0.000000 0.033333 0.066667 0.100000 0.133333 0.166667 0.200000 0.233333 0.266667 0.300000 0.333333 0.366667 0.400000 0.433333 0.466667 0.500000
0.533333 0.566667 0.600000 0.633333 0.666667 0.700000 0.733333 0.766667 0.800000 0.833333 0.866667 0.900000 0.933333 0.966667 1.000000 1.033333
1.066667 1.100000 1.133333 1.166667</float_array><technique_common><accessor source="#mixamorig7_Spine-Matrix-animation-input-array" count="36"><param name="TIME" type="float"/></accessor></technique_common></source><source id="mixamorig7_Spine-Matrix-animation-output-transform"><float_array id="mixamorig7_Spine-Matrix-animation-output-transform-array" count="576">

0.999823 -0.018278 0.004348 -0.000000 0.018225 0.999763 0.011901 9.694400 -0.004565 -0.011820 0.999920 -1.109700 0.000000 0.000000 0.000000 1.000000
0.999635 -0.001243 0.026979 -0.000000 0.000728 0.999817 0.019122 9.694400 -0.026998 -0.019095 0.999453 -1.109700 0.000000 0.000000 0.000000 1.000000
0.998889 0.010597 0.045923 0.000000 -0.011668 0.999665 0.023115 9.694400 -0.045663 -0.023626 0.998677 -1.109700 0.000000 0.000000 0.000000 1.000000
0.998235 0.013363 0.057868 0.000000 -0.014861 0.999563 0.025538 9.694400 -0.057502 -0.026353 0.997998 -1.109700 0.000000 0.000000 0.000000 1.000000
0.997897 0.012034 0.063700 0.000000 -0.014872 0.998910 0.044254 9.694400 -0.063098 -0.045108 0.996987 -1.109700 0.000000 0.000000 0.000000 1.000000
0.997095 0.010153 0.075491 0.000000 -0.014561 0.998207 0.058066 9.694400 -0.074766 -0.058997 0.995454 -1.109700 0.000000 0.000000 0.000000 1.000000
0.995417 0.011146 0.094976 0.000000 -0.016412 0.998360 0.054844 9.694400 -0.094209 -0.056151 0.993968 -1.109700 0.000000 0.000000 0.000000 1.000000
0.993209 0.018542 0.114859 0.000000 -0.024388 0.998466 0.049705 9.694400 -0.113761 -0.052168 0.992138 -1.109700 0.000000 0.000000 0.000000 1.000000
0.990593 0.035639 0.132122 0.000000 -0.041589 0.998228 0.042549 9.694400 -0.130372 -0.047644 0.990320 -1.109700 0.000000 0.000000 0.000000 1.000000
0.988025 0.055592 0.143934 -0.000000 -0.059861 0.997881 0.025493 9.694400 -0.142212 -0.033804 0.989259 -1.109700 0.000000 0.000000 0.000000 1.000000
0.987070 0.069738 0.144322 0.000000 -0.073166 0.997147 0.018575 9.694400 -0.142615 -0.028894 0.989356 -1.109700 0.000000 0.000000 0.000000 1.000000
0.989354 0.072860 0.125980 0.000000 -0.075206 0.997070 0.013958 9.694400 -0.124593 -0.023284 0.991935 -1.109700 0.000000 0.000000 0.000000 1.000000
0.993225 0.067546 0.094561 0.000000 -0.068647 0.997605 0.008427 9.694400 -0.093765 -0.014861 0.995483 -1.109700 0.000000 0.000000 0.000000 1.000000
0.996716 0.051998 0.062082 0.000000 -0.052516 0.998597 0.006737 9.694400 -0.061645 -0.009975 0.998048 -1.109700 0.000000 0.000000 0.000000 1.000000
0.998853 0.033913 0.033788 0.000000 -0.034171 0.999391 0.007079 9.694400 -0.033527 -0.008225 0.999404 -1.109700 0.000000 0.000000 0.000000 1.000000
0.999700 0.023053 0.008219 0.000000 -0.023116 0.999704 0.007652 9.694400 -0.008040 -0.007839 0.999937 -1.109700 0.000000 0.000000 0.000000 1.000000
0.999744 0.016701 -0.015261 -0.000000 -0.016556 0.999817 0.009597 9.694400 0.015419 -0.009342 0.999837 -1.109700 0.000000 0.000000 0.000000 1.000000
0.999377 0.012084 -0.033168 0.000000 -0.011750 0.999879 0.010240 9.694400 0.033288 -0.009844 0.999397 -1.109700 0.000000 0.000000 0.000000 1.000000
0.998724 0.012386 -0.048961 0.000000 -0.011847 0.999866 0.011279 9.694400 0.049094 -0.010685 0.998737 -1.109700 0.000000 0.000000 0.000000 1.000000
0.997731 0.015339 -0.065561 0.000000 -0.014417 0.999791 0.014511 9.694400 0.065770 -0.013533 0.997743 -1.109700 0.000000 0.000000 0.000000 1.000000
0.996764 0.019539 -0.077970 -0.000000 -0.017769 0.999570 0.023336 9.694400 0.078393 -0.021875 0.996683 -1.109700 0.000000 0.000000 0.000000 1.000000
0.996183 0.027615 -0.082810 -0.000000 -0.024761 0.999070 0.035305 9.694400 0.083708 -0.033120 0.995940 -1.109700 0.000000 0.000000 0.000000 1.000000
0.995551 0.036042 -0.087063 0.000000 -0.032218 0.998470 0.044936 9.694400 0.088550 -0.041931 0.995189 -1.109700 0.000000 0.000000 0.000000 1.000000
0.994546 0.038575 -0.096904 -0.000000 -0.034628 0.998513 0.042092 9.694400 0.098383 -0.038507 0.994403 -1.109700 0.000000 0.000000 0.000000 1.000000
0.993184 0.034544 -0.111324 0.000000 -0.030013 0.998661 0.042127 9.694400 0.112630 -0.038499 0.992891 -1.109700 0.000000 0.000000 0.000000 1.000000
0.991321 0.019587 -0.129993 0.000000 -0.014205 0.999008 0.042207 9.694400 0.130691 -0.039994 0.990616 -1.109700 0.000000 0.000000 0.000000 1.000000
0.988101 0.004780 -0.153735 -0.000000 0.001045 0.999285 0.037781 9.694400 0.153806 -0.037492 0.987390 -1.109700 0.000000 0.000000 0.000000 1.000000
0.985103 -0.005589 -0.171873 0.000000 0.012505 0.999154 0.039180 9.694400 0.171509 -0.040745 0.984340 -1.109700 0.000000 0.000000 0.000000 1.000000
0.984986 -0.019734 -0.171503 -0.000000 0.027033 0.998821 0.040328 9.694400 0.170505 -0.044359 0.984358 -1.109700 0.000000 0.000000 0.000000 1.000000
0.988212 -0.035311 -0.148965 0.000000 0.040501 0.998669 0.031946 9.694400 0.147639 -0.037602 0.988326 -1.109700 0.000000 0.000000 0.000000 1.000000
0.991663 -0.039341 -0.122706 -0.000000 0.042530 0.998819 0.023473 9.694400 0.121637 -0.028496 0.992165 -1.109700 0.000000 0.000000 0.000000 1.000000
0.994414 -0.034028 -0.099914 0.000000 0.035909 0.999209 0.017090 9.694400 0.099254 -0.020582 0.994849 -1.109700 0.000000 0.000000 0.000000 1.000000
0.996873 -0.028348 -0.073763 0.000000 0.029283 0.999504 0.011628 9.694400 0.073397 -0.013752 0.997208 -1.109700 0.000000 0.000000 0.000000 1.000000
0.998659 -0.026027 -0.044755 0.000000 0.026498 0.999599 0.009950 9.694400 0.044478 -0.011122 0.998948 -1.109700 0.000000 0.000000 0.000000 1.000000
0.999508 -0.025007 -0.018950 0.000000 0.025199 0.999632 0.010003 9.694400 0.018693 -0.010476 0.999770 -1.109700 0.000000 0.000000 0.000000 1.000000
0.999823 -0.018278 0.004348 0.000000 0.018225 0.999763 0.011901 9.694400 -0.004565 -0.011820 0.999920 -1.109700 0.000000 0.000000 0.000000 1.000000</float_array><technique_common><accessor source="#mixamorig7_Spine-Matrix-animation-output-transform-array" count="36" stride="16"><param type="float4x4"/></accessor></technique_common></source><source id="mixamorig7_Spine-Interpolations"><Name_array id="mixamorig7_Spine-Interpolations-array" count="36">
 LINEAR LINEAR LINEAR LINEAR LINEAR LINEAR LINEAR LINEAR LINEAR LINEAR LINEAR
LINEAR LINEAR LINEAR LINEAR LINEAR LINEAR LINEAR LINEAR LINEAR LINEAR LINEAR LINEAR
LINEAR LINEAR LINEAR LINEAR LINEAR LINEAR LINEAR LINEAR LINEAR LINEAR LINEAR LINEAR
LINEAR</Name_array><technique_common><accessor source="#mixamorig7_Spine-Interpolations-array" count="36"><param type="name"/></accessor></technique_common></source><sampler id="mixamorig7_Spine-Matrix-animation-transform"><input semantic="INPUT" source="#mixamorig7_Spine-Matrix-animation-input"/><input semantic="OUTPUT" source="#mixamorig7_Spine-Matrix-animation-output-transform"/><input semantic="INTERPOLATION" source="#mixamorig7_Spine-Interpolations"/></sampler><channel source="#mixamorig7_Spine-Matrix-animation-transform" target="mixamorig7_Spine/matrix"/></animation>
    <animation id="mixamorig7_Spine1-anim" name="mixamorig7_Spine1"><source id="mixamorig7_Spine1-Matrix-animation-input"><float_array id="mixamorig7_Spine1-Matrix-animation-input-array" count="36">

0.000000 0.033333 0.066667 0.100000 0.133333 0.166667 0.200000 0.233333 0.266667 0.300000 0.333333 0.366667 0.400000 0.433333 0.466667 0.500000
0.533333 0.566667 0.600000 0.633333 0.666667 0.700000 0.733333 0.766667 0.800000 0.833333 0.866667 0.900000 0.933333 0.966667 1.000000 1.033333
1.066667 1.100000 1.133333 1.166667</float_array><technique_common><accessor source="#mixamorig7_Spine1-Matrix-animation-input-array" count="36"><param name="TIME" type="float"/></accessor></technique_common></source><source id="mixamorig7_Spine1-Matrix-animation-output-transform"><float_array id="mixamorig7_Spine1-Matrix-animation-output-transform-array" count="576">

0.999990 -0.004224 0.001202 0.000000 0.004237 0.999927 -0.011333 11.384000 -0.001154 0.011338 0.999935 -0.000000 0.000000 0.000000 0.000000 1.000000
0.999969 -0.002314 0.007487 0.000000 0.002395 0.999937 -0.010934 11.384000 -0.007461 0.010952 0.999912 -0.000000 0.000000 0.000000 0.000000 1.000000
0.999918 -0.001121 0.012755 0.000000 0.001259 0.999941 -0.010801 11.384000 -0.012743 0.010816 0.999860 0.000000 0.000000 0.000000 0.000000 1.000000
0.999870 -0.001230 0.016086 0.000000 0.001405 0.999940 -0.010896 11.384000 -0.016072 0.010917 0.999811 -0.000000 0.000000 0.000000 0.000000 1.000000
0.999841 -0.002462 0.017681 0.000000 0.002773 0.999841 -0.017593 11.384000 -0.017635 0.017639 0.999689 0.000000 0.000000 0.000000 0.000000 1.000000
0.999776 -0.002822 0.020984 0.000000 0.003276 0.999760 -0.021674 11.384000 -0.020918 0.021738 0.999545 0.000000 0.000000 0.000000 0.000000 1.000000
0.999648 -0.002238 0.026454 -0.000000 0.002768 0.999796 -0.019984 11.384000 -0.026404 0.020051 0.999450 0.000000 0.000000 0.000000 0.000000 1.000000
0.999485 -0.001704 0.032037 -0.000000 0.002260 0.999848 -0.017316 11.384000 -0.032003 0.017379 0.999337 0.000000 0.000000 0.000000 0.000000 1.000000
0.999314 0.000505 0.037039 -0.000000 -0.000025 0.999916 -0.012967 11.384000 -0.037042 0.012958 0.999230 0.000000 0.000000 0.000000 0.000000 1.000000
0.999155 0.004343 0.040865 -0.000000 -0.004053 0.999966 -0.007179 11.384000 -0.040895 0.007007 0.999139 -0.000000 0.000000 0.000000 0.000000 1.000000
0.999124 0.006546 0.041324 0.000000 -0.006337 0.999966 -0.005199 11.384000 -0.041357 0.004933 0.999132 -0.000000 0.000000 0.000000 0.000000 1.000000
0.999310 0.007619 0.036345 0.000000 -0.007464 0.999963 -0.004377 11.384000 -0.036377 0.004103 0.999330 0.000000 0.000000 0.000000 0.000000 1.000000
0.999599 0.007512 0.027298 -0.000000 -0.007374 0.999959 -0.005170 11.384000 -0.027336 0.004966 0.999614 0.000000 0.000000 0.000000 0.000000 1.000000
0.999830 0.005288 0.017688 0.000000 -0.005178 0.999967 -0.006255 11.384000 -0.017721 0.006163 0.999824 0.000000 0.000000 0.000000 0.000000 1.000000
0.999954 0.002381 0.009306 0.000000 -0.002315 0.999972 -0.007057 11.384000 -0.009323 0.007035 0.999932 0.000000 0.000000 0.000000 0.000000 1.000000
0.999998 0.000866 0.001975 -0.000000 -0.000851 0.999972 -0.007428 11.384000 -0.001982 0.007427 0.999970 0.000000 0.000000 0.000000 0.000000 1.000000
0.999989 0.000834 -0.004517 0.000000 -0.000866 0.999974 -0.007131 11.384000 0.004511 0.007134 0.999964 0.000000 0.000000 0.000000 0.000000 1.000000
0.999956 0.000589 -0.009384 0.000000 -0.000658 0.999973 -0.007313 11.384000 0.009380 0.007318 0.999929 -0.000000 0.000000 0.000000 0.000000 1.000000
0.999907 0.000885 -0.013572 -0.000000 -0.000991 0.999969 -0.007845 11.384000 0.013565 0.007857 0.999877 0.000000 0.000000 0.000000 0.000000 1.000000
0.999837 0.002231 -0.017942 0.000000 -0.002377 0.999964 -0.008165 11.384000 0.017924 0.008206 0.999806 0.000000 0.000000 0.000000 0.000000 1.000000
0.999769 0.003401 -0.021237 -0.000000 -0.003554 0.999968 -0.007195 11.384000 0.021212 0.007269 0.999749 -0.000000 0.000000 0.000000 0.000000 1.000000
0.999739 0.004008 -0.022505 0.000000 -0.004185 0.999960 -0.007851 11.384000 0.022473 0.007943 0.999716 0.000000 0.000000 0.000000 0.000000 1.000000
0.999710 0.004412 -0.023665 0.000000 -0.004676 0.999928 -0.011093 11.384000 0.023614 0.011201 0.999658 0.000000 0.000000 0.000000 0.000000 1.000000
0.999642 0.004671 -0.026358 0.000000 -0.004956 0.999930 -0.010764 11.384000 0.026306 0.010890 0.999595 0.000000 0.000000 0.000000 0.000000 1.000000
0.999527 0.004232 -0.030460 0.000000 -0.004572 0.999928 -0.011104 11.384000 0.030411 0.011238 0.999474 0.000000 0.000000 0.000000 0.000000 1.000000
0.999353 0.002573 -0.035868 -0.000000 -0.002930 0.999947 -0.009879 11.384000 0.035841 0.009978 0.999308 -0.000000 0.000000 0.000000 0.000000 1.000000
0.999088 0.000770 -0.042692 0.000000 -0.001026 0.999982 -0.005952 11.384000 0.042687 0.005991 0.999071 -0.000000 0.000000 0.000000 0.000000 1.000000
0.998855 -0.000260 -0.047832 0.000000 0.000159 0.999998 -0.002115 11.384000 0.047833 0.002105 0.998853 -0.000000 0.000000 0.000000 0.000000 1.000000
0.998853 -0.002424 -0.047811 0.000000 0.002388 0.999997 -0.000796 11.384000 0.047813 0.000681 0.998856 0.000000 0.000000 0.000000 0.000000 1.000000
0.999113 -0.006224 -0.041656 0.000000 0.006120 0.999978 -0.002624 11.384000 0.041672 0.002366 0.999129 0.000000 0.000000 0.000000 0.000000 1.000000
0.999384 -0.007845 -0.034212 0.000000 0.007680 0.999958 -0.004976 11.384000 0.034250 0.004710 0.999402 0.000000 0.000000 0.000000 0.000000 1.000000
0.999597 -0.006759 -0.027575 0.000000 0.006564 0.999953 -0.007144 11.384000 0.027622 0.006960 0.999594 0.000000 0.000000 0.000000 0.000000 1.000000
0.999783 -0.005273 -0.020132 0.000000 0.005090 0.999945 -0.009156 11.384000 0.020179 0.009051 0.999755 0.000000 0.000000 0.000000 0.000000 1.000000
0.999916 -0.004558 -0.012096 -0.000000 0.004439 0.999941 -0.009899 11.384000 0.012141 0.009844 0.999878 0.000000 0.000000 0.000000 0.000000 1.000000
0.999977 -0.004479 -0.005088 -0.000000 0.004425 0.999934 -0.010597 11.384000 0.005135 0.010574 0.999931 0.000000 0.000000 0.000000 0.000000 1.000000
0.999990 -0.004224 0.001202 0.000000 0.004237 0.999927 -0.011333 11.384000 -0.001154 0.011338 0.999935 0.000000 0.000000 0.000000 0.000000 1.000000</float_array><technique_common><accessor source="#mixamorig7_Spine1-Matrix-animation-output-transform-array" count="36" stride="16"><param type="float4x4"/></accessor></technique_common></source><source id="mixamorig7_Spine1-Interpolations"><Name_array id="mixamorig7_Spine1-Interpolations-array" count="36">
 LINEAR LINEAR LINEAR LINEAR LINEAR LINEAR LINEAR LINEAR LINEAR LINEAR LINEAR
LINEAR LINEAR LINEAR LINEAR LINEAR LINEAR LINEAR LINEAR LINEAR LINEAR LINEAR LINEAR
LINEAR LINEAR LINEAR LINEAR LINEAR LINEAR LINEAR LINEAR LINEAR LINEAR LINEAR LINEAR
LINEAR</Name_array><technique_common><accessor source="#mixamorig7_Spine1-Interpolations-array" count="36"><param type="name"/></accessor></technique_common></source><sampler id="mixamorig7_Spine1-Matrix-animation-transform"><input semantic="INPUT" source="#mixamorig7_Spine1-Matrix-animation-input"/><input semantic="OUTPUT" source="#mixamorig7_Spine1-Matrix-animation-output-transform"/><input semantic="INTERPOLATION" source="#mixamorig7_Spine1-Interpolations"/></sampler><channel source="#mixamorig7_Spine1-Matrix-animation-transform" target="mixamorig7_Spine1/matrix"/></animation>
    <animation id="mixamorig7_Spine2-anim" name="mixamorig7_Spine2"><source id="mixamorig7_Spine2-Matrix-animation-input"><float_array id="mixamorig7_Spine2-Matrix-animation-input-array" count="36">

0.000000 0.033333 0.066667 0.100000 0.133333 0.166667 0.200000 0.233333 0.266667 0.300000 0.333333 0.366667 0.400000 0.433333 0.466667 0.500000
0.533333 0.566667 0.600000 0.633333 0.666667 0.700000 0.733333 0.766667 0.800000 0.833333 0.866667 0.900000 0.933333 0.966667 1.000000 1.033333
1.066667 1.100000 1.133333 1.166667</float_array><technique_common><accessor source="#mixamorig7_Spine2-Matrix-animation-input-array" count="36"><param name="TIME" type="float"/></accessor></technique_common></source><source id="mixamorig7_Spine2-Matrix-animation-output-transform"><float_array id="mixamorig7_Spine2-Matrix-animation-output-transform-array" count="576">

0.999990 -0.004220 0.001126 0.000000 0.004232 0.999927 -0.011336 13.010300 -0.001078 0.011341 0.999935 0.000000 0.000000 0.000000 0.000000 1.000000
0.999970 -0.002270 0.007419 -0.000000 0.002351 0.999937 -0.010952 13.010300 -0.007394 0.010969 0.999913 0.000000 0.000000 0.000000 0.000000 1.000000
0.999919 -0.001044 0.012692 -0.000000 0.001182 0.999941 -0.010824 13.010300 -0.012680 0.010838 0.999861 -0.000000 0.000000 0.000000 0.000000 1.000000
0.999871 -0.001130 0.016021 -0.000000 0.001305 0.999939 -0.010929 13.010300 -0.016007 0.010948 0.999812 0.000000 0.000000 0.000000 0.000000 1.000000
0.999842 -0.002476 0.017626 0.000000 0.002787 0.999841 -0.017615 13.010300 -0.017579 0.017661 0.999689 0.000000 0.000000 0.000000 0.000000 1.000000
0.999777 -0.002930 0.020933 0.000000 0.003384 0.999759 -0.021692 13.010300 -0.020864 0.021758 0.999546 0.000000 0.000000 0.000000 0.000000 1.000000
0.999649 -0.002325 0.026404 0.000000 0.002854 0.999796 -0.020014 13.010300 -0.026352 0.020083 0.999451 0.000000 0.000000 0.000000 0.000000 1.000000
0.999487 -0.001769 0.031983 0.000000 0.002325 0.999847 -0.017356 13.010300 -0.031947 0.017421 0.999338 -0.000000 0.000000 0.000000 0.000000 1.000000
0.999315 0.000521 0.036995 -0.000000 -0.000040 0.999916 -0.012990 13.010300 -0.036999 0.012980 0.999231 0.000000 0.000000 0.000000 0.000000 1.000000
0.999155 0.004483 0.040846 0.000000 -0.004194 0.999966 -0.007155 13.010300 -0.040876 0.006978 0.999140 0.000000 0.000000 0.000000 0.000000 1.000000
0.999122 0.006625 0.041360 0.000000 -0.006419 0.999966 -0.005105 13.010300 -0.041392 0.004835 0.999131 0.000000 0.000000 0.000000 0.000000 1.000000
0.999307 0.007667 0.036416 0.000000 -0.007517 0.999963 -0.004256 13.010300 -0.036447 0.003980 0.999328 0.000000 0.000000 0.000000 0.000000 1.000000
0.999597 0.007569 0.027369 0.000000 -0.007433 0.999960 -0.005071 13.010300 -0.027407 0.004866 0.999613 0.000000 0.000000 0.000000 0.000000 1.000000
0.999829 0.005343 0.017723 0.000000 -0.005233 0.999967 -0.006212 13.010300 -0.017755 0.006118 0.999824 0.000000 0.000000 0.000000 0.000000 1.000000
0.999954 0.002416 0.009302 0.000000 -0.002350 0.999972 -0.007049 13.010300 -0.009319 0.007027 0.999932 0.000000 0.000000 0.000000 0.000000 1.000000
0.999998 0.000873 0.001959 0.000000 -0.000858 0.999972 -0.007428 13.010300 -0.001965 0.007426 0.999970 0.000000 0.000000 0.000000 0.000000 1.000000
0.999989 0.000813 -0.004522 0.000000 -0.000846 0.999974 -0.007132 13.010300 0.004516 0.007136 0.999964 0.000000 0.000000 0.000000 0.000000 1.000000
0.999956 0.000545 -0.009386 -0.000000 -0.000614 0.999973 -0.007316 13.010300 0.009382 0.007322 0.999929 0.000000 0.000000 0.000000 0.000000 1.000000
0.999908 0.000814 -0.013572 0.000000 -0.000921 0.999969 -0.007855 13.010300 0.013565 0.007867 0.999877 0.000000 0.000000 0.000000 0.000000 1.000000
0.999837 0.002130 -0.017926 -0.000000 -0.002277 0.999964 -0.008198 13.010300 0.017908 0.008238 0.999806 0.000000 0.000000 0.000000 0.000000 1.000000
0.999770 0.003290 -0.021214 0.000000 -0.003445 0.999968 -0.007254 13.010300 0.021189 0.007326 0.999749 0.000000 0.000000 0.000000 0.000000 1.000000
0.999740 0.003952 -0.022469 0.000000 -0.004131 0.999960 -0.007936 13.010300 0.022437 0.008027 0.999716 0.000000 0.000000 0.000000 0.000000 1.000000
0.999712 0.004448 -0.023600 0.000000 -0.004713 0.999926 -0.011208 13.010300 0.023548 0.011316 0.999659 0.000000 0.000000 0.000000 0.000000 1.000000
0.999643 0.004689 -0.026304 -0.000000 -0.004977 0.999928 -0.010886 13.010300 0.026251 0.011013 0.999595 -0.000000 0.000000 0.000000 0.000000 1.000000
0.999528 0.004235 -0.030418 0.000000 -0.004579 0.999926 -0.011231 13.010300 0.030368 0.011365 0.999474 0.000000 0.000000 0.000000 0.000000 1.000000
0.999354 0.002511 -0.035850 0.000000 -0.002871 0.999946 -0.009986 13.010300 0.035823 0.010082 0.999307 0.000000 0.000000 0.000000 0.000000 1.000000
0.999088 0.000612 -0.042685 0.000000 -0.000871 0.999981 -0.006036 13.010300 0.042681 0.006068 0.999070 0.000000 0.000000 0.000000 0.000000 1.000000
0.998855 -0.000382 -0.047831 0.000000 0.000278 0.999998 -0.002178 13.010300 0.047832 0.002162 0.998853 -0.000000 0.000000 0.000000 0.000000 1.000000
0.998852 -0.002498 -0.047828 0.000000 0.002463 0.999997 -0.000786 13.010300 0.047830 0.000667 0.998855 0.000000 0.000000 0.000000 0.000000 1.000000
0.999110 -0.006340 -0.041706 -0.000000 0.006241 0.999977 -0.002498 13.010300 0.041721 0.002235 0.999127 -0.000000 0.000000 0.000000 0.000000 1.000000
0.999380 -0.008000 -0.034279 0.000000 0.007839 0.999958 -0.004823 13.010300 0.034316 0.004551 0.999401 0.000000 0.000000 0.000000 0.000000 1.000000
0.999594 -0.006928 -0.027639 0.000000 0.006737 0.999953 -0.007033 13.010300 0.027686 0.006844 0.999593 0.000000 0.000000 0.000000 0.000000 1.000000
0.999781 -0.005428 -0.020189 0.000000 0.005245 0.999945 -0.009089 13.010300 0.020238 0.008981 0.999755 0.000000 0.000000 0.000000 0.000000 1.000000
0.999915 -0.004660 -0.012155 0.000000 0.004540 0.999941 -0.009859 13.010300 0.012200 0.009803 0.999878 0.000000 0.000000 0.000000 0.000000 1.000000
0.999976 -0.004529 -0.005152 0.000000 0.004474 0.999934 -0.010578 13.010300 0.005200 0.010555 0.999931 0.000000 0.000000 0.000000 0.000000 1.000000
0.999990 -0.004220 0.001126 0.000000 0.004232 0.999927 -0.011336 13.010300 -0.001078 0.011341 0.999935 -0.000000 0.000000 0.000000 0.000000 1.000000</float_array><technique_common><accessor source="#mixamorig7_Spine2-Matrix-animation-output-transform-array" count="36" stride="16"><param type="float4x4"/></accessor></technique_common></source><source id="mixamorig7_Spine2-Interpolations"><Name_array id="mixamorig7_Spine2-Interpolations-array" count="36">
 LINEAR LINEAR LINEAR LINEAR LINEAR LINEAR LINEAR LINEAR LINEAR LINEAR LINEAR
LINEAR LINEAR LINEAR LINEAR LINEAR LINEAR LINEAR LINEAR LINEAR LINEAR LINEAR LINEAR
LINEAR LINEAR LINEAR LINEAR LINEAR LINEAR LINEAR LINEAR LINEAR LINEAR LINEAR LINEAR
LINEAR</Name_array><technique_common><accessor source="#mixamorig7_Spine2-Interpolations-array" count="36"><param type="name"/></accessor></technique_common></source><sampler id="mixamorig7_Spine2-Matrix-animation-transform"><input semantic="INPUT" source="#mixamorig7_Spine2-Matrix-animation-input"/><input semantic="OUTPUT" source="#mixamorig7_Spine2-Matrix-animation-output-transform"/><input semantic="INTERPOLATION" source="#mixamorig7_Spine2-Interpolations"/></sampler><channel source="#mixamorig7_Spine2-Matrix-animation-transform" target="mixamorig7_Spine2/matrix"/></animation>
    <animation id="mixamorig7_Neck-anim" name="mixamorig7_Neck"><source id="mixamorig7_Neck-Matrix-animation-input"><float_array id="mixamorig7_Neck-Matrix-animation-input-array" count="36">

0.000000 0.033333 0.066667 0.100000 0.133333 0.166667 0.200000 0.233333 0.266667 0.300000 0.333333 0.366667 0.400000 0.433333 0.466667 0.500000
0.533333 0.566667 0.600000 0.633333 0.666667 0.700000 0.733333 0.766667 0.800000 0.833333 0.866667 0.900000 0.933333 0.966667 1.000000 1.033333
1.066667 1.100000 1.133333 1.166667</float_array><technique_common><accessor source="#mixamorig7_Neck-Matrix-animation-input-array" count="36"><param name="TIME" type="float"/></accessor></technique_common></source><source id="mixamorig7_Neck-Matrix-animation-output-transform"><float_array id="mixamorig7_Neck-Matrix-animation-output-transform-array" count="576">

0.999972 -0.001255 -0.007318 0.000000 0.000543 0.995332 -0.096506 14.636600 0.007404 0.096499 0.995306 -0.000000 0.000000 0.000000 0.000000 1.000000
0.999963 -0.000847 -0.008543 0.000000 0.000024 0.995391 -0.095897 14.636600 0.008584 0.095894 0.995355 0.000000 0.000000 0.000000 0.000000 1.000000
0.999959 -0.000084 -0.009020 0.000000 -0.000769 0.995532 -0.094417 14.636600 0.008987 0.094420 0.995492 0.000000 0.000000 0.000000 0.000000 1.000000
0.999952 0.000305 -0.009791 -0.000000 -0.001214 0.995670 -0.092954 14.636600 0.009721 0.092961 0.995622 0.000000 0.000000 0.000000 0.000000 1.000000
0.999941 -0.000810 -0.010815 0.000000 -0.000183 0.995802 -0.091538 14.636600 0.010844 0.091534 0.995743 0.000000 0.000000 0.000000 0.000000 1.000000
0.999921 -0.002129 -0.012419 0.000000 0.000996 0.995896 -0.090498 14.636600 0.012561 0.090478 0.995819 0.000000 0.000000 0.000000 0.000000 1.000000
0.999895 -0.003405 -0.014115 -0.000000 0.002140 0.996058 -0.088675 14.636600 0.014361 0.088636 0.995961 0.000000 0.000000 0.000000 0.000000 1.000000
0.999879 -0.003596 -0.015122 -0.000000 0.002273 0.996240 -0.086607 14.636600 0.015377 0.086562 0.996128 0.000000 0.000000 0.000000 0.000000 1.000000
0.999868 -0.003425 -0.015881 -0.000000 0.002052 0.996319 -0.085703 14.636600 0.016116 0.085660 0.996194 0.000000 0.000000 0.000000 0.000000 1.000000
0.999862 -0.003126 -0.016307 0.000000 0.001721 0.996339 -0.085474 14.636600 0.016515 0.085434 0.996207 0.000000 0.000000 0.000000 0.000000 1.000000
0.999871 -0.001938 -0.015928 -0.000000 0.000584 0.996417 -0.084580 14.636600 0.016035 0.084559 0.996289 0.000000 0.000000 0.000000 0.000000 1.000000
0.999892 -0.000298 -0.014665 0.000000 -0.000936 0.996463 -0.084030 14.636600 0.014638 0.084034 0.996355 0.000000 0.000000 0.000000 0.000000 1.000000
0.999922 0.001850 -0.012317 0.000000 -0.002897 0.996327 -0.085583 14.636600 0.012113 0.085612 0.996255 0.000000 0.000000 0.000000 0.000000 1.000000
0.999947 0.003916 -0.009545 -0.000000 -0.004746 0.996054 -0.088626 14.636600 0.009161 0.088667 0.996019 0.000000 0.000000 0.000000 0.000000 1.000000
0.999964 0.004460 -0.007263 0.000000 -0.005106 0.995781 -0.091621 14.636600 0.006824 0.091655 0.995767 0.000000 0.000000 0.000000 0.000000 1.000000
0.999977 0.004090 -0.005444 0.000000 -0.004582 0.995599 -0.093603 14.636600 0.005037 0.093626 0.995595 0.000000 0.000000 0.000000 0.000000 1.000000
0.999985 0.003724 -0.004032 0.000000 -0.004087 0.995561 -0.094030 14.636600 0.003664 0.094045 0.995561 0.000000 0.000000 0.000000 0.000000 1.000000
0.999987 0.004084 -0.003118 0.000000 -0.004358 0.995602 -0.093585 14.636600 0.002722 0.093597 0.995606 0.000000 0.000000 0.000000 0.000000 1.000000
0.999987 0.004492 -0.002235 0.000000 -0.004679 0.995708 -0.092427 14.636600 0.001811 0.092437 0.995717 0.000000 0.000000 0.000000 0.000000 1.000000
0.999987 0.004942 -0.001176 0.000000 -0.005028 0.995823 -0.091168 14.636600 0.000720 0.091172 0.995835 0.000000 0.000000 0.000000 0.000000 1.000000
0.999982 0.006059 -0.000344 0.000000 -0.006065 0.995872 -0.090564 14.636600 -0.000206 0.090564 0.995891 -0.000000 0.000000 0.000000 0.000000 1.000000
0.999974 0.007169 -0.000021 0.000000 -0.007142 0.995975 -0.089347 14.636600 -0.000620 0.089344 0.996001 0.000000 0.000000 0.000000 0.000000 1.000000
0.999971 0.007554 0.000502 0.000000 -0.007481 0.996126 -0.087620 14.636600 -0.001162 0.087613 0.996154 -0.000000 0.000000 0.000000 0.000000 1.000000
0.999969 0.007600 0.001823 0.000000 -0.007416 0.996286 -0.085790 14.636600 -0.002468 0.085774 0.996312 0.000000 0.000000 0.000000 0.000000 1.000000
0.999976 0.006150 0.003160 0.000000 -0.005862 0.996429 -0.084234 14.636600 -0.003667 0.084214 0.996441 0.000000 0.000000 0.000000 0.000000 1.000000
0.999975 0.005281 0.004672 0.000000 -0.004869 0.996435 -0.084227 14.636600 -0.005100 0.084202 0.996436 0.000000 0.000000 0.000000 0.000000 1.000000
0.999960 0.006034 0.006600 -0.000000 -0.005448 0.996322 -0.085512 14.636600 -0.007092 0.085473 0.996315 -0.000000 0.000000 0.000000 0.000000 1.000000
0.999961 0.005288 0.007099 0.000000 -0.004652 0.996212 -0.086837 14.636600 -0.007531 0.086800 0.996197 0.000000 0.000000 0.000000 0.000000 1.000000
0.999973 0.004044 0.006169 0.000000 -0.003496 0.996263 -0.086297 14.636600 -0.006495 0.086274 0.996250 0.000000 0.000000 0.000000 0.000000 1.000000
0.999980 0.004206 0.004654 0.000000 -0.003793 0.996335 -0.085450 14.636600 -0.004997 0.085431 0.996332 0.000000 0.000000 0.000000 0.000000 1.000000
0.999991 0.003134 0.002941 -0.000000 -0.002867 0.996234 -0.086655 14.636600 -0.003201 0.086646 0.996234 0.000000 0.000000 0.000000 0.000000 1.000000
0.999998 0.001497 0.001163 0.000000 -0.001388 0.996081 -0.088435 14.636600 -0.001291 0.088433 0.996081 0.000000 0.000000 0.000000 0.000000 1.000000
0.999999 0.000729 -0.000974 0.000000 -0.000814 0.995866 -0.090831 14.636600 0.000903 0.090832 0.995866 0.000000 0.000000 0.000000 0.000000 1.000000
0.999993 0.000057 -0.003641 0.000000 -0.000399 0.995557 -0.094157 14.636600 0.003619 0.094158 0.995551 -0.000000 0.000000 0.000000 0.000000 1.000000
0.999982 -0.000812 -0.005895 -0.000000 0.000242 0.995364 -0.096183 14.636600 0.005946 0.096180 0.995346 0.000000 0.000000 0.000000 0.000000 1.000000
0.999972 -0.001256 -0.007318 -0.000000 0.000544 0.995332 -0.096506 14.636600 0.007405 0.096499 0.995306 -0.000000 0.000000 0.000000 0.000000 1.000000</float_array><technique_common><accessor source="#mixamorig7_Neck-Matrix-animation-output-transform-array" count="36" stride="16"><param type="float4x4"/></accessor></technique_common></source><source id="mixamorig7_Neck-Interpolations"><Name_array id="mixamorig7_Neck-Interpolations-array" count="36">
 LINEAR LINEAR LINEAR LINEAR LINEAR LINEAR LINEAR LINEAR LINEAR LINEAR LINEAR
LINEAR LINEAR LINEAR LINEAR LINEAR LINEAR LINEAR LINEAR LINEAR LINEAR LINEAR LINEAR
LINEAR LINEAR LINEAR LINEAR LINEAR LINEAR LINEAR LINEAR LINEAR LINEAR LINEAR LINEAR
LINEAR</Name_array><technique_common><accessor source="#mixamorig7_Neck-Interpolations-array" count="36"><param type="name"/></accessor></technique_common></source><sampler id="mixamorig7_Neck-Matrix-animation-transform"><input semantic="INPUT" source="#mixamorig7_Neck-Matrix-animation-input"/><input semantic="OUTPUT" source="#mixamorig7_Neck-Matrix-animation-output-transform"/><input semantic="INTERPOLATION" source="#mixamorig7_Neck-Interpolations"/></sampler><channel source="#mixamorig7_Neck-Matrix-animation-transform" target="mixamorig7_Neck/matrix"/></animation>
    <animation id="mixamorig7_Head-anim" name="mixamorig7_Head"><source id="mixamorig7_Head-Matrix-animation-input"><float_array id="mixamorig7_Head-Matrix-animation-input-array" count="36">

0.000000 0.033333 0.066667 0.100000 0.133333 0.166667 0.200000 0.233333 0.266667 0.300000 0.333333 0.366667 0.400000 0.433333 0.466667 0.500000
0.533333 0.566667 0.600000 0.633333 0.666667 0.700000 0.733333 0.766667 0.800000 0.833333 0.866667 0.900000 0.933333 0.966667 1.000000 1.033333
1.066667 1.100000 1.133333 1.166667</float_array><technique_common><accessor source="#mixamorig7_Head-Matrix-animation-input-array" count="36"><param name="TIME" type="float"/></accessor></technique_common></source><source id="mixamorig7_Head-Matrix-animation-output-transform"><float_array id="mixamorig7_Head-Matrix-animation-output-transform-array" count="576">

0.999972 -0.001322 -0.007335 0.000000 0.001449 0.999849 0.017304 6.944300 0.007311 -0.017314 0.999823 1.982500 0.000000 0.000000 0.000000 1.000000
0.999963 -0.000881 -0.008578 0.000000 0.001035 0.999839 0.017907 6.944300 0.008560 -0.017915 0.999803 1.982500 0.000000 0.000000 0.000000 1.000000
0.999959 -0.000094 -0.009073 -0.000000 0.000270 0.999812 0.019386 6.944300 0.009069 -0.019388 0.999771 1.982500 0.000000 0.000000 0.000000 1.000000
0.999951 0.000312 -0.009850 0.000000 -0.000106 0.999783 0.020852 6.944300 0.009854 -0.020850 0.999734 1.982500 0.000000 0.000000 0.000000 1.000000
0.999941 -0.000791 -0.010861 0.000000 0.001033 0.999751 0.022279 6.944300 0.010840 -0.022289 0.999693 1.982500 0.000000 0.000000 0.000000 1.000000
0.999920 -0.002092 -0.012456 0.000000 0.002382 0.999725 0.023327 6.944300 0.012404 -0.023355 0.999650 1.982500 0.000000 0.000000 0.000000 1.000000
0.999894 -0.003341 -0.014152 0.000000 0.003696 0.999677 0.025159 6.944300 0.014063 -0.025209 0.999583 1.982500 0.000000 0.000000 0.000000 1.000000
0.999879 -0.003506 -0.015178 0.000000 0.003919 0.999622 0.027226 6.944300 0.015077 -0.027283 0.999514 1.982500 0.000000 0.000000 0.000000 1.000000
0.999867 -0.003323 -0.015970 0.000000 0.003771 0.999598 0.028113 6.944300 0.015870 -0.028169 0.999477 1.982500 0.000000 0.000000 0.000000 1.000000
0.999861 -0.003033 -0.016409 0.000000 0.003497 0.999593 0.028330 6.944300 0.016317 -0.028383 0.999464 1.982500 0.000000 0.000000 0.000000 1.000000
0.999869 -0.001864 -0.016049 0.000000 0.002332 0.999570 0.029214 6.944300 0.015988 -0.029247 0.999444 1.982500 0.000000 0.000000 0.000000 1.000000
0.999891 -0.000253 -0.014795 0.000000 0.000694 0.999557 0.029763 6.944300 0.014781 -0.029770 0.999447 1.982500 0.000000 0.000000 0.000000 1.000000
0.999921 0.001852 -0.012438 0.000000 -0.001501 0.999601 0.028217 6.944300 0.012485 -0.028196 0.999524 1.982500 0.000000 0.000000 0.000000 1.000000
0.999946 0.003887 -0.009650 0.000000 -0.003643 0.999676 0.025183 6.944300 0.009745 -0.025146 0.999636 1.982500 0.000000 0.000000 0.000000 1.000000
