<?xml version="1.0" encoding="utf-8"?>
<COLLADA xmlns="http://www.collada.org/2005/11/COLLADASchema" version="1.4.1">
  <asset><contributor><author>Mixamo</author><authoring_tool>COLLADA Mixamo exporter</authoring_tool><comments></comments></contributor><created>2020-08-08T15:22:35Z</created><modified>2020-08-08T15:22:35Z</modified><revision></revision><title></title><unit meter="0.010000"/><up_axis>Y_UP</up_axis></asset>
  <library_animations>
    <animation id="mixamorig7_Hips-anim" name="mixamorig7_Hips"><source id="mixamorig7_Hips-Matrix-animation-input"><float_array id="mixamorig7_Hips-Matrix-animation-input-array" count="31">

0.000000 0.033333 0.066667 0.100000 0.133333 0.166667 0.200000 0.233333 0.266667 0.300000 0.333333 0.366667 0.400000 0.433333 0.466667 0.500000
0.533333 0.566667 0.600000 0.633333 0.666667 0.700000 0.733333 0.766667 0.800000 0.833333 0.866667 0.900000 0.933333 0.966667 1.000000</float_array><technique_common><accessor source="#mixamorig7_Hips-Matrix-animation-input-array" count="31"><param name="TIME" type="float"/></accessor></technique_common></source><source id="mixamorig7_Hips-Matrix-animation-output-transform"><float_array id="mixamorig7_Hips-Matrix-animation-output-transform-array" count="496">

0.870194 -0.024526 -0.492099 0.065850 -0.057368 0.986923 -0.150635 92.348343 0.489358 0.159313 0.857408 -0.801589 0.000000 0.000000 0.000000 1.000000
0.841451 -0.035197 -0.539185 0.359348 -0.061792 0.985061 -0.160735 91.957443 0.536788 0.168568 0.826706 -1.211699 0.000000 0.000000 0.000000 1.000000
0.836120 -0.044857 -0.546709 1.089911 -0.067289 0.980737 -0.183377 91.320892 0.544404 0.190113 0.816996 -1.455905 0.000000 0.000000 0.000000 1.000000
0.850988 -0.053548 -0.522449 1.964531 -0.070420 0.974171 -0.214550 90.638977 0.520443 0.219370 0.825237 -1.753080 0.000000 0.000000 0.000000 1.000000
0.883894 -0.055137 -0.464425 2.496478 -0.066795 0.967964 -0.242042 90.023453 0.462892 0.244961 0.851895 -1.933864 0.000000 0.000000 0.000000 1.000000
0.933118 -0.044813 -0.356766 2.533775 -0.051228 0.965514 -0.255263 89.599205 0.355901 0.256467 0.898643 -1.855454 0.000000 0.000000 0.000000 1.000000
0.983304 -0.022263 -0.180604 2.026364 -0.027521 0.962877 -0.268533 89.474022 0.179878 0.269020 0.946188 -1.264121 0.000000 0.000000 0.000000 1.000000
0.998292 0.015111 0.056442 1.151881 0.000760 0.962540 -0.271140 89.519127 -0.058425 0.270719 0.960884 -0.229368 0.000000 0.000000 0.000000 1.000000
0.943858 0.060477 0.324769 0.517263 0.024979 0.967220 -0.252707 89.618042 -0.329406 0.246632 0.911408 1.144854 0.000000 0.000000 0.000000 1.000000
0.814080 0.098067 0.572412 0.391956 0.041425 0.973323 -0.225667 89.642708 -0.579273 0.207423 0.788301 2.612458 0.000000 0.000000 0.000000 1.000000
0.653248 0.115653 0.748259 0.785389 0.049753 0.979572 -0.194841 89.514206 -0.755507 0.164507 0.634150 3.635308 0.000000 0.000000 0.000000 1.000000
0.525201 0.107678 0.844138 1.057348 0.051144 0.986175 -0.157616 89.237778 -0.849440 0.125953 0.512433 4.340842 0.000000 0.000000 0.000000 1.000000
0.467369 0.079410 0.880489 1.351154 0.055415 0.991368 -0.118825 88.808693 -0.882324 0.104328 0.458934 4.622043 0.000000 0.000000 0.000000 1.000000
0.457025 0.058310 0.887540 1.316653 0.064193 0.993084 -0.098299 88.467392 -0.887134 0.101899 0.450122 4.774680 0.000000 0.000000 0.000000 1.000000
0.456572 0.054084 0.888041 1.006616 0.067670 0.993148 -0.095277 88.231819 -0.887109 0.103594 0.449784 5.245864 0.000000 0.000000 0.000000 1.000000
0.459858 0.061095 0.885888 0.636114 0.064830 0.992658 -0.102111 88.063843 -0.885623 0.104389 0.452521 5.816507 0.000000 0.000000 0.000000 1.000000
0.477392 0.071398 0.875785 0.277129 0.059133 0.991823 -0.113091 88.091133 -0.876699 0.105776 0.469267 6.237083 0.000000 0.000000 0.000000 1.000000
0.515181 0.083101 0.853044 0.118381 0.051249 0.990521 -0.127444 88.334038 -0.855548 0.109374 0.506038 6.419348 0.000000 0.000000 0.000000 1.000000
0.573670 0.090320 0.814092 0.370916 0.040705 0.989530 -0.138468 88.840988 -0.818075 0.112573 0.563987 6.218925 0.000000 0.000000 0.000000 1.000000
0.648307 0.091293 0.755886 0.762270 0.031219 0.988763 -0.146194 89.457199 -0.760739 0.118377 0.638172 5.899763 0.000000 0.000000 0.000000 1.000000
0.734851 0.084069 0.672998 0.992430 0.024731 0.988307 -0.150460 90.092445 -0.677777 0.127210 0.724180 5.396064 0.000000 0.000000 0.000000 1.000000
0.824097 0.073435 0.561669 1.059123 0.017153 0.987871 -0.154325 90.656647 -0.566189 0.136813 0.812842 4.792298 0.000000 0.000000 0.000000 1.000000
0.902994 0.059152 0.425562 0.930256 0.009551 0.987470 -0.157521 91.213921 -0.429547 0.146304 0.891114 4.144219 0.000000 0.000000 0.000000 1.000000
0.959075 0.051131 0.278496 0.788431 -0.005353 0.986659 -0.162714 91.734627 -0.283100 0.154564 0.946554 3.540737 0.000000 0.000000 0.000000 1.000000
0.988771 0.042749 0.143191 0.783669 -0.018671 0.986041 -0.165450 92.139648 -0.148265 0.160919 0.975768 2.921593 0.000000 0.000000 0.000000 1.000000
0.999303 0.032164 0.018941 0.867536 -0.028613 0.985940 -0.164631 92.303436 -0.023970 0.163974 0.986173 2.255204 0.000000 0.000000 0.000000 1.000000
0.994832 0.020298 -0.099485 0.889271 -0.036306 0.986146 -0.161856 92.438026 0.094821 0.164631 0.981787 1.631756 0.000000 0.000000 0.000000 1.000000
0.977206 0.008620 -0.212116 0.764304 -0.042933 0.986553 -0.157700 92.659973 0.207904 0.163212 0.964436 1.062219 0.000000 0.000000 0.000000 1.000000
0.947628 -0.002925 -0.319362 0.458801 -0.048402 0.987093 -0.152661 92.738419 0.315686 0.160123 0.935255 0.446615 0.000000 0.000000 0.000000 1.000000
0.906919 -0.013988 -0.421073 0.072855 -0.053234 0.987633 -0.147467 92.619751 0.417928 0.156156 0.894959 -0.260265 0.000000 0.000000 0.000000 1.000000
0.870194 -0.024527 -0.492099 0.065840 -0.057368 0.986923 -0.150635 92.348343 0.489358 0.159312 0.857408 -0.801596 0.000000 0.000000 0.000000 1.000000</float_array><technique_common><accessor source="#mixamorig7_Hips-Matrix-animation-output-transform-array" count="31" stride="16"><param type="float4x4"/></accessor></technique_common></source><source id="mixamorig7_Hips-Interpolations"><Name_array id="mixamorig7_Hips-Interpolations-array" count="31">
 LINEAR LINEAR LINEAR LINEAR LINEAR LINEAR LINEAR LINEAR LINEAR LINEAR LINEAR
LINEAR LINEAR LINEAR LINEAR LINEAR LINEAR LINEAR LINEAR LINEAR LINEAR LINEAR LINEAR
LINEAR LINEAR LINEAR LINEAR LINEAR LINEAR LINEAR LINEAR</Name_array><technique_common><accessor source="#mixamorig7_Hips-Interpolations-array" count="31"><param type="name"/></accessor></technique_common></source><sampler id="mixamorig7_Hips-Matrix-animation-transform"><input semantic="INPUT" source="#mixamorig7_Hips-Matrix-animation-input"/><input semantic="OUTPUT" source="#mixamorig7_Hips-Matrix-animation-output-transform"/><input semantic="INTERPOLATION" source="#mixamorig7_Hips-Interpolations"/></sampler><channel source="#mixamorig7_Hips-Matrix-animation-transform" target="mixamorig7_Hips/matrix"/></animation>
    <animation id="mixamorig7_Spine-anim" name="mixamorig7_Spine"><source id="mixamorig7_Spine-Matrix-animation-input"><float_array id="mixamorig7_Spine-Matrix-animation-input-array" count="31">

0.000000 0.033333 0.066667 0.100000 0.133333 0.166667 0.200000 0.233333 0.266667 0.300000 0.333333 0.366667 0.400000 0.433333 0.466667 0.500000
0.533333 0.566667 0.600000 0.633333 0.666667 0.700000 0.733333 0.766667 0.800000 0.833333 0.866667 0.900000 0.933333 0.966667 1.000000</float_array><technique_common><accessor source="#mixamorig7_Spine-Matrix-animation-input-array" count="31"><param name="TIME" type="float"/></accessor></technique_common></source><source id="mixamorig7_Spine-Matrix-animation-output-transform"><float_array id="mixamorig7_Spine-Matrix-animation-output-transform-array" count="496">

0.999956 -0.009322 0.000875 0.000000 0.009217 0.996492 0.083176 9.694400 -0.001647 -0.083165 0.996534 -1.109700 0.000000 0.000000 0.000000 1.000000
0.999997 -0.002398 0.000013 0.000000 0.002389 0.996776 0.080200 9.694400 -0.000205 -0.080199 0.996779 -1.109700 0.000000 0.000000 0.000000 1.000000
0.999991 -0.000773 -0.004140 0.000000 0.001093 0.996978 0.077676 9.694400 0.004067 -0.077680 0.996970 -1.109700 0.000000 0.000000 0.000000 1.000000
0.999937 0.000079 -0.011187 0.000000 0.000767 0.997134 0.075647 9.694400 0.011161 -0.075651 0.997072 -1.109700 0.000000 0.000000 0.000000 1.000000
0.999815 0.003176 -0.018980 0.000000 -0.001740 0.997169 0.075173 9.694400 0.019165 -0.075126 0.996990 -1.109700 0.000000 0.000000 0.000000 1.000000
0.999658 0.007280 -0.025124 -0.000000 -0.005529 0.997596 0.069084 9.694400 0.025566 -0.068922 0.997294 -1.109700 0.000000 0.000000 0.000000 1.000000
0.999593 0.002756 -0.028394 0.000000 -0.000725 0.997456 0.071285 9.694400 0.028519 -0.071235 0.997052 -1.109700 0.000000 0.000000 0.000000 1.000000
0.999538 -0.012399 -0.027745 0.000000 0.014390 0.997247 0.072747 9.694400 0.026767 -0.073112 0.996964 -1.109700 0.000000 0.000000 0.000000 1.000000
0.998787 -0.041878 -0.025918 -0.000000 0.043733 0.996169 0.075722 9.694400 0.022648 -0.076764 0.996792 -1.109700 0.000000 0.000000 0.000000 1.000000
0.996781 -0.076087 -0.025251 0.000000 0.077898 0.993679 0.080835 9.694400 0.018941 -0.082542 0.996408 -1.109700 0.000000 0.000000 0.000000 1.000000
0.994525 -0.101196 -0.026082 -0.000000 0.103083 0.990973 0.085708 9.694400 0.017173 -0.087927 0.995979 -1.109700 0.000000 0.000000 0.000000 1.000000
0.993419 -0.111517 -0.026136 -0.000000 0.113419 0.989585 0.088640 9.694400 0.015979 -0.091021 0.995721 -1.109700 0.000000 0.000000 0.000000 1.000000
0.993635 -0.110238 -0.023174 0.000000 0.111885 0.989696 0.089353 9.694400 0.013086 -0.091377 0.995730 -1.109700 0.000000 0.000000 0.000000 1.000000
0.994457 -0.103716 -0.017286 0.000000 0.104848 0.990523 0.088717 9.694400 0.007921 -0.090037 0.995907 -1.109700 0.000000 0.000000 0.000000 1.000000
0.995350 -0.095818 -0.009826 -0.000000 0.096311 0.991474 0.087775 9.694400 0.001332 -0.088313 0.996092 -1.109700 0.000000 0.000000 0.000000 1.000000
0.996118 -0.087990 -0.002402 -0.000000 0.087866 0.992339 0.086849 9.694400 -0.005258 -0.086723 0.996219 -1.109700 0.000000 0.000000 0.000000 1.000000
0.996751 -0.080464 0.003464 0.000000 0.079872 0.993107 0.085789 9.694400 -0.010343 -0.085234 0.996307 -1.109700 0.000000 0.000000 0.000000 1.000000
0.997264 -0.073649 0.006395 0.000000 0.072846 0.993742 0.084682 9.694400 -0.012591 -0.083984 0.996388 -1.109700 0.000000 0.000000 0.000000 1.000000
0.997715 -0.067284 0.006076 0.000000 0.066541 0.994263 0.083746 9.694400 -0.011676 -0.083150 0.996469 -1.109700 0.000000 0.000000 0.000000 1.000000
0.998163 -0.060455 0.003874 0.000000 0.059928 0.994764 0.082783 9.694400 -0.008858 -0.082399 0.996560 -1.109700 0.000000 0.000000 0.000000 1.000000
0.998635 -0.052178 0.002221 0.000000 0.051823 0.995316 0.081614 9.694400 -0.006469 -0.081388 0.996662 -1.109700 0.000000 0.000000 0.000000 1.000000
0.999135 -0.041505 0.002584 0.000000 0.041162 0.995896 0.080606 9.694400 -0.005919 -0.080429 0.996743 -1.109700 0.000000 0.000000 0.000000 1.000000
0.999534 -0.030243 0.004222 -0.000000 0.029806 0.996312 0.080464 9.694400 -0.006640 -0.080301 0.996749 -1.109700 0.000000 0.000000 0.000000 1.000000
0.999619 -0.027204 0.004580 -0.000000 0.026740 0.996312 0.081526 9.694400 -0.006781 -0.081372 0.996661 -1.109700 0.000000 0.000000 0.000000 1.000000
0.999591 -0.028278 0.004283 0.000000 0.027828 0.996195 0.082587 9.694400 -0.006602 -0.082434 0.996575 -1.109700 0.000000 0.000000 0.000000 1.000000
0.999537 -0.030261 0.003315 0.000000 0.029890 0.996223 0.081528 9.694400 -0.005770 -0.081391 0.996666 -1.109700 0.000000 0.000000 0.000000 1.000000
0.999546 -0.030032 0.002347 0.000000 0.029748 0.996340 0.080138 9.694400 -0.004745 -0.080032 0.996781 -1.109700 0.000000 0.000000 0.000000 1.000000
0.999613 -0.027763 0.001609 0.000000 0.027546 0.996418 0.079950 9.694400 -0.003823 -0.079874 0.996798 -1.109700 0.000000 0.000000 0.000000 1.000000
0.999753 -0.022183 0.001254 -0.000000 0.022007 0.996438 0.081405 9.694400 -0.003056 -0.081358 0.996680 -1.109700 0.000000 0.000000 0.000000 1.000000
0.999911 -0.013221 0.001659 0.000000 0.013042 0.996575 0.081658 9.694400 -0.002733 -0.081629 0.996659 -1.109700 0.000000 0.000000 0.000000 1.000000
0.999956 -0.009322 0.000875 -0.000000 0.009217 0.996492 0.083176 9.694400 -0.001647 -0.083165 0.996534 -1.109700 0.000000 0.000000 0.000000 1.000000</float_array><technique_common><accessor source="#mixamorig7_Spine-Matrix-animation-output-transform-array" count="31" stride="16"><param type="float4x4"/></accessor></technique_common></source><source id="mixamorig7_Spine-Interpolations"><Name_array id="mixamorig7_Spine-Interpolations-array" count="31">
 LINEAR LINEAR LINEAR LINEAR LINEAR LINEAR LINEAR LINEAR LINEAR LINEAR LINEAR
LINEAR LINEAR LINEAR LINEAR LINEAR LINEAR LINEAR LINEAR LINEAR LINEAR LINEAR LINEAR
LINEAR LINEAR LINEAR LINEAR LINEAR LINEAR LINEAR LINEAR</Name_array><technique_common><accessor source="#mixamorig7_Spine-Interpolations-array" count="31"><param type="name"/></accessor></technique_common></source><sampler id="mixamorig7_Spine-Matrix-animation-transform"><input semantic="INPUT" source="#mixamorig7_Spine-Matrix-animation-input"/><input semantic="OUTPUT" source="#mixamorig7_Spine-Matrix-animation-output-transform"/><input semantic="INTERPOLATION" source="#mixamorig7_Spine-Interpolations"/></sampler><channel source="#mixamorig7_Spine-Matrix-animation-transform" target="mixamorig7_Spine/matrix"/></animation>
    <animation id="mixamorig7_Spine1-anim" name="mixamorig7_Spine1"><source id="mixamorig7_Spine1-Matrix-animation-input"><float_array id="mixamorig7_Spine1-Matrix-animation-input-array" count="31">

0.000000 0.033333 0.066667 0.100000 0.133333 0.166667 0.200000 0.233333 0.266667 0.300000 0.333333 0.366667 0.400000 0.433333 0.466667 0.500000
0.533333 0.566667 0.600000 0.633333 0.666667 0.700000 0.733333 0.766667 0.800000 0.833333 0.866667 0.900000 0.933333 0.966667 1.000000</float_array><technique_common><accessor source="#mixamorig7_Spine1-Matrix-animation-input-array" count="31"><param name="TIME" type="float"/></accessor></technique_common></source><source id="mixamorig7_Spine1-Matrix-animation-output-transform"><float_array id="mixamorig7_Spine1-Matrix-animation-output-transform-array" count="496">

0.999990 -0.004517 0.000761 0.000000 0.004556 0.998041 -0.062400 11.384000 -0.000478 0.062403 0.998051 0.000000 0.000000 0.000000 0.000000 1.000000
0.999996 -0.002701 -0.001130 -0.000000 0.002621 0.997849 -0.065503 11.384000 0.001305 0.065499 0.997852 0.000000 0.000000 0.000000 0.000000 1.000000
0.999965 -0.003113 -0.007717 -0.000000 0.002564 0.997540 -0.070048 11.384000 0.007916 0.070026 0.997514 0.000000 0.000000 0.000000 0.000000 1.000000
0.999783 -0.003388 -0.020562 0.000000 0.001831 0.997160 -0.075284 11.384000 0.020759 0.075230 0.996950 -0.000000 0.000000 0.000000 0.000000 1.000000
0.999348 -0.004071 -0.035876 0.000000 0.001206 0.996834 -0.079506 11.384000 0.036086 0.079411 0.996189 0.000000 0.000000 0.000000 0.000000 1.000000
0.998773 -0.005483 -0.049222 0.000000 0.001245 0.996318 -0.085724 11.384000 0.049511 0.085558 0.995102 0.000000 0.000000 0.000000 0.000000 1.000000
0.998309 -0.010164 -0.057234 0.000000 0.005306 0.996418 -0.084399 11.384000 0.057886 0.083952 0.994787 0.000000 0.000000 0.000000 0.000000 1.000000
0.998204 -0.016679 -0.057533 0.000000 0.011973 0.996627 -0.081181 11.384000 0.058693 0.080347 0.995037 0.000000 0.000000 0.000000 0.000000 1.000000
0.998306 -0.029139 -0.050360 -0.000000 0.025266 0.996796 -0.075893 11.384000 0.052410 0.074492 0.995843 -0.000000 0.000000 0.000000 0.000000 1.000000
0.998315 -0.044842 -0.036839 0.000000 0.042211 0.996699 -0.069351 11.384000 0.039827 0.067679 0.996912 0.000000 0.000000 0.000000 0.000000 1.000000
0.998138 -0.058118 -0.018497 -0.000000 0.056825 0.996324 -0.064099 11.384000 0.022155 0.062929 0.997772 0.000000 0.000000 0.000000 0.000000 1.000000
0.997890 -0.064886 0.002504 0.000000 0.064916 0.995958 -0.062078 11.384000 0.001534 0.062110 0.998068 -0.000000 0.000000 0.000000 0.000000 1.000000
0.997664 -0.064354 0.022933 0.000000 0.065695 0.995818 -0.063492 11.384000 -0.018751 0.064850 0.997719 0.000000 0.000000 0.000000 0.000000 1.000000
0.997527 -0.057938 0.039777 -0.000000 0.060495 0.995956 -0.066423 11.384000 -0.035767 0.068665 0.996998 0.000000 0.000000 0.000000 0.000000 1.000000
0.997456 -0.048627 0.052121 0.000000 0.052163 0.996268 -0.068771 11.384000 -0.048582 0.071315 0.996270 -0.000000 0.000000 0.000000 0.000000 1.000000
0.997377 -0.039718 0.060504 -0.000000 0.043945 0.996564 -0.070210 11.384000 -0.057508 0.072685 0.995696 0.000000 0.000000 0.000000 0.000000 1.000000
0.997355 -0.032710 0.064915 0.000000 0.037330 0.996757 -0.071290 11.384000 -0.062373 0.073524 0.995341 0.000000 0.000000 0.000000 0.000000 1.000000
0.997557 -0.027296 0.064310 0.000000 0.031918 0.996895 -0.071979 11.384000 -0.062146 0.073855 0.995331 -0.000000 0.000000 0.000000 0.000000 1.000000
0.998053 -0.022841 0.058031 -0.000000 0.027005 0.997038 -0.072017 11.384000 -0.056214 0.073444 0.995714 0.000000 0.000000 0.000000 0.000000 1.000000
0.998699 -0.018892 0.047364 0.000000 0.022267 0.997172 -0.071774 11.384000 -0.045874 0.072735 0.996296 -0.000000 0.000000 0.000000 0.000000 1.000000
0.999257 -0.014903 0.035552 -0.000000 0.017424 0.997275 -0.071686 11.384000 -0.034387 0.072252 0.996793 0.000000 0.000000 0.000000 0.000000 1.000000
0.999616 -0.010334 0.025710 0.000000 0.012146 0.997376 -0.071364 11.384000 -0.024905 0.071649 0.997119 0.000000 0.000000 0.000000 0.000000 1.000000
0.999811 -0.005200 0.018724 0.000000 0.006495 0.997540 -0.069802 11.384000 -0.018315 0.069910 0.997385 0.000000 0.000000 0.000000 0.000000 1.000000
0.999892 -0.003898 0.014185 0.000000 0.004846 0.997713 -0.067422 11.384000 -0.013890 0.067484 0.997624 0.000000 0.000000 0.000000 0.000000 1.000000
0.999929 -0.004807 0.010942 -0.000000 0.005515 0.997830 -0.065609 11.384000 -0.010603 0.065665 0.997785 0.000000 0.000000 0.000000 0.000000 1.000000
0.999940 -0.007277 0.008233 0.000000 0.007800 0.997830 -0.065373 11.384000 -0.007739 0.065433 0.997827 0.000000 0.000000 0.000000 0.000000 1.000000
0.999941 -0.008999 0.006105 -0.000000 0.009380 0.997805 -0.065553 11.384000 -0.005502 0.065607 0.997830 -0.000000 0.000000 0.000000 0.000000 1.000000
0.999946 -0.009401 0.004413 0.000000 0.009668 0.997831 -0.065112 11.384000 -0.003792 0.065151 0.997868 0.000000 0.000000 0.000000 0.000000 1.000000
0.999964 -0.007894 0.003014 -0.000000 0.008070 0.997937 -0.063689 11.384000 -0.002505 0.063711 0.997965 0.000000 0.000000 0.000000 0.000000 1.000000
0.999988 -0.004343 0.002044 0.000000 0.004463 0.998004 -0.062992 11.384000 -0.001766 0.063001 0.998012 -0.000000 0.000000 0.000000 0.000000 1.000000
0.999990 -0.004517 0.000761 0.000000 0.004556 0.998041 -0.062400 11.384000 -0.000478 0.062403 0.998051 0.000000 0.000000 0.000000 0.000000 1.000000</float_array><technique_common><accessor source="#mixamorig7_Spine1-Matrix-animation-output-transform-array" count="31" stride="16"><param type="float4x4"/></accessor></technique_common></source><source id="mixamorig7_Spine1-Interpolations"><Name_array id="mixamorig7_Spine1-Interpolations-array" count="31">
 LINEAR LINEAR LINEAR LINEAR LINEAR LINEAR LINEAR LINEAR LINEAR LINEAR LINEAR
LINEAR LINEAR LINEAR LINEAR LINEAR LINEAR LINEAR LINEAR LINEAR LINEAR LINEAR LINEAR
LINEAR LINEAR LINEAR LINEAR LINEAR LINEAR LINEAR LINEAR</Name_array><technique_common><accessor source="#mixamorig7_Spine1-Interpolations-array" count="31"><param type="name"/></accessor></technique_common></source><sampler id="mixamorig7_Spine1-Matrix-animation-transform"><input semantic="INPUT" source="#mixamorig7_Spine1-Matrix-animation-input"/><input semantic="OUTPUT" source="#mixamorig7_Spine1-Matrix-animation-output-transform"/><input semantic="INTERPOLATION" source="#mixamorig7_Spine1-Interpolations"/></sampler><channel source="#mixamorig7_Spine1-Matrix-animation-transform" target="mixamorig7_Spine1/matrix"/></animation>
    <animation id="mixamorig7_Spine2-anim" name="mixamorig7_Spine2"><source id="mixamorig7_Spine2-Matrix-animation-input"><float_array id="mixamorig7_Spine2-Matrix-animation-input-array" count="31">

0.000000 0.033333 0.066667 0.100000 0.133333 0.166667 0.200000 0.233333 0.266667 0.300000 0.333333 0.366667 0.400000 0.433333 0.466667 0.500000
0.533333 0.566667 0.600000 0.633333 0.666667 0.700000 0.733333 0.766667 0.800000 0.833333 0.866667 0.900000 0.933333 0.966667 1.000000</float_array><technique_common><accessor source="#mixamorig7_Spine2-Matrix-animation-input-array" count="31"><param name="TIME" type="float"/></accessor></technique_common></source><source id="mixamorig7_Spine2-Matrix-animation-output-transform"><float_array id="mixamorig7_Spine2-Matrix-animation-output-transform-array" count="496">

0.999989 -0.004518 0.000816 0.000000 0.004560 0.998041 -0.062396 13.010300 -0.000533 0.062399 0.998051 0.000000 0.000000 0.000000 0.000000 1.000000
0.999996 -0.002691 -0.001222 0.000000 0.002605 0.997849 -0.065499 13.010300 0.001395 0.065495 0.997852 0.000000 0.000000 0.000000 0.000000 1.000000
0.999965 -0.003104 -0.007742 0.000000 0.002554 0.997540 -0.070047 13.010300 0.007941 0.070025 0.997514 -0.000000 0.000000 0.000000 0.000000 1.000000
0.999782 -0.003385 -0.020585 0.000000 0.001826 0.997160 -0.075286 13.010300 0.020782 0.075232 0.996949 0.000000 0.000000 0.000000 0.000000 1.000000
0.999342 -0.004102 -0.036033 0.000000 0.001227 0.996838 -0.079450 13.010300 0.036245 0.079353 0.996187 0.000000 0.000000 0.000000 0.000000 1.000000
0.998756 -0.005361 -0.049580 0.000000 0.001101 0.996334 -0.085546 13.010300 0.049856 0.085385 0.995100 0.000000 0.000000 0.000000 0.000000 1.000000
0.998298 -0.010090 -0.057441 0.000000 0.005221 0.996427 -0.084292 13.010300 0.058087 0.083849 0.994784 0.000000 0.000000 0.000000 0.000000 1.000000
0.998207 -0.016626 -0.057506 0.000000 0.011920 0.996624 -0.081230 13.010300 0.058662 0.080398 0.995035 0.000000 0.000000 0.000000 0.000000 1.000000
0.998330 -0.029175 -0.049868 0.000000 0.025323 0.996771 -0.076199 13.010300 0.051931 0.074809 0.995845 0.000000 0.000000 0.000000 0.000000 1.000000
0.998346 -0.045008 -0.035762 0.000000 0.042433 0.996661 -0.069759 13.010300 0.038782 0.068126 0.996923 0.000000 0.000000 0.000000 0.000000 1.000000
0.998157 -0.058303 -0.016837 -0.000000 0.057110 0.996295 -0.064300 13.010300 0.020524 0.063220 0.997789 0.000000 0.000000 0.000000 0.000000 1.000000
0.997879 -0.064924 0.004632 0.000000 0.065086 0.995963 -0.061825 13.010300 -0.000599 0.061995 0.998076 0.000000 0.000000 0.000000 0.000000 1.000000
0.997620 -0.064145 0.025313 0.000000 0.065624 0.995870 -0.062743 13.010300 -0.021184 0.064255 0.997709 -0.000000 0.000000 0.000000 0.000000 1.000000
0.997456 -0.057493 0.042154 -0.000000 0.060172 0.996049 -0.065319 13.010300 -0.038232 0.067689 0.996974 0.000000 0.000000 0.000000 0.000000 1.000000
0.997369 -0.048022 0.054299 0.000000 0.051649 0.996381 -0.067506 13.010300 -0.050860 0.070132 0.996240 0.000000 0.000000 0.000000 0.000000 1.000000
0.997287 -0.039038 0.062411 0.000000 0.043328 0.996680 -0.068930 13.010300 -0.059513 0.071447 0.995667 -0.000000 0.000000 0.000000 0.000000 1.000000
0.997267 -0.032041 0.066576 0.000000 0.036707 0.996866 -0.070076 13.010300 -0.064122 0.072329 0.995318 -0.000000 0.000000 0.000000 0.000000 1.000000
0.997476 -0.026721 0.065791 0.000000 0.031382 0.996992 -0.070872 13.010300 -0.063700 0.072758 0.995313 0.000000 0.000000 0.000000 0.000000 1.000000
0.997983 -0.022414 0.059391 0.000000 0.026623 0.997117 -0.071056 13.010300 -0.057627 0.072493 0.995703 0.000000 0.000000 0.000000 0.000000 1.000000
0.998644 -0.018630 0.048605 0.000000 0.022060 0.997232 -0.071011 13.010300 -0.047148 0.071987 0.996291 0.000000 0.000000 0.000000 0.000000 1.000000
0.999220 -0.014783 0.036626 0.000000 0.017363 0.997314 -0.071157 13.010300 -0.035476 0.071738 0.996792 -0.000000 0.000000 0.000000 0.000000 1.000000
0.999594 -0.010305 0.026561 0.000000 0.012170 0.997399 -0.071049 13.010300 -0.025760 0.071343 0.997119 0.000000 0.000000 0.000000 0.000000 1.000000
0.999800 -0.005207 0.019331 0.000000 0.006542 0.997551 -0.069635 13.010300 -0.018921 0.069748 0.997385 0.000000 0.000000 0.000000 0.000000 1.000000
0.999884 -0.003917 0.014747 0.000000 0.004901 0.997721 -0.067301 13.010300 -0.014449 0.067366 0.997624 0.000000 0.000000 0.000000 0.000000 1.000000
0.999922 -0.004833 0.011526 0.000000 0.005578 0.997836 -0.065509 13.010300 -0.011185 0.065568 0.997785 0.000000 0.000000 0.000000 0.000000 1.000000
0.999933 -0.007325 0.008907 0.000000 0.007891 0.997836 -0.065281 13.010300 -0.008410 0.065347 0.997827 -0.000000 0.000000 0.000000 0.000000 1.000000
0.999936 -0.009057 0.006797 0.000000 0.009483 0.997809 -0.065477 13.010300 -0.006189 0.065537 0.997831 0.000000 0.000000 0.000000 0.000000 1.000000
0.999943 -0.009453 0.005026 0.000000 0.009760 0.997834 -0.065056 13.010300 -0.004400 0.065102 0.997869 -0.000000 0.000000 0.000000 0.000000 1.000000
0.999963 -0.007926 0.003431 0.000000 0.008129 0.997939 -0.063659 13.010300 -0.002919 0.063685 0.997966 0.000000 0.000000 0.000000 0.000000 1.000000
0.999988 -0.004349 0.002146 0.000000 0.004476 0.998004 -0.062985 13.010300 -0.001867 0.062994 0.998012 0.000000 0.000000 0.000000 0.000000 1.000000
0.999989 -0.004518 0.000816 0.000000 0.004560 0.998041 -0.062396 13.010300 -0.000533 0.062399 0.998051 0.000000 0.000000 0.000000 0.000000 1.000000</float_array><technique_common><accessor source="#mixamorig7_Spine2-Matrix-animation-output-transform-array" count="31" stride="16"><param type="float4x4"/></accessor></technique_common></source><source id="mixamorig7_Spine2-Interpolations"><Name_array id="mixamorig7_Spine2-Interpolations-array" count="31">
 LINEAR LINEAR LINEAR LINEAR LINEAR LINEAR LINEAR LINEAR LINEAR LINEAR LINEAR
LINEAR LINEAR LINEAR LINEAR LINEAR LINEAR LINEAR LINEAR LINEAR LINEAR LINEAR LINEAR
LINEAR LINEAR LINEAR LINEAR LINEAR LINEAR LINEAR LINEAR</Name_array><technique_common><accessor source="#mixamorig7_Spine2-Interpolations-array" count="31"><param type="name"/></accessor></technique_common></source><sampler id="mixamorig7_Spine2-Matrix-animation-transform"><input semantic="INPUT" source="#mixamorig7_Spine2-Matrix-animation-input"/><input semantic="OUTPUT" source="#mixamorig7_Spine2-Matrix-animation-output-transform"/><input semantic="INTERPOLATION" source="#mixamorig7_Spine2-Interpolations"/></sampler><channel source="#mixamorig7_Spine2-Matrix-animation-transform" target="mixamorig7_Spine2/matrix"/></animation>
    <animation id="mixamorig7_Neck-anim" name="mixamorig7_Neck"><source id="mixamorig7_Neck-Matrix-animation-input"><float_array id="mixamorig7_Neck-Matrix-animation-input-array" count="31">

0.000000 0.033333 0.066667 0.100000 0.133333 0.166667 0.200000 0.233333 0.266667 0.300000 0.333333 0.366667 0.400000 0.433333 0.466667 0.500000
0.533333 0.566667 0.600000 0.633333 0.666667 0.700000 0.733333 0.766667 0.800000 0.833333 0.866667 0.900000 0.933333 0.966667 1.000000</float_array><technique_common><accessor source="#mixamorig7_Neck-Matrix-animation-input-array" count="31"><param name="TIME" type="float"/></accessor></technique_common></source><source id="mixamorig7_Neck-Matrix-animation-output-transform"><float_array id="mixamorig7_Neck-Matrix-animation-output-transform-array" count="496">

0.990627 0.115783 0.072475 0.000000 -0.089447 0.950853 -0.296441 14.636600 -0.103236 0.287179 0.952297 0.000000 0.000000 0.000000 0.000000 1.000000
0.989432 0.121310 0.079430 0.000000 -0.093379 0.952157 -0.290995 14.636600 -0.110930 0.280502 0.953422 0.000000 0.000000 0.000000 0.000000 1.000000
0.988213 0.126911 0.085607 0.000000 -0.098206 0.954541 -0.281438 14.636600 -0.117433 0.269713 0.955753 0.000000 0.000000 0.000000 0.000000 1.000000
0.987361 0.130768 0.089545 0.000000 -0.102139 0.957036 -0.271384 14.636600 -0.121186 0.258808 0.958297 0.000000 0.000000 0.000000 0.000000 1.000000
0.987544 0.130132 0.088445 0.000000 -0.102679 0.958926 -0.264419 14.636600 -0.119221 0.252044 0.960344 0.000000 0.000000 0.000000 0.000000 1.000000
0.989328 0.122051 0.079587 -0.000000 -0.097294 0.959958 -0.262708 14.636600 -0.108464 0.252161 0.961588 -0.000000 0.000000 0.000000 0.000000 1.000000
0.992470 0.106155 0.061109 0.000000 -0.086246 0.959896 -0.266761 14.636600 -0.086976 0.259482 0.961823 0.000000 0.000000 0.000000 0.000000 1.000000
0.995653 0.086988 0.033286 0.000000 -0.074619 0.958871 -0.273858 14.636600 -0.055739 0.270184 0.961194 0.000000 0.000000 0.000000 0.000000 1.000000
0.997467 0.071132 -0.000270 -0.000000 -0.068378 0.957786 -0.279230 14.636600 -0.019604 0.278542 0.960224 0.000000 0.000000 0.000000 0.000000 1.000000
0.997546 0.062056 -0.032418 0.000000 -0.068688 0.957114 -0.281451 14.636600 0.013562 0.282987 0.959028 0.000000 0.000000 0.000000 0.000000 1.000000
0.996697 0.059521 -0.055246 -0.000000 -0.072856 0.955889 -0.284550 14.636600 0.035872 0.287635 0.957068 -0.000000 0.000000 0.000000 0.000000 1.000000
0.995952 0.061928 -0.065147 0.000000 -0.078409 0.952935 -0.292860 14.636600 0.043944 0.296782 0.953934 0.000000 0.000000 0.000000 0.000000 1.000000
0.995675 0.067094 -0.064264 0.000000 -0.083619 0.948629 -0.305139 14.636600 0.040490 0.309193 0.950137 -0.000000 0.000000 0.000000 0.000000 1.000000
0.995734 0.072759 -0.056749 -0.000000 -0.087039 0.944811 -0.315844 14.636600 0.030636 0.319435 0.947113 0.000000 0.000000 0.000000 0.000000 1.000000
0.995878 0.077619 -0.046928 0.000000 -0.088618 0.942932 -0.320977 14.636600 0.019336 0.323813 0.945924 0.000000 0.000000 0.000000 0.000000 1.000000
0.995993 0.080564 -0.038813 -0.000000 -0.088776 0.942984 -0.320780 14.636600 0.010756 0.322941 0.946358 -0.000000 0.000000 0.000000 0.000000 1.000000
0.996203 0.080224 -0.033817 0.000000 -0.086825 0.944054 -0.318157 14.636600 0.006401 0.319885 0.947435 0.000000 0.000000 0.000000 0.000000 1.000000
0.996580 0.076778 -0.030553 -0.000000 -0.082506 0.945130 -0.316106 14.636600 0.004607 0.317546 0.948232 -0.000000 0.000000 0.000000 0.000000 1.000000
0.996947 0.073239 -0.027082 0.000000 -0.078045 0.945742 -0.315407 14.636600 0.002512 0.316558 0.948570 0.000000 0.000000 0.000000 0.000000 1.000000
0.997095 0.072883 -0.022145 0.000000 -0.076147 0.946138 -0.314680 14.636600 -0.001983 0.315452 0.948939 0.000000 0.000000 0.000000 0.000000 1.000000
0.997024 0.075586 -0.015134 0.000000 -0.076520 0.946685 -0.312942 14.636600 -0.009327 0.313169 0.949652 -0.000000 0.000000 0.000000 0.000000 1.000000
0.996875 0.078771 -0.005990 0.000000 -0.076724 0.947319 -0.310966 14.636600 -0.018820 0.310454 0.950402 0.000000 0.000000 0.000000 0.000000 1.000000
0.996692 0.081136 0.004795 0.000000 -0.075658 0.947724 -0.309991 14.636600 -0.029695 0.308603 0.950727 0.000000 0.000000 0.000000 0.000000 1.000000
0.996340 0.084126 0.015122 -0.000000 -0.075350 0.947995 -0.309238 14.636600 -0.040351 0.306967 0.950864 0.000000 0.000000 0.000000 0.000000 1.000000
0.995829 0.087943 0.024295 -0.000000 -0.076237 0.948345 -0.307944 14.636600 -0.050122 0.304807 0.951094 -0.000000 0.000000 0.000000 0.000000 1.000000
0.995201 0.092137 0.032935 -0.000000 -0.077693 0.948716 -0.306435 14.636600 -0.059480 0.302405 0.951322 0.000000 0.000000 0.000000 0.000000 1.000000
0.994471 0.096599 0.041192 0.000000 -0.079566 0.949090 -0.304791 14.636600 -0.068538 0.299828 0.951528 -0.000000 0.000000 0.000000 0.000000 1.000000
0.993646 0.101219 0.049217 -0.000000 -0.081704 0.949453 -0.303091 14.636600 -0.077407 0.297144 0.951690 -0.000000 0.000000 0.000000 0.000000 1.000000
0.992734 0.105887 0.057159 0.000000 -0.083952 0.949792 -0.301409 14.636600 -0.086205 0.294421 0.951780 0.000000 0.000000 0.000000 0.000000 1.000000
0.991734 0.110559 0.065119 -0.000000 -0.086224 0.950073 -0.299878 14.636600 -0.095021 0.291784 0.951752 0.000000 0.000000 0.000000 0.000000 1.000000
0.990627 0.115783 0.072475 0.000000 -0.089447 0.950853 -0.296441 14.636600 -0.103236 0.287179 0.952297 0.000000 0.000000 0.000000 0.000000 1.000000</float_array><technique_common><accessor source="#mixamorig7_Neck-Matrix-animation-output-transform-array" count="31" stride="16"><param type="float4x4"/></accessor></technique_common></source><source id="mixamorig7_Neck-Interpolations"><Name_array id="mixamorig7_Neck-Interpolations-array" count="31">
 LINEAR LINEAR LINEAR LINEAR LINEAR LINEAR LINEAR LINEAR LINEAR LINEAR LINEAR
LINEAR LINEAR LINEAR LINEAR LINEAR LINEAR LINEAR LINEAR LINEAR LINEAR LINEAR LINEAR
LINEAR LINEAR LINEAR LINEAR LINEAR LINEAR LINEAR LINEAR</Name_array><technique_common><accessor source="#mixamorig7_Neck-Interpolations-array" count="31"><param type="name"/></accessor></technique_common></source><sampler id="mixamorig7_Neck-Matrix-animation-transform"><input semantic="INPUT" source="#mixamorig7_Neck-Matrix-animation-input"/><input semantic="OUTPUT" source="#mixamorig7_Neck-Matrix-animation-output-transform"/><input semantic="INTERPOLATION" source="#mixamorig7_Neck-Interpolations"/></sampler><channel source="#mixamorig7_Neck-Matrix-animation-transform" target="mixamorig7_Neck/matrix"/></animation>
    <animation id="mixamorig7_Head-anim" name="mixamorig7_Head"><source id="mixamorig7_Head-Matrix-animation-input"><float_array id="mixamorig7_Head-Matrix-animation-input-array" count="31">

0.000000 0.033333 0.066667 0.100000 0.133333 0.166667 0.200000 0.233333 0.266667 0.300000 0.333333 0.366667 0.400000 0.433333 0.466667 0.500000
0.533333 0.566667 0.600000 0.633333 0.666667 0.700000 0.733333 0.766667 0.800000 0.833333 0.866667 0.900000 0.933333 0.966667 1.000000</float_array><technique_common><accessor source="#mixamorig7_Head-Matrix-animation-input-array" count="31"><param name="TIME" type="float"/></accessor></technique_common></source><source id="mixamorig7_Head-Matrix-animation-output-transform"><float_array id="mixamorig7_Head-Matrix-animation-output-transform-array" count="496">

0.990627 0.115783 0.072475 0.000000 -0.100607 0.977345 -0.186213 6.944300 -0.092394 0.177176 0.979833 1.982500 0.000000 0.000000 0.000000 1.000000
0.989432 0.121310 0.079430 0.000000 -0.105389 0.977880 -0.180676 6.944300 -0.099591 0.170396 0.980330 1.982500 0.000000 0.000000 0.000000 1.000000
0.988213 0.126911 0.085607 0.000000 -0.110924 0.979022 -0.170915 6.944300 -0.105502 0.159404 0.981560 1.982500 0.000000 0.000000 0.000000 1.000000
0.987361 0.130769 0.089545 0.000000 -0.115260 0.980260 -0.160639 6.944300 -0.108784 0.148288 0.982943 1.982500 0.000000 0.000000 0.000000 1.000000
0.987544 0.130132 0.088445 0.000000 -0.115572 0.981369 -0.153486 6.944300 -0.106771 0.141353 0.984185 1.982500 0.000000 0.000000 0.000000 1.000000
0.989328 0.122051 0.079587 0.000000 -0.108998 0.982407 -0.151643 6.944300 -0.096695 0.141350 0.985226 1.982500 0.000000 0.000000 0.000000 1.000000
0.992470 0.106155 0.061109 -0.000000 -0.095578 0.983178 -0.155644 6.944300 -0.076603 0.148632 0.985921 1.982500 0.000000 0.000000 0.000000 1.000000
0.995653 0.086988 0.033286 0.000000 -0.080474 0.983377 -0.162766 6.944300 -0.046891 0.159379 0.986103 1.982500 0.000000 0.000000 0.000000 1.000000
0.997467 0.071132 -0.000270 0.000000 -0.070164 0.983250 -0.168214 6.944300 -0.011700 0.167807 0.985750 1.982500 0.000000 0.000000 0.000000 1.000000
0.997546 0.062056 -0.032419 0.000000 -0.066700 0.983088 -0.170556 6.944300 0.021286 0.172299 0.984815 1.982500 0.000000 0.000000 0.000000 1.000000
0.996697 0.059521 -0.055246 0.000000 -0.068304 0.982399 -0.173857 6.944300 0.043925 0.177057 0.983220 1.982500 0.000000 0.000000 0.000000 1.000000
0.995952 0.061928 -0.065147 -0.000000 -0.072903 0.980505 -0.182469 6.944300 0.052577 0.186480 0.981051 1.982500 0.000000 0.000000 0.000000 1.000000
0.995675 0.067095 -0.064264 0.000000 -0.078472 0.977639 -0.195102 6.944300 0.049737 0.199301 0.978675 1.982500 0.000000 0.000000 0.000000 1.000000
0.995734 0.072759 -0.056750 0.000000 -0.082990 0.975009 -0.206081 6.944300 0.040337 0.209912 0.976888 1.982500 0.000000 0.000000 0.000000 1.000000
0.995878 0.077619 -0.046928 -0.000000 -0.085843 0.973641 -0.211315 6.944300 0.029289 0.214473 0.976291 1.982500 0.000000 0.000000 0.000000 1.000000
0.995993 0.080564 -0.038813 0.000000 -0.086977 0.973593 -0.211071 6.944300 0.020783 0.213601 0.976700 1.982500 0.000000 0.000000 0.000000 1.000000
0.996203 0.080224 -0.033817 0.000000 -0.085534 0.974309 -0.208343 6.944300 0.016234 0.210444 0.977471 1.982500 0.000000 0.000000 0.000000 1.000000
0.996580 0.076779 -0.030553 0.000000 -0.081447 0.975111 -0.206214 6.944300 0.013959 0.207997 0.978030 1.982500 0.000000 0.000000 0.000000 1.000000
0.996947 0.073239 -0.027081 -0.000000 -0.077253 0.975607 -0.205482 6.944300 0.011371 0.206947 0.978286 1.982500 0.000000 0.000000 0.000000 1.000000
0.997095 0.072883 -0.022146 0.000000 -0.075879 0.975876 -0.204717 6.944300 0.006691 0.205802 0.978571 1.982500 0.000000 0.000000 0.000000 1.000000
0.997024 0.075586 -0.015134 0.000000 -0.077084 0.976159 -0.202910 6.944300 -0.000564 0.203473 0.979080 1.982500 0.000000 0.000000 0.000000 1.000000
0.996875 0.078772 -0.005991 0.000000 -0.078367 0.976480 -0.200860 6.944300 -0.009972 0.200702 0.979602 1.982500 0.000000 0.000000 0.000000 1.000000
0.996692 0.081136 0.004794 0.000000 -0.078545 0.976672 -0.199854 6.944300 -0.020898 0.198816 0.979814 1.982500 0.000000 0.000000 0.000000 1.000000
0.996340 0.084126 0.015122 0.000000 -0.079450 0.976755 -0.199091 6.944300 -0.031519 0.197161 0.979864 1.982500 0.000000 0.000000 0.000000 1.000000
0.995829 0.087943 0.024295 0.000000 -0.081442 0.976858 -0.197779 6.944300 -0.041126 0.194975 0.979946 1.982500 0.000000 0.000000 0.000000 1.000000
0.995201 0.092137 0.032935 0.000000 -0.083953 0.976953 -0.196254 6.944300 -0.050258 0.192547 0.980000 1.982500 0.000000 0.000000 0.000000 1.000000
0.994471 0.096600 0.041192 0.000000 -0.086845 0.977031 -0.194599 6.944300 -0.059044 0.189946 0.980018 1.982500 0.000000 0.000000 0.000000 1.000000
0.993646 0.101219 0.049217 -0.000000 -0.089978 0.977086 -0.192890 6.944300 -0.067613 0.187236 0.979985 1.982500 0.000000 0.000000 0.000000 1.000000
0.992734 0.105887 0.057159 0.000000 -0.093211 0.977113 -0.191209 6.944300 -0.076097 0.184492 0.979884 1.982500 0.000000 0.000000 0.000000 1.000000
0.991734 0.110559 0.065118 0.000000 -0.096471 0.977093 -0.189691 6.944300 -0.084599 0.181841 0.979682 1.982500 0.000000 0.000000 0.000000 1.000000
0.990627 0.115783 0.072475 0.000000 -0.100607 0.977345 -0.186214 6.944300 -0.092394 0.177177 0.979833 1.982500 0.000000 0.000000 0.000000 1.000000</float_array><technique_common><accessor source="#mixamorig7_Head-Matrix-animation-output-transform-array" count="31" stride="16"><param type="float4x4"/></accessor></technique_common></source><source id="mixamorig7_Head-Interpolations"><Name_array id="mixamorig7_Head-Interpolations-array" count="31">
 LINEAR LINEAR LINEAR LINEAR LINEAR LINEAR LINEAR LINEAR LINEAR LINEAR LINEAR
LINEAR LINEAR LINEAR LINEAR LINEAR LINEAR LINEAR LINEAR LINEAR LINEAR LINEAR LINEAR
LINEAR LINEAR LINEAR LINEAR LINEAR LINEAR LINEAR LINEAR</Name_array><technique_common><accessor source="#mixamorig7_Head-Interpolations-array" count="31"><param type="name"/></accessor></technique_common></source><sampler id="mixamorig7_Head-Matrix-animation-transform"><input semantic="INPUT" source="#mixamorig7_Head-Matrix-animation-input"/><input semantic="OUTPUT" source="#mixamorig7_Head-Matrix-animation-output-transform"/><input semantic="INTERPOLATION" source="#mixamorig7_Head-Interpolations"/></sampler><channel source="#mixamorig7_Head-Matrix-animation-transform" target="mixamorig7_Head/matrix"/></animation>
    <animation id="mixamorig7_LeftShoulder-anim" name="mixamorig7_LeftShoulder"><source id="mixamorig7_LeftShoulder-Matrix-animation-input"><float_array id="mixamorig7_LeftShoulder-Matrix-animation-input-array" count="31">

0.000000 0.033333 0.066667 0.100000 0.133333 0.166667 0.200000 0.233333 0.266667 0.300000 0.333333 0.366667 0.400000 0.433333 0.466667 0.500000
