<?xml version="1.0" encoding="utf-8"?>
<COLLADA xmlns="http://www.collada.org/2005/11/COLLADASchema" version="1.4.1">
  <asset><contributor><author>Mixamo</author><authoring_tool>COLLADA Mixamo exporter</authoring_tool><comments></comments></contributor><created>2020-08-07T15:09:50Z</created><modified>2020-08-07T15:09:50Z</modified><revision></revision><title></title><unit meter="0.010000"/><up_axis>Y_UP</up_axis></asset>
  <library_animations>
    <animation id="mixamorig7_Hips-anim" name="mixamorig7_Hips"><source id="mixamorig7_Hips-Matrix-animation-input"><float_array id="mixamorig7_Hips-Matrix-animation-input-array" count="30">

0.000000 0.033333 0.066667 0.100000 0.133333 0.166667 0.200000 0.233333 0.266667 0.300000 0.333333 0.366667 0.400000 0.433333 0.466667 0.500000
0.533333 0.566667 0.600000 0.633333 0.666667 0.700000 0.733333 0.766667 0.800000 0.833333 0.866667 0.900000 0.933333 0.966667</float_array><technique_common><accessor source="#mixamorig7_Hips-Matrix-animation-input-array" count="30"><param name="TIME" type="float"/></accessor></technique_common></source><source id="mixamorig7_Hips-Matrix-animation-output-transform"><float_array id="mixamorig7_Hips-Matrix-animation-output-transform-array" count="480">

0.981772 0.075016 0.174632 0.189487 -0.077028 0.997018 0.004764 97.858269 -0.173754 -0.018129 0.984622 0.427186 0.000000 0.000000 0.000000 1.000000
0.987447 0.057421 0.147144 0.440805 -0.056735 0.998350 -0.008861 98.181023 -0.147410 0.000402 0.989075 0.162116 0.000000 0.000000 0.000000 1.000000
0.993672 0.037988 0.105702 0.760767 -0.035618 0.999072 -0.024224 97.976700 -0.106524 0.020306 0.994103 -0.094688 0.000000 0.000000 0.000000 1.000000
0.998244 0.014519 0.057432 1.126994 -0.012365 0.999213 -0.037679 97.471016 -0.057933 0.036903 0.997638 -0.240043 0.000000 0.000000 0.000000 1.000000
0.999936 -0.002991 0.010940 1.469044 0.003474 0.999008 -0.044400 96.814453 -0.010797 0.044435 0.998954 -0.156939 0.000000 0.000000 0.000000 1.000000
0.999601 -0.005553 -0.027700 1.761362 0.004358 0.999065 -0.043024 96.042786 0.027913 0.042886 0.998690 0.224143 0.000000 0.000000 0.000000 1.000000
0.998237 -0.003654 -0.059243 2.174082 0.001194 0.999138 -0.041501 94.937782 0.059343 0.041357 0.997381 0.919303 0.000000 0.000000 0.000000 1.000000
0.996973 -0.009711 -0.077138 2.547982 0.006493 0.999103 -0.041857 94.011429 0.077475 0.041229 0.996141 1.472918 0.000000 0.000000 0.000000 1.000000
0.996613 -0.028494 -0.077138 2.981578 0.025795 0.999027 -0.035764 94.162338 0.078082 0.033653 0.996379 2.038311 0.000000 0.000000 0.000000 1.000000
0.996315 -0.042155 -0.074689 3.459998 0.040621 0.998934 -0.021940 94.409111 0.075534 0.018825 0.996965 2.947240 0.000000 0.000000 0.000000 1.000000
0.995506 -0.062305 -0.071315 4.075666 0.061560 0.998024 -0.012593 94.739746 0.071959 0.008146 0.997374 3.647442 0.000000 0.000000 0.000000 1.000000
0.994543 -0.085756 -0.059409 4.720092 0.085639 0.996316 -0.004518 95.314751 0.059578 -0.000594 0.998223 3.850451 0.000000 0.000000 0.000000 1.000000
0.993102 -0.105443 -0.051277 5.159469 0.105630 0.994405 0.000937 95.981804 0.050892 -0.006347 0.998684 3.597634 0.000000 0.000000 0.000000 1.000000
0.992234 -0.112483 -0.053094 5.356614 0.112745 0.993622 0.001939 96.812248 0.052538 -0.007910 0.998588 3.145115 0.000000 0.000000 0.000000 1.000000
0.992530 -0.107162 -0.058311 5.312518 0.107457 0.994208 0.001939 97.619530 0.057766 -0.008191 0.998297 2.621461 0.000000 0.000000 0.000000 1.000000
0.994128 -0.097597 -0.046734 5.143501 0.097446 0.995226 -0.005504 98.020073 0.047048 0.000918 0.998892 2.081977 0.000000 0.000000 0.000000 1.000000
0.996598 -0.079982 -0.019897 4.865253 0.079705 0.996715 -0.014337 98.194931 0.020978 0.012703 0.999699 1.666729 0.000000 0.000000 0.000000 1.000000
0.998446 -0.053938 0.014014 4.411003 0.054206 0.998339 -0.019494 98.163078 -0.012939 0.020223 0.999712 1.325650 0.000000 0.000000 0.000000 1.000000
0.998348 -0.034429 0.046004 3.986457 0.035337 0.999193 -0.019085 97.759911 -0.045310 0.020679 0.998759 1.188575 0.000000 0.000000 0.000000 1.000000
0.996423 -0.029411 0.079221 3.552768 0.030476 0.999460 -0.012268 96.864761 -0.078818 0.014638 0.996782 1.507967 0.000000 0.000000 0.000000 1.000000
0.993099 -0.027895 0.113909 3.162903 0.029166 0.999529 -0.009506 95.327217 -0.113591 0.012763 0.993446 1.795065 0.000000 0.000000 0.000000 1.000000
0.989956 -0.022428 0.139583 2.768769 0.023108 0.999728 -0.003256 94.380081 -0.139471 0.006448 0.990205 2.143018 0.000000 0.000000 0.000000 1.000000
0.988993 -0.009659 0.147650 2.362753 0.009293 0.999952 0.003166 94.180450 -0.147673 -0.001759 0.989035 2.523828 0.000000 0.000000 0.000000 1.000000
0.988576 0.002942 0.150698 1.862677 -0.004242 0.999957 0.008303 94.395355 -0.150667 -0.008848 0.988545 2.981455 0.000000 0.000000 0.000000 1.000000
0.988154 0.019993 0.152161 1.286349 -0.022103 0.999681 0.012189 94.495895 -0.151868 -0.015408 0.988281 3.463160 0.000000 0.000000 0.000000 1.000000
0.988093 0.042806 0.147785 0.725429 -0.044851 0.998938 0.010536 94.747261 -0.147177 -0.017039 0.988963 3.533719 0.000000 0.000000 0.000000 1.000000
0.987179 0.066007 0.145329 0.322725 -0.067506 0.997704 0.005407 95.212486 -0.144638 -0.015148 0.989369 3.015875 0.000000 0.000000 0.000000 1.000000
0.984888 0.082510 0.152277 0.111338 -0.083623 0.996497 0.000907 96.259193 -0.151669 -0.013627 0.988337 2.254604 0.000000 0.000000 0.000000 1.000000
0.981562 0.085277 0.171069 0.068541 -0.086760 0.996229 0.001196 97.231163 -0.170322 -0.016016 0.985258 1.334030 0.000000 0.000000 0.000000 1.000000
0.981772 0.075016 0.174632 0.189489 -0.077028 0.997018 0.004764 97.858238 -0.173754 -0.018129 0.984622 0.427184 0.000000 0.000000 0.000000 1.000000</float_array><technique_common><accessor source="#mixamorig7_Hips-Matrix-animation-output-transform-array" count="30" stride="16"><param type="float4x4"/></accessor></technique_common></source><source id="mixamorig7_Hips-Interpolations"><Name_array id="mixamorig7_Hips-Interpolations-array" count="30">
 LINEAR LINEAR LINEAR LINEAR LINEAR LINEAR LINEAR LINEAR LINEAR LINEAR LINEAR
LINEAR LINEAR LINEAR LINEAR LINEAR LINEAR LINEAR LINEAR LINEAR LINEAR LINEAR LINEAR
LINEAR LINEAR LINEAR LINEAR LINEAR LINEAR LINEAR</Name_array><technique_common><accessor source="#mixamorig7_Hips-Interpolations-array" count="30"><param type="name"/></accessor></technique_common></source><sampler id="mixamorig7_Hips-Matrix-animation-transform"><input semantic="INPUT" source="#mixamorig7_Hips-Matrix-animation-input"/><input semantic="OUTPUT" source="#mixamorig7_Hips-Matrix-animation-output-transform"/><input semantic="INTERPOLATION" source="#mixamorig7_Hips-Interpolations"/></sampler><channel source="#mixamorig7_Hips-Matrix-animation-transform" target="mixamorig7_Hips/matrix"/></animation>
    <animation id="mixamorig7_Spine-anim" name="mixamorig7_Spine"><source id="mixamorig7_Spine-Matrix-animation-input"><float_array id="mixamorig7_Spine-Matrix-animation-input-array" count="30">

0.000000 0.033333 0.066667 0.100000 0.133333 0.166667 0.200000 0.233333 0.266667 0.300000 0.333333 0.366667 0.400000 0.433333 0.466667 0.500000
0.533333 0.566667 0.600000 0.633333 0.666667 0.700000 0.733333 0.766667 0.800000 0.833333 0.866667 0.900000 0.933333 0.966667</float_array><technique_common><accessor source="#mixamorig7_Spine-Matrix-animation-input-array" count="30"><param name="TIME" type="float"/></accessor></technique_common></source><source id="mixamorig7_Spine-Matrix-animation-output-transform"><float_array id="mixamorig7_Spine-Matrix-animation-output-transform-array" count="480">

0.998388 -0.053425 -0.019173 0.000000 0.054615 0.996179 0.068144 9.694400 0.015459 -0.069082 0.997491 -1.109700 0.000000 0.000000 0.000000 1.000000
0.998996 -0.043794 -0.009477 0.000000 0.044383 0.996191 0.075062 9.694400 0.006154 -0.075408 0.997134 -1.109700 0.000000 0.000000 0.000000 1.000000
0.999449 -0.033184 0.000990 0.000000 0.032986 0.995967 0.083438 9.694400 -0.003754 -0.083360 0.996512 -1.109700 0.000000 0.000000 0.000000 1.000000
0.999645 -0.025032 0.009100 -0.000000 0.024115 0.995666 0.089824 9.694400 -0.011309 -0.089572 0.995916 -1.109700 0.000000 0.000000 0.000000 1.000000
0.999572 -0.024402 0.016158 0.000000 0.022766 0.995245 0.094709 9.694400 -0.018392 -0.094301 0.995374 -1.109700 0.000000 0.000000 0.000000 1.000000
0.998983 -0.037920 0.024377 0.000000 0.035300 0.994349 0.100124 9.694400 -0.028036 -0.099162 0.994676 -1.109700 0.000000 0.000000 0.000000 1.000000
0.997916 -0.054978 0.033794 0.000000 0.050842 0.992296 0.112976 9.694400 -0.039744 -0.111023 0.993023 -1.109700 0.000000 0.000000 0.000000 1.000000
0.998080 -0.051025 0.035111 0.000000 0.046756 0.992469 0.113218 9.694400 -0.040624 -0.111359 0.992950 -1.109700 0.000000 0.000000 0.000000 1.000000
0.999218 -0.026579 0.029278 0.000000 0.023344 0.994114 0.105790 9.694400 -0.031918 -0.105024 0.993957 -1.109700 0.000000 0.000000 0.000000 1.000000
0.999610 -0.010295 0.025942 0.000000 0.007704 0.995149 0.098079 9.694400 -0.026826 -0.097841 0.994840 -1.109700 0.000000 0.000000 0.000000 1.000000
0.999741 0.001541 0.022709 0.000000 -0.003480 0.996321 0.085627 9.694400 -0.022494 -0.085684 0.996068 -1.109700 0.000000 0.000000 0.000000 1.000000
0.999772 0.013310 0.016726 0.000000 -0.014473 0.997336 0.071490 9.694400 -0.015730 -0.071716 0.997301 -1.109700 0.000000 0.000000 0.000000 1.000000
0.999704 0.020921 0.012437 0.000000 -0.021622 0.998013 0.059185 9.694400 -0.011174 -0.059436 0.998170 -1.109700 0.000000 0.000000 0.000000 1.000000
0.999774 0.018670 0.010129 0.000000 -0.019150 0.998590 0.049508 9.694400 -0.009191 -0.049691 0.998722 -1.109700 0.000000 0.000000 0.000000 1.000000
0.999892 0.013271 0.006263 0.000000 -0.013528 0.998986 0.042949 9.694400 -0.005687 -0.043029 0.999058 -1.109700 0.000000 0.000000 0.000000 1.000000
0.999959 0.008878 -0.001700 0.000000 -0.008790 0.998898 0.046112 9.694400 0.002108 -0.046095 0.998935 -1.109700 0.000000 0.000000 0.000000 1.000000
0.999941 0.000319 -0.010852 -0.000000 0.000295 0.998404 0.056479 9.694400 0.010853 -0.056479 0.998345 -1.109700 0.000000 0.000000 0.000000 1.000000
0.999749 -0.010837 -0.019611 0.000000 0.012121 0.997707 0.066585 9.694400 0.018844 -0.066806 0.997588 -1.109700 0.000000 0.000000 0.000000 1.000000
0.999566 -0.012461 -0.026684 0.000000 0.014430 0.997084 0.074936 9.694400 0.025672 -0.075289 0.996831 -1.109700 0.000000 0.000000 0.000000 1.000000
0.999331 0.003821 -0.036378 0.000000 -0.000786 0.996543 0.083076 9.694400 0.036570 -0.082992 0.995879 -1.109700 0.000000 0.000000 0.000000 1.000000
0.998718 0.020203 -0.046408 0.000000 -0.015894 0.995686 0.091417 9.694400 0.048054 -0.090562 0.994731 -1.109700 0.000000 0.000000 0.000000 1.000000
0.998584 0.019615 -0.049445 0.000000 -0.015172 0.995945 0.088681 9.694400 0.050984 -0.087805 0.994832 -1.109700 0.000000 0.000000 0.000000 1.000000
0.998950 0.002191 -0.045759 0.000000 0.001707 0.996382 0.084971 9.694400 0.045779 -0.084960 0.995332 -1.109700 0.000000 0.000000 0.000000 1.000000
0.998982 -0.013486 -0.043047 0.000000 0.017088 0.996282 0.084443 9.694400 0.041748 -0.085093 0.995498 -1.109700 0.000000 0.000000 0.000000 1.000000
0.998845 -0.024905 -0.041082 0.000000 0.028200 0.996259 0.081687 9.694400 0.038894 -0.082751 0.995811 -1.109700 0.000000 0.000000 0.000000 1.000000
0.998378 -0.042659 -0.037701 0.000000 0.045532 0.995837 0.078968 9.694400 0.034175 -0.080556 0.996164 -1.109700 0.000000 0.000000 0.000000 1.000000
0.997850 -0.056278 -0.033583 0.000000 0.058753 0.995225 0.077945 9.694400 0.029036 -0.079750 0.996392 -1.109700 0.000000 0.000000 0.000000 1.000000
0.997720 -0.060145 -0.030603 0.000000 0.062439 0.994791 0.080574 9.694400 0.025598 -0.082302 0.996279 -1.109700 0.000000 0.000000 0.000000 1.000000
0.997939 -0.058498 -0.026393 -0.000000 0.060308 0.995435 0.073979 9.694400 0.021945 -0.075418 0.996911 -1.109700 0.000000 0.000000 0.000000 1.000000
0.998388 -0.053425 -0.019173 0.000000 0.054615 0.996179 0.068144 9.694400 0.015459 -0.069082 0.997491 -1.109700 0.000000 0.000000 0.000000 1.000000</float_array><technique_common><accessor source="#mixamorig7_Spine-Matrix-animation-output-transform-array" count="30" stride="16"><param type="float4x4"/></accessor></technique_common></source><source id="mixamorig7_Spine-Interpolations"><Name_array id="mixamorig7_Spine-Interpolations-array" count="30">
 LINEAR LINEAR LINEAR LINEAR LINEAR LINEAR LINEAR LINEAR LINEAR LINEAR LINEAR
LINEAR LINEAR LINEAR LINEAR LINEAR LINEAR LINEAR LINEAR LINEAR LINEAR LINEAR LINEAR
LINEAR LINEAR LINEAR LINEAR LINEAR LINEAR LINEAR</Name_array><technique_common><accessor source="#mixamorig7_Spine-Interpolations-array" count="30"><param type="name"/></accessor></technique_common></source><sampler id="mixamorig7_Spine-Matrix-animation-transform"><input semantic="INPUT" source="#mixamorig7_Spine-Matrix-animation-input"/><input semantic="OUTPUT" source="#mixamorig7_Spine-Matrix-animation-output-transform"/><input semantic="INTERPOLATION" source="#mixamorig7_Spine-Interpolations"/></sampler><channel source="#mixamorig7_Spine-Matrix-animation-transform" target="mixamorig7_Spine/matrix"/></animation>
    <animation id="mixamorig7_Spine1-anim" name="mixamorig7_Spine1"><source id="mixamorig7_Spine1-Matrix-animation-input"><float_array id="mixamorig7_Spine1-Matrix-animation-input-array" count="30">

0.000000 0.033333 0.066667 0.100000 0.133333 0.166667 0.200000 0.233333 0.266667 0.300000 0.333333 0.366667 0.400000 0.433333 0.466667 0.500000
0.533333 0.566667 0.600000 0.633333 0.666667 0.700000 0.733333 0.766667 0.800000 0.833333 0.866667 0.900000 0.933333 0.966667</float_array><technique_common><accessor source="#mixamorig7_Spine1-Matrix-animation-input-array" count="30"><param name="TIME" type="float"/></accessor></technique_common></source><source id="mixamorig7_Spine1-Matrix-animation-output-transform"><float_array id="mixamorig7_Spine1-Matrix-animation-output-transform-array" count="480">

0.999100 -0.010135 -0.041180 -0.000000 0.008953 0.999545 -0.028791 11.384000 0.041453 0.028397 0.998737 0.000000 0.000000 0.000000 0.000000 1.000000
0.999750 -0.002451 -0.022236 -0.000000 0.001939 0.999733 -0.023015 11.384000 0.022286 0.022966 0.999488 0.000000 0.000000 0.000000 0.000000 1.000000
0.999999 0.000331 -0.001205 0.000000 -0.000356 0.999785 -0.020756 11.384000 0.001198 0.020756 0.999784 0.000000 0.000000 0.000000 0.000000 1.000000
0.999857 0.007630 0.015059 0.000000 -0.007345 0.999794 -0.018895 11.384000 -0.015200 0.018781 0.999708 0.000000 0.000000 0.000000 0.000000 1.000000
0.999494 0.013449 0.028836 0.000000 -0.012789 0.999655 -0.022948 11.384000 -0.029135 0.022568 0.999321 -0.000000 0.000000 0.000000 0.000000 1.000000
0.999107 0.019546 0.037446 0.000000 -0.018396 0.999355 -0.030825 11.384000 -0.038024 0.030108 0.998823 0.000000 0.000000 0.000000 0.000000 1.000000
0.998713 0.025542 0.043812 -0.000000 -0.023833 0.998951 -0.039090 11.384000 -0.044765 0.037996 0.998275 0.000000 0.000000 0.000000 0.000000 1.000000
0.998458 0.025113 0.049502 0.000000 -0.023281 0.999035 -0.037247 11.384000 -0.050390 0.036037 0.998079 0.000000 0.000000 0.000000 0.000000 1.000000
0.998472 0.020819 0.051187 0.000000 -0.019252 0.999336 -0.030919 11.384000 -0.051797 0.029886 0.998210 0.000000 0.000000 0.000000 0.000000 1.000000
0.998580 0.018830 0.049827 0.000000 -0.017567 0.999516 -0.025661 11.384000 -0.050286 0.024749 0.998428 0.000000 0.000000 0.000000 0.000000 1.000000
0.998739 0.022701 0.044771 0.000000 -0.021858 0.999576 -0.019223 11.384000 -0.045189 0.018220 0.998812 0.000000 0.000000 0.000000 0.000000 1.000000
0.999013 0.027013 0.035269 -0.000000 -0.026363 0.999476 -0.018756 11.384000 -0.035757 0.017808 0.999202 0.000000 0.000000 0.000000 0.000000 1.000000
0.999132 0.031479 0.027292 0.000000 -0.030869 0.999271 -0.022481 11.384000 -0.027980 0.021619 0.999375 0.000000 0.000000 0.000000 0.000000 1.000000
0.999165 0.034297 0.022194 -0.000000 -0.033751 0.999129 -0.024532 11.384000 -0.023016 0.023762 0.999453 -0.000000 0.000000 0.000000 0.000000 1.000000
0.999411 0.031408 0.013826 -0.000000 -0.031049 0.999192 -0.025510 11.384000 -0.014616 0.025066 0.999579 0.000000 0.000000 0.000000 0.000000 1.000000
0.999626 0.027253 -0.002323 0.000000 -0.027301 0.999344 -0.023813 11.384000 0.001673 0.023868 0.999714 0.000000 0.000000 0.000000 0.000000 1.000000
0.999510 0.022736 -0.021509 0.000000 -0.023263 0.999427 -0.024590 11.384000 0.020938 0.025078 0.999466 0.000000 0.000000 0.000000 0.000000 1.000000
0.999036 0.017826 -0.040106 0.000000 -0.018975 0.999415 -0.028456 11.384000 0.039575 0.029190 0.998790 -0.000000 0.000000 0.000000 0.000000 1.000000
0.998482 0.010569 -0.054055 0.000000 -0.012593 0.999227 -0.037244 11.384000 0.053620 0.037869 0.997843 -0.000000 0.000000 0.000000 0.000000 1.000000
0.997916 0.000194 -0.064520 -0.000000 -0.003379 0.998781 -0.049249 11.384000 0.064432 0.049365 0.996700 0.000000 0.000000 0.000000 0.000000 1.000000
0.997181 -0.008025 -0.074606 -0.000000 0.003708 0.998320 -0.057816 11.384000 0.074945 0.057376 0.995536 -0.000000 0.000000 0.000000 0.000000 1.000000
0.996635 -0.008399 -0.081534 0.000000 0.003816 0.998412 -0.056205 11.384000 0.081876 0.055705 0.995085 0.000000 0.000000 0.000000 0.000000 1.000000
0.996458 -0.003099 -0.084035 0.000000 -0.001078 0.998768 -0.049620 11.384000 0.084085 0.049535 0.995227 0.000000 0.000000 0.000000 0.000000 1.000000
0.996339 0.002041 -0.085465 0.000000 -0.005607 0.999123 -0.041502 11.384000 0.085305 0.041829 0.995476 0.000000 0.000000 0.000000 0.000000 1.000000
0.996600 -0.000340 -0.082391 0.000000 -0.002459 0.999423 -0.033871 11.384000 0.082355 0.033959 0.996024 0.000000 0.000000 0.000000 0.000000 1.000000
0.996973 -0.002473 -0.077712 0.000000 0.000328 0.999619 -0.027598 11.384000 0.077751 0.027489 0.996594 0.000000 0.000000 0.000000 0.000000 1.000000
0.997452 -0.009296 -0.070728 0.000000 0.007410 0.999611 -0.026883 11.384000 0.070951 0.026290 0.997133 -0.000000 0.000000 0.000000 0.000000 1.000000
0.997806 -0.017616 -0.063816 0.000000 0.015694 0.999411 -0.030506 11.384000 0.064316 0.029438 0.997495 0.000000 0.000000 0.000000 0.000000 1.000000
0.998294 -0.019061 -0.055193 0.000000 0.017418 0.999395 -0.030091 11.384000 0.055734 0.029078 0.998022 0.000000 0.000000 0.000000 0.000000 1.000000
0.999100 -0.010135 -0.041180 0.000000 0.008953 0.999545 -0.028791 11.384000 0.041453 0.028397 0.998737 -0.000000 0.000000 0.000000 0.000000 1.000000</float_array><technique_common><accessor source="#mixamorig7_Spine1-Matrix-animation-output-transform-array" count="30" stride="16"><param type="float4x4"/></accessor></technique_common></source><source id="mixamorig7_Spine1-Interpolations"><Name_array id="mixamorig7_Spine1-Interpolations-array" count="30">
 LINEAR LINEAR LINEAR LINEAR LINEAR LINEAR LINEAR LINEAR LINEAR LINEAR LINEAR
LINEAR LINEAR LINEAR LINEAR LINEAR LINEAR LINEAR LINEAR LINEAR LINEAR LINEAR LINEAR
LINEAR LINEAR LINEAR LINEAR LINEAR LINEAR LINEAR</Name_array><technique_common><accessor source="#mixamorig7_Spine1-Interpolations-array" count="30"><param type="name"/></accessor></technique_common></source><sampler id="mixamorig7_Spine1-Matrix-animation-transform"><input semantic="INPUT" source="#mixamorig7_Spine1-Matrix-animation-input"/><input semantic="OUTPUT" source="#mixamorig7_Spine1-Matrix-animation-output-transform"/><input semantic="INTERPOLATION" source="#mixamorig7_Spine1-Interpolations"/></sampler><channel source="#mixamorig7_Spine1-Matrix-animation-transform" target="mixamorig7_Spine1/matrix"/></animation>
    <animation id="mixamorig7_Spine2-anim" name="mixamorig7_Spine2"><source id="mixamorig7_Spine2-Matrix-animation-input"><float_array id="mixamorig7_Spine2-Matrix-animation-input-array" count="30">

0.000000 0.033333 0.066667 0.100000 0.133333 0.166667 0.200000 0.233333 0.266667 0.300000 0.333333 0.366667 0.400000 0.433333 0.466667 0.500000
0.533333 0.566667 0.600000 0.633333 0.666667 0.700000 0.733333 0.766667 0.800000 0.833333 0.866667 0.900000 0.933333 0.966667</float_array><technique_common><accessor source="#mixamorig7_Spine2-Matrix-animation-input-array" count="30"><param name="TIME" type="float"/></accessor></technique_common></source><source id="mixamorig7_Spine2-Matrix-animation-output-transform"><float_array id="mixamorig7_Spine2-Matrix-animation-output-transform-array" count="480">

0.999195 0.000170 -0.040112 0.000000 0.001880 0.998694 0.051056 13.010300 0.040068 -0.051090 0.997890 0.000000 0.000000 0.000000 0.000000 1.000000
0.999754 0.007378 -0.020927 0.000000 -0.006193 0.998403 0.056144 13.010300 0.021308 -0.056000 0.998203 0.000000 0.000000 0.000000 0.000000 1.000000
0.999955 0.009485 0.000012 0.000000 -0.009470 0.998285 0.057770 13.010300 0.000536 -0.057767 0.998330 0.000000 0.000000 0.000000 0.000000 1.000000
0.999733 0.016082 0.016567 0.000000 -0.017037 0.998099 0.059233 13.010300 -0.015583 -0.059500 0.998107 0.000000 0.000000 0.000000 0.000000 1.000000
0.999304 0.021141 0.030736 0.000000 -0.022803 0.998239 0.054766 13.010300 -0.029524 -0.055428 0.998026 0.000000 0.000000 0.000000 0.000000 1.000000
0.998849 0.026589 0.039933 0.000000 -0.028437 0.998516 0.046441 13.010300 -0.038639 -0.047523 0.998123 0.000000 0.000000 0.000000 0.000000 1.000000
0.998388 0.031747 0.047047 -0.000000 -0.033537 0.998724 0.037745 13.010300 -0.045789 -0.039262 0.998179 0.000000 0.000000 0.000000 0.000000 1.000000
0.998132 0.030889 0.052705 0.000000 -0.032987 0.998679 0.039408 13.010300 -0.051419 -0.041073 0.997832 -0.000000 0.000000 0.000000 0.000000 1.000000
0.998201 0.026764 0.053646 0.000000 -0.029249 0.998510 0.046074 13.010300 -0.052333 -0.047561 0.997496 0.000000 0.000000 0.000000 0.000000 1.000000
0.998341 0.025165 0.051782 0.000000 -0.027845 0.998274 0.051707 13.010300 -0.050391 -0.053063 0.997319 0.000000 0.000000 0.000000 0.000000 1.000000
0.998475 0.029741 0.046519 0.000000 -0.032442 0.997763 0.058446 13.010300 -0.044676 -0.059866 0.997206 0.000000 0.000000 0.000000 0.000000 1.000000
0.998724 0.034777 0.036608 0.000000 -0.036907 0.997562 0.059232 13.010300 -0.034459 -0.060507 0.997573 0.000000 0.000000 0.000000 0.000000 1.000000
0.998809 0.039673 0.028403 0.000000 -0.041207 0.997601 0.055625 13.010300 -0.026128 -0.056729 0.998048 -0.000000 0.000000 0.000000 0.000000 1.000000
0.998815 0.042716 0.023341 -0.000000 -0.043915 0.997601 0.053521 13.010300 -0.020998 -0.054483 0.998294 -0.000000 0.000000 0.000000 0.000000 1.000000
0.999087 0.040019 0.014933 0.000000 -0.040753 0.997784 0.052603 13.010300 -0.012795 -0.053164 0.998504 -0.000000 0.000000 0.000000 0.000000 1.000000
0.999346 0.036132 -0.001137 0.000000 -0.036016 0.997861 0.054556 13.010300 0.003105 -0.054480 0.998510 0.000000 0.000000 0.000000 0.000000 1.000000
0.999282 0.032156 -0.020056 0.000000 -0.031029 0.998049 0.054173 13.010300 0.021759 -0.053512 0.998330 -0.000000 0.000000 0.000000 0.000000 1.000000
0.998865 0.028098 -0.038467 0.000000 -0.026125 0.998363 0.050872 13.010300 0.039833 -0.049809 0.997964 0.000000 0.000000 0.000000 0.000000 1.000000
0.998368 0.021852 -0.052767 0.000000 -0.019630 0.998913 0.042277 13.010300 0.053634 -0.041172 0.997712 0.000000 0.000000 0.000000 0.000000 1.000000
0.997872 0.012582 -0.063980 0.000000 -0.010683 0.999495 0.029939 13.010300 0.064324 -0.029192 0.997502 0.000000 0.000000 0.000000 0.000000 1.000000
0.997196 0.005596 -0.074622 -0.000000 -0.004046 0.999773 0.020899 13.010300 0.074722 -0.020538 0.996993 -0.000000 0.000000 0.000000 0.000000 1.000000
0.996655 0.005480 -0.081535 0.000000 -0.003666 0.999743 0.022383 13.010300 0.081637 -0.022009 0.996419 0.000000 0.000000 0.000000 0.000000 1.000000
0.996446 0.010619 -0.083563 -0.000000 -0.008181 0.999532 0.029464 13.010300 0.083837 -0.028676 0.996067 0.000000 0.000000 0.000000 0.000000 1.000000
0.996303 0.015605 -0.084485 -0.000000 -0.012416 0.999195 0.038136 13.010300 0.085012 -0.036946 0.995695 0.000000 0.000000 0.000000 0.000000 1.000000
0.996611 0.012643 -0.081276 0.000000 -0.008900 0.998890 0.046249 13.010300 0.081771 -0.045369 0.995618 0.000000 0.000000 0.000000 0.000000 1.000000
0.997044 0.009906 -0.076197 0.000000 -0.005841 0.998557 0.053384 13.010300 0.076616 -0.052781 0.995663 -0.000000 0.000000 0.000000 0.000000 1.000000
0.997595 0.002671 -0.069264 0.000000 0.001105 0.998517 0.054425 13.010300 0.069307 -0.054371 0.996113 -0.000000 0.000000 0.000000 0.000000 1.000000
0.998001 -0.005724 -0.062937 0.000000 0.008910 0.998686 0.050463 13.010300 0.062565 -0.050923 0.996741 -0.000000 0.000000 0.000000 0.000000 1.000000
0.998484 -0.007924 -0.054476 -0.000000 0.010669 0.998678 0.050290 13.010300 0.054006 -0.050795 0.997248 0.000000 0.000000 0.000000 0.000000 1.000000
0.999195 0.000170 -0.040112 0.000000 0.001880 0.998694 0.051056 13.010300 0.040068 -0.051090 0.997890 -0.000000 0.000000 0.000000 0.000000 1.000000</float_array><technique_common><accessor source="#mixamorig7_Spine2-Matrix-animation-output-transform-array" count="30" stride="16"><param type="float4x4"/></accessor></technique_common></source><source id="mixamorig7_Spine2-Interpolations"><Name_array id="mixamorig7_Spine2-Interpolations-array" count="30">
 LINEAR LINEAR LINEAR LINEAR LINEAR LINEAR LINEAR LINEAR LINEAR LINEAR LINEAR
LINEAR LINEAR LINEAR LINEAR LINEAR LINEAR LINEAR LINEAR LINEAR LINEAR LINEAR LINEAR
LINEAR LINEAR LINEAR LINEAR LINEAR LINEAR LINEAR</Name_array><technique_common><accessor source="#mixamorig7_Spine2-Interpolations-array" count="30"><param type="name"/></accessor></technique_common></source><sampler id="mixamorig7_Spine2-Matrix-animation-transform"><input semantic="INPUT" source="#mixamorig7_Spine2-Matrix-animation-input"/><input semantic="OUTPUT" source="#mixamorig7_Spine2-Matrix-animation-output-transform"/><input semantic="INTERPOLATION" source="#mixamorig7_Spine2-Interpolations"/></sampler><channel source="#mixamorig7_Spine2-Matrix-animation-transform" target="mixamorig7_Spine2/matrix"/></animation>
    <animation id="mixamorig7_Neck-anim" name="mixamorig7_Neck"><source id="mixamorig7_Neck-Matrix-animation-input"><float_array id="mixamorig7_Neck-Matrix-animation-input-array" count="30">

0.000000 0.033333 0.066667 0.100000 0.133333 0.166667 0.200000 0.233333 0.266667 0.300000 0.333333 0.366667 0.400000 0.433333 0.466667 0.500000
0.533333 0.566667 0.600000 0.633333 0.666667 0.700000 0.733333 0.766667 0.800000 0.833333 0.866667 0.900000 0.933333 0.966667</float_array><technique_common><accessor source="#mixamorig7_Neck-Matrix-animation-input-array" count="30"><param name="TIME" type="float"/></accessor></technique_common></source><source id="mixamorig7_Neck-Matrix-animation-output-transform"><float_array id="mixamorig7_Neck-Matrix-animation-output-transform-array" count="480">

0.999651 0.017169 -0.020092 0.000000 -0.018255 0.998311 -0.055161 14.636600 0.019111 0.055508 0.998275 0.000000 0.000000 0.000000 0.000000 1.000000
0.999657 0.012774 -0.022852 0.000000 -0.014189 0.997920 -0.062878 14.636600 0.022002 0.063181 0.997760 0.000000 0.000000 0.000000 0.000000 1.000000
0.999580 0.019045 -0.021836 0.000000 -0.020314 0.998025 -0.059447 14.636600 0.020660 0.059866 0.997993 0.000000 0.000000 0.000000 0.000000 1.000000
0.999497 0.026028 -0.018133 0.000000 -0.026954 0.998241 -0.052809 14.636600 0.016727 0.053272 0.998440 -0.000000 0.000000 0.000000 0.000000 1.000000
0.999148 0.039470 -0.012017 -0.000000 -0.039942 0.998322 -0.041927 14.636600 0.010342 0.042371 0.999048 0.000000 0.000000 0.000000 0.000000 1.000000
0.998739 0.049698 -0.007127 0.000000 -0.049893 0.998294 -0.030328 14.636600 0.005607 0.030645 0.999515 0.000000 0.000000 0.000000 0.000000 1.000000
0.998585 0.052922 -0.005308 -0.000000 -0.053033 0.998318 -0.023431 14.636600 0.004059 0.023679 0.999711 -0.000000 0.000000 0.000000 0.000000 1.000000
0.998641 0.051890 -0.004908 -0.000000 -0.051993 0.998358 -0.024053 14.636600 0.003652 0.024276 0.999699 -0.000000 0.000000 0.000000 0.000000 1.000000
0.998876 0.047037 -0.005929 0.000000 -0.047196 0.998425 -0.030336 14.636600 0.004493 0.030581 0.999522 0.000000 0.000000 0.000000 0.000000 1.000000
0.999116 0.041379 -0.007393 0.000000 -0.041613 0.998521 -0.034995 14.636600 0.005934 0.035272 0.999360 0.000000 0.000000 0.000000 0.000000 1.000000
0.999164 0.040216 -0.007352 0.000000 -0.040453 0.998544 -0.035681 14.636600 0.005906 0.035948 0.999336 0.000000 0.000000 0.000000 0.000000 1.000000
0.998930 0.046016 -0.004576 0.000000 -0.046136 0.998451 -0.031083 14.636600 0.003138 0.031261 0.999506 0.000000 0.000000 0.000000 0.000000 1.000000
0.998565 0.053524 -0.001513 -0.000000 -0.053545 0.998267 -0.024426 14.636600 0.000203 0.024472 0.999700 0.000000 0.000000 0.000000 0.000000 1.000000
0.998250 0.059115 0.001656 0.000000 -0.059055 0.997945 -0.024857 14.636600 -0.003122 0.024716 0.999690 0.000000 0.000000 0.000000 0.000000 1.000000
0.998143 0.060620 0.005966 -0.000000 -0.060410 0.997700 -0.030735 14.636600 -0.007815 0.030318 0.999510 0.000000 0.000000 0.000000 0.000000 1.000000
0.998240 0.058502 0.009737 0.000000 -0.058061 0.997482 -0.040725 14.636600 -0.012095 0.040088 0.999123 0.000000 0.000000 0.000000 0.000000 1.000000
0.998424 0.054899 0.011667 -0.000000 -0.054278 0.997364 -0.048157 14.636600 -0.014280 0.047448 0.998772 0.000000 0.000000 0.000000 0.000000 1.000000
0.998900 0.045869 0.009752 0.000000 -0.045341 0.997782 -0.048742 14.636600 -0.011966 0.048247 0.998764 -0.000000 0.000000 0.000000 0.000000 1.000000
0.999237 0.038482 0.006669 -0.000000 -0.038174 0.998416 -0.041321 14.636600 -0.008248 0.041035 0.999124 -0.000000 0.000000 0.000000 0.000000 1.000000
0.999424 0.033748 0.003636 0.000000 -0.033633 0.999039 -0.028097 14.636600 -0.004581 0.027958 0.999599 0.000000 0.000000 0.000000 0.000000 1.000000
0.999544 0.030172 0.001134 -0.000000 -0.030148 0.999400 -0.017053 14.636600 -0.001648 0.017011 0.999854 -0.000000 0.000000 0.000000 0.000000 1.000000
0.999581 0.028917 -0.000810 0.000000 -0.028927 0.999431 -0.017372 14.636600 0.000307 0.017388 0.999849 0.000000 0.000000 0.000000 0.000000 1.000000
0.999545 0.030134 -0.001203 0.000000 -0.030156 0.999176 -0.027157 14.636600 0.000384 0.027181 0.999630 -0.000000 0.000000 0.000000 0.000000 1.000000
0.999470 0.032544 0.000049 0.000000 -0.032522 0.998853 -0.035154 14.636600 -0.001193 0.035134 0.999382 0.000000 0.000000 0.000000 0.000000 1.000000
0.999305 0.037272 0.000964 0.000000 -0.037212 0.998650 -0.036244 14.636600 -0.002313 0.036183 0.999343 0.000000 0.000000 0.000000 0.000000 1.000000
0.999280 0.037935 0.000671 0.000000 -0.037879 0.998518 -0.039085 14.636600 -0.002152 0.039031 0.999236 0.000000 0.000000 0.000000 0.000000 1.000000
0.999305 0.037254 -0.001210 0.000000 -0.037274 0.998596 -0.037645 14.636600 -0.000194 0.037664 0.999290 0.000000 0.000000 0.000000 0.000000 1.000000
0.999437 0.033139 -0.005167 0.000000 -0.033316 0.998672 -0.039286 14.636600 0.003858 0.039436 0.999215 0.000000 0.000000 0.000000 0.000000 1.000000
0.999485 0.029992 -0.011399 0.000000 -0.030467 0.998564 -0.044057 14.636600 0.010061 0.044381 0.998964 0.000000 0.000000 0.000000 0.000000 1.000000
0.999651 0.017169 -0.020092 0.000000 -0.018255 0.998311 -0.055161 14.636600 0.019111 0.055508 0.998275 0.000000 0.000000 0.000000 0.000000 1.000000</float_array><technique_common><accessor source="#mixamorig7_Neck-Matrix-animation-output-transform-array" count="30" stride="16"><param type="float4x4"/></accessor></technique_common></source><source id="mixamorig7_Neck-Interpolations"><Name_array id="mixamorig7_Neck-Interpolations-array" count="30">
 LINEAR LINEAR LINEAR LINEAR LINEAR LINEAR LINEAR LINEAR LINEAR LINEAR LINEAR
LINEAR LINEAR LINEAR LINEAR LINEAR LINEAR LINEAR LINEAR LINEAR LINEAR LINEAR LINEAR
LINEAR LINEAR LINEAR LINEAR LINEAR LINEAR LINEAR</Name_array><technique_common><accessor source="#mixamorig7_Neck-Interpolations-array" count="30"><param type="name"/></accessor></technique_common></source><sampler id="mixamorig7_Neck-Matrix-animation-transform"><input semantic="INPUT" source="#mixamorig7_Neck-Matrix-animation-input"/><input semantic="OUTPUT" source="#mixamorig7_Neck-Matrix-animation-output-transform"/><input semantic="INTERPOLATION" source="#mixamorig7_Neck-Interpolations"/></sampler><channel source="#mixamorig7_Neck-Matrix-animation-transform" target="mixamorig7_Neck/matrix"/></animation>
    <animation id="mixamorig7_Head-anim" name="mixamorig7_Head"><source id="mixamorig7_Head-Matrix-animation-input"><float_array id="mixamorig7_Head-Matrix-animation-input-array" count="30">

0.000000 0.033333 0.066667 0.100000 0.133333 0.166667 0.200000 0.233333 0.266667 0.300000 0.333333 0.366667 0.400000 0.433333 0.466667 0.500000
0.533333 0.566667 0.600000 0.633333 0.666667 0.700000 0.733333 0.766667 0.800000 0.833333 0.866667 0.900000 0.933333 0.966667</float_array><technique_common><accessor source="#mixamorig7_Head-Matrix-animation-input-array" count="30"><param name="TIME" type="float"/></accessor></technique_common></source><source id="mixamorig7_Head-Matrix-animation-output-transform"><float_array id="mixamorig7_Head-Matrix-animation-output-transform-array" count="480">

0.999469 -0.032518 -0.001953 0.000000 0.032413 0.998664 -0.040236 6.944300 0.003259 0.040151 0.999188 1.982500 0.000000 0.000000 0.000000 1.000000
0.999403 -0.034358 -0.003689 0.000000 0.034164 0.998465 -0.043603 6.944300 0.005182 0.043451 0.999042 1.982500 0.000000 0.000000 0.000000 1.000000
0.999522 -0.030660 -0.003973 0.000000 0.030472 0.998701 -0.040833 6.944300 0.005220 0.040693 0.999158 1.982500 0.000000 0.000000 0.000000 1.000000
0.999623 -0.027377 -0.002007 -0.000000 0.027285 0.998946 -0.036917 6.944300 0.003016 0.036848 0.999316 1.982500 0.000000 0.000000 0.000000 1.000000
0.999780 -0.020980 0.000807 0.000000 0.020995 0.999277 -0.031704 6.944300 -0.000141 0.031714 0.999497 1.982500 0.000000 0.000000 0.000000 1.000000
0.999869 -0.015890 0.003181 0.000000 0.015966 0.999549 -0.025434 6.944300 -0.002776 0.025482 0.999671 1.982500 0.000000 0.000000 0.000000 1.000000
0.999892 -0.014090 0.004245 0.000000 0.014176 0.999682 -0.020858 6.944300 -0.003950 0.020916 0.999773 1.982500 0.000000 0.000000 0.000000 1.000000
0.999880 -0.014715 0.004865 0.000000 0.014818 0.999650 -0.021903 6.944300 -0.004541 0.021972 0.999748 1.982500 0.000000 0.000000 0.000000 1.000000
0.999832 -0.017629 0.005001 0.000000 0.017758 0.999473 -0.027156 6.944300 -0.004520 0.027240 0.999619 1.982500 0.000000 0.000000 0.000000 1.000000
0.999777 -0.020568 0.004821 0.000000 0.020703 0.999340 -0.029863 6.944300 -0.004204 0.029956 0.999542 1.982500 0.000000 0.000000 0.000000 1.000000
0.999760 -0.021330 0.005082 0.000000 0.021477 0.999296 -0.030755 6.944300 -0.004423 0.030857 0.999514 1.982500 0.000000 0.000000 0.000000 1.000000
0.999814 -0.018152 0.006512 -0.000000 0.018334 0.999411 -0.029006 6.944300 -0.005981 0.029120 0.999558 1.982500 0.000000 0.000000 0.000000 1.000000
0.999873 -0.013852 0.007851 -0.000000 0.014049 0.999573 -0.025640 6.944300 -0.007492 0.025747 0.999640 1.982500 0.000000 0.000000 0.000000 1.000000
0.999897 -0.010652 0.009671 0.000000 0.010899 0.999604 -0.025945 6.944300 -0.009390 0.026048 0.999617 1.982500 0.000000 0.000000 0.000000 1.000000
0.999859 -0.010171 0.013379 0.000000 0.010563 0.999509 -0.029510 6.944300 -0.013072 0.029647 0.999475 1.982500 0.000000 0.000000 0.000000 1.000000
0.999780 -0.011717 0.017388 0.000000 0.012312 0.999327 -0.034543 6.944300 -0.016971 0.034750 0.999252 1.982500 0.000000 0.000000 0.000000 1.000000
0.999705 -0.013612 0.020094 -0.000000 0.014372 0.999168 -0.038166 6.944300 -0.019558 0.038443 0.999069 1.982500 0.000000 0.000000 0.000000 1.000000
0.999627 -0.018181 0.020369 0.000000 0.018943 0.999104 -0.037852 6.944300 -0.019662 0.038224 0.999076 1.982500 0.000000 0.000000 0.000000 1.000000
0.999581 -0.021610 0.019260 -0.000000 0.022246 0.999194 -0.033413 6.944300 -0.018523 0.033828 0.999256 1.982500 0.000000 0.000000 0.000000 1.000000
0.999569 -0.023457 0.017679 0.000000 0.023897 0.999400 -0.025067 6.944300 -0.017080 0.025478 0.999529 1.982500 0.000000 0.000000 0.000000 1.000000
0.999560 -0.024758 0.016341 -0.000000 0.025060 0.999514 -0.018546 6.944300 -0.015873 0.018947 0.999694 1.982500 0.000000 0.000000 0.000000 1.000000
0.999570 -0.025309 0.014789 0.000000 0.025585 0.999497 -0.018764 6.944300 -0.014307 0.019134 0.999715 1.982500 0.000000 0.000000 0.000000 1.000000
0.999587 -0.025119 0.013934 0.000000 0.025460 0.999367 -0.024837 6.944300 -0.013301 0.025182 0.999594 1.982500 0.000000 0.000000 0.000000 1.000000
0.999601 -0.024285 0.014415 0.000000 0.024709 0.999246 -0.029961 6.944300 -0.013676 0.030305 0.999447 1.982500 0.000000 0.000000 0.000000 1.000000
0.999665 -0.021608 0.014267 0.000000 0.022036 0.999290 -0.030562 6.944300 -0.013597 0.030866 0.999431 1.982500 0.000000 0.000000 0.000000 1.000000
0.999674 -0.021544 0.013724 0.000000 0.021977 0.999239 -0.032220 6.944300 -0.013019 0.032511 0.999387 1.982500 0.000000 0.000000 0.000000 1.000000
0.999684 -0.022073 0.012008 0.000000 0.022440 0.999257 -0.031324 6.944300 -0.011308 0.031583 0.999437 1.982500 0.000000 0.000000 0.000000 1.000000
0.999660 -0.024458 0.009048 -0.000000 0.024740 0.999164 -0.032533 6.944300 -0.008244 0.032745 0.999430 1.982500 0.000000 0.000000 0.000000 1.000000
0.999658 -0.025865 0.003755 0.000000 0.025980 0.999050 -0.034985 6.944300 -0.002847 0.035071 0.999381 1.982500 0.000000 0.000000 0.000000 1.000000
0.999469 -0.032518 -0.001953 -0.000000 0.032413 0.998664 -0.040236 6.944300 0.003259 0.040151 0.999188 1.982500 0.000000 0.000000 0.000000 1.000000</float_array><technique_common><accessor source="#mixamorig7_Head-Matrix-animation-output-transform-array" count="30" stride="16"><param type="float4x4"/></accessor></technique_common></source><source id="mixamorig7_Head-Interpolations"><Name_array id="mixamorig7_Head-Interpolations-array" count="30">
 LINEAR LINEAR LINEAR LINEAR LINEAR LINEAR LINEAR LINEAR LINEAR LINEAR LINEAR
LINEAR LINEAR LINEAR LINEAR LINEAR LINEAR LINEAR LINEAR LINEAR LINEAR LINEAR LINEAR
LINEAR LINEAR LINEAR LINEAR LINEAR LINEAR LINEAR</Name_array><technique_common><accessor source="#mixamorig7_Head-Interpolations-array" count="30"><param type="name"/></accessor></technique_common></source><sampler id="mixamorig7_Head-Matrix-animation-transform"><input semantic="INPUT" source="#mixamorig7_Head-Matrix-animation-input"/><input semantic="OUTPUT" source="#mixamorig7_Head-Matrix-animation-output-transform"/><input semantic="INTERPOLATION" source="#mixamorig7_Head-Interpolations"/></sampler><channel source="#mixamorig7_Head-Matrix-animation-transform" target="mixamorig7_Head/matrix"/></animation>
    <animation id="mixamorig7_LeftShoulder-anim" name="mixamorig7_LeftShoulder"><source id="mixamorig7_LeftShoulder-Matrix-animation-input"><float_array id="mixamorig7_LeftShoulder-Matrix-animation-input-array" count="30">

0.000000 0.033333 0.066667 0.100000 0.133333 0.166667 0.200000 0.233333 0.266667 0.300000 0.333333 0.366667 0.400000 0.433333 0.466667 0.500000
0.533333 0.566667 0.600000 0.633333 0.666667 0.700000 0.733333 0.766667 0.800000 0.833333 0.866667 0.900000 0.933333 0.966667</float_array><technique_common><accessor source="#mixamorig7_LeftShoulder-Matrix-animation-input-array" count="30"><param name="TIME" type="float"/></accessor></technique_common></source><source id="mixamorig7_LeftShoulder-Matrix-animation-output-transform"><float_array id="mixamorig7_LeftShoulder-Matrix-animation-output-transform-array" count="480">

0.339450 0.914374 -0.220666 6.681300 0.127336 -0.277106 -0.952364 12.887600 -0.931965 0.295181 -0.210497 -0.157300 0.000000 0.000000 0.000000 1.000000
0.339647 0.911513 -0.231915 6.681300 0.124554 -0.287991 -0.949498 12.887600 -0.932269 0.293608 -0.211348 -0.157300 0.000000 0.000000 0.000000 1.000000
0.316677 0.910476 -0.265988 6.681300 0.117897 -0.316028 -0.941396 12.887600 -0.941178 0.266760 -0.207421 -0.157300 0.000000 0.000000 0.000000 1.000000
0.263866 0.916004 -0.302177 6.681300 0.113783 -0.340652 -0.933279 12.887600 -0.957825 0.211877 -0.194113 -0.157300 0.000000 0.000000 0.000000 1.000000
