<?xml version="1.0" encoding="utf-8"?>
<COLLADA xmlns="http://www.collada.org/2005/11/COLLADASchema" version="1.4.1">
  <asset><contributor><author>Mixamo</author><authoring_tool>COLLADA Mixamo exporter</authoring_tool><comments></comments></contributor><created>2020-08-17T19:52:11Z</created><modified>2020-08-17T19:52:11Z</modified><revision></revision><title></title><unit meter="0.010000"/><up_axis>Y_UP</up_axis></asset>
  <library_animations>
    <animation id="Hips-anim" name="Hips"><source id="Hips-Matrix-animation-input"><float_array id="Hips-Matrix-animation-input-array" count="351">

0.000000 0.033333 0.066667 0.100000 0.133333 0.166667 0.200000 0.233333 0.266667 0.300000 0.333333 0.366667 0.400000 0.433333 0.466667 0.500000
0.533333 0.566667 0.600000 0.633333 0.666667 0.700000 0.733333 0.766667 0.800000 0.833333 0.866667 0.900000 0.933333 0.966667 1.000000 1.033333
1.066667 1.100000 1.133333 1.166667 1.200000 1.233333 1.266667 1.300000 1.333333 1.366667 1.400000 1.433333 1.466667 1.500000 1.533333 1.566667
1.600000 1.633333 1.666667 1.700000 1.733333 1.766667 1.800000 1.833333 1.866667 1.900000 1.933333 1.966667 2.000000 2.033333 2.066667 2.100000
2.133333 2.166667 2.200000 2.233333 2.266667 2.300000 2.333333 2.366667 2.400000 2.433333 2.466667 2.500000 2.533333 2.566667 2.600000 2.633333
2.666667 2.700000 2.733333 2.766667 2.800000 2.833333 2.866667 2.900000 2.933333 2.966667 3.000000 3.033333 3.066667 3.100000 3.133333 3.166667
3.200000 3.233333 3.266667 3.300000 3.333333 3.366667 3.400000 3.433333 3.466667 3.500000 3.533333 3.566667 3.600000 3.633333 3.666667 3.700000
3.733333 3.766667 3.800000 3.833333 3.866667 3.900000 3.933333 3.966667 4.000000 4.033333 4.066667 4.100000 4.133333 4.166667 4.200000 4.233333
4.266667 4.300000 4.333333 4.366667 4.400000 4.433333 4.466667 4.500000 4.533333 4.566667 4.600000 4.633333 4.666667 4.700000 4.733333 4.766667
4.800000 4.833333 4.866667 4.900000 4.933333 4.966667 5.000000 5.033333 5.066667 5.100000 5.133333 5.166667 5.200000 5.233333 5.266667 5.300000
5.333333 5.366667 5.400000 5.433333 5.466667 5.500000 5.533333 5.566667 5.600000 5.633333 5.666667 5.700000 5.733333 5.766667 5.800000 5.833333
5.866667 5.900000 5.933333 5.966667 6.000000 6.033333 6.066667 6.100000 6.133333 6.166667 6.200000 6.233333 6.266667 6.300000 6.333333 6.366667
6.400000 6.433333 6.466667 6.500000 6.533333 6.566667 6.600000 6.633333 6.666667 6.700000 6.733333 6.766667 6.800000 6.833333 6.866667 6.900000
6.933333 6.966667 7.000000 7.033333 7.066667 7.100000 7.133333 7.166667 7.200000 7.233333 7.266667 7.300000 7.333333 7.366667 7.400000 7.433333
7.466667 7.500000 7.533333 7.566667 7.600000 7.633333 7.666667 7.700000 7.733333 7.766667 7.800000 7.833333 7.866667 7.900000 7.933333 7.966667
8.000000 8.033333 8.066667 8.100000 8.133333 8.166667 8.200000 8.233333 8.266667 8.300000 8.333333 8.366667 8.400000 8.433333 8.466667 8.500000
8.533333 8.566667 8.600000 8.633333 8.666667 8.700000 8.733333 8.766667 8.800000 8.833333 8.866667 8.900000 8.933333 8.966667 9.000000 9.033333
9.066667 9.100000 9.133333 9.166667 9.200000 9.233333 9.266667 9.300000 9.333333 9.366667 9.400000 9.433333 9.466667 9.500000 9.533333 9.566667
9.600000 9.633333 9.666667 9.700000 9.733333 9.766667 9.800000 9.833333 9.866667 9.900000 9.933333 9.966667 10.000000 10.033333 10.066667 10.100000
10.133333 10.166667 10.200000 10.233333 10.266667 10.300000 10.333333 10.366667 10.400000 10.433333 10.466667 10.500000 10.533333 10.566667 10.600000 10.633333
10.666667 10.700000 10.733333 10.766667 10.800000 10.833333 10.866667 10.900000 10.933333 10.966667 11.000000 11.033333 11.066667 11.100000 11.133333 11.166667
11.200000 11.233333 11.266667 11.300000 11.333333 11.366667 11.400000 11.433333 11.466667 11.500000 11.533333 11.566667 11.600000 11.633333 11.666667</float_array><technique_common><accessor source="#Hips-Matrix-animation-input-array" count="351"><param name="TIME" type="float"/></accessor></technique_common></source><source id="Hips-Matrix-animation-output-transform"><float_array id="Hips-Matrix-animation-output-transform-array" count="5616">

0.989329 -0.087708 -0.116339 -0.092502 0.081854 0.995170 -0.054184 90.409874 0.120530 0.044083 0.991730 -0.058507 0.000000 0.000000 0.000000 1.000000
0.989276 -0.086510 -0.117681 -0.091019 0.080545 0.995258 -0.054537 90.582855 0.121841 0.044474 0.991553 -0.069448 0.000000 0.000000 0.000000 1.000000
0.989251 -0.084338 -0.119456 -0.090452 0.078158 0.995394 -0.055514 90.764687 0.123588 0.045581 0.991286 -0.082387 0.000000 0.000000 0.000000 1.000000
0.989278 -0.081107 -0.121450 -0.093099 0.074675 0.995600 -0.056609 90.958160 0.125507 0.046933 0.990982 -0.093898 0.000000 0.000000 0.000000 1.000000
0.989385 -0.077214 -0.123107 -0.097927 0.070575 0.995853 -0.057410 91.163811 0.127030 0.048112 0.990731 -0.096881 0.000000 0.000000 0.000000 1.000000
0.989669 -0.073090 -0.123343 -0.099136 0.066404 0.996136 -0.057478 91.378563 0.127068 0.048694 0.990698 -0.083953 0.000000 0.000000 0.000000 1.000000
0.990367 -0.068226 -0.120495 -0.083629 0.061828 0.996511 -0.056066 91.586876 0.123900 0.048076 0.991129 -0.057444 0.000000 0.000000 0.000000 1.000000
0.991734 -0.061092 -0.112837 -0.030440 0.055461 0.997085 -0.052396 91.743416 0.115709 0.045704 0.992231 -0.038982 0.000000 0.000000 0.000000 1.000000
0.993736 -0.050582 -0.099649 0.076581 0.046164 0.997867 -0.046163 91.760834 0.101771 0.041274 0.993951 -0.064569 0.000000 0.000000 0.000000 1.000000
0.995941 -0.037398 -0.081876 0.232014 0.034410 0.998700 -0.037599 91.529228 0.083176 0.034629 0.995933 -0.164046 0.000000 0.000000 0.000000 1.000000
0.997837 -0.023142 -0.061531 0.414381 0.021496 0.999397 -0.027271 90.980278 0.062125 0.025890 0.997733 -0.345974 0.000000 0.000000 0.000000 1.000000
0.999136 -0.009169 -0.040537 0.587284 0.008515 0.999832 -0.016257 90.131714 0.040679 0.015897 0.999046 -0.601861 0.000000 0.000000 0.000000 1.000000
0.999781 0.005229 -0.020283 0.748949 -0.005357 0.999966 -0.006253 89.210342 0.020250 0.006360 0.999775 -0.913392 0.000000 0.000000 0.000000 1.000000
0.999832 0.018242 -0.002008 0.873627 -0.018239 0.999833 0.001358 88.491325 0.002032 -0.001321 0.999997 -1.244923 0.000000 0.000000 0.000000 1.000000
0.999560 0.026112 0.014082 0.929089 -0.026208 0.999634 0.006677 88.164459 -0.013902 -0.007043 0.999879 -1.511147 0.000000 0.000000 0.000000 1.000000
0.999138 0.028756 0.029945 0.913775 -0.029092 0.999518 0.010861 88.228714 -0.029618 -0.011723 0.999493 -1.589806 0.000000 0.000000 0.000000 1.000000
0.998310 0.032240 0.048342 0.862499 -0.032987 0.999347 0.014729 88.525352 -0.047835 -0.016299 0.998722 -1.417258 0.000000 0.000000 0.000000 1.000000
0.996667 0.041617 0.070167 0.823863 -0.043016 0.998902 0.018556 88.880424 -0.069318 -0.021513 0.997363 -1.049666 0.000000 0.000000 0.000000 1.000000
0.994149 0.053360 0.093917 0.811787 -0.055752 0.998179 0.023034 89.162010 -0.092517 -0.028135 0.995314 -0.584761 0.000000 0.000000 0.000000 1.000000
0.991355 0.058962 0.117214 0.775873 -0.062798 0.997596 0.029306 89.222977 -0.115204 -0.036413 0.992674 -0.043090 0.000000 0.000000 0.000000 1.000000
0.988913 0.056670 0.137257 0.689763 -0.062363 0.997347 0.037538 89.031487 -0.134766 -0.045682 0.989824 0.554311 0.000000 0.000000 0.000000 1.000000
0.987104 0.052577 0.151203 0.610999 -0.060202 0.997112 0.046298 88.741943 -0.148332 -0.054804 0.987418 1.101348 0.000000 0.000000 0.000000 1.000000
0.986093 0.052692 0.157623 0.610904 -0.061854 0.996634 0.053795 88.555916 -0.154258 -0.062796 0.986033 1.487163 0.000000 0.000000 0.000000 1.000000
0.985760 0.058329 0.157720 0.672110 -0.068381 0.995909 0.059076 88.509628 -0.153629 -0.069020 0.985715 1.721111 0.000000 0.000000 0.000000 1.000000
0.985580 0.067785 0.155038 0.717941 -0.078164 0.995020 0.061856 88.504250 -0.150073 -0.073082 0.985970 1.891841 0.000000 0.000000 0.000000 1.000000
0.985011 0.078346 0.153669 0.708989 -0.088762 0.994114 0.062124 88.475594 -0.147898 -0.074833 0.986168 2.048693 0.000000 0.000000 0.000000 1.000000
0.983883 0.087232 0.156095 0.670986 -0.097668 0.993380 0.060468 88.442574 -0.149787 -0.074739 0.985889 2.167561 0.000000 0.000000 0.000000 1.000000
0.982369 0.093075 0.162135 0.647375 -0.103714 0.992890 0.058423 88.416840 -0.155544 -0.074209 0.985038 2.212742 0.000000 0.000000 0.000000 1.000000
0.980724 0.096677 0.169807 0.661702 -0.107862 0.992478 0.057905 88.356094 -0.162932 -0.075104 0.983775 2.179633 0.000000 0.000000 0.000000 1.000000
0.979090 0.099540 0.177409 0.724374 -0.111716 0.991928 0.059993 88.222748 -0.170006 -0.078558 0.982307 2.066878 0.000000 0.000000 0.000000 1.000000
0.977504 0.101793 0.184729 0.845856 -0.115365 0.991243 0.064248 88.019485 -0.176572 -0.084114 0.980687 1.840308 0.000000 0.000000 0.000000 1.000000
0.976064 0.102168 0.191993 1.028603 -0.117296 0.990688 0.069125 87.740929 -0.183143 -0.089990 0.978959 1.442590 0.000000 0.000000 0.000000 1.000000
0.975118 0.099885 0.197910 1.253437 -0.116284 0.990528 0.073025 87.330353 -0.188741 -0.094222 0.977496 0.829908 0.000000 0.000000 0.000000 1.000000
0.975156 0.096261 0.199511 1.486376 -0.113139 0.990747 0.074971 86.718544 -0.190448 -0.095681 0.977023 -0.008474 0.000000 0.000000 0.000000 1.000000
0.976423 0.094399 0.194130 1.700639 -0.110616 0.991071 0.074448 85.897438 -0.185369 -0.094167 0.978147 -1.050193 0.000000 0.000000 0.000000 1.000000
0.978739 0.095877 0.181321 1.872442 -0.110302 0.991345 0.071199 84.906723 -0.172925 -0.089685 0.980843 -2.209082 0.000000 0.000000 0.000000 1.000000
0.981608 0.099795 0.162745 1.989750 -0.111679 0.991579 0.065566 83.883156 -0.154832 -0.082536 0.984487 -3.367360 0.000000 0.000000 0.000000 1.000000
0.984812 0.101907 0.140575 2.023478 -0.111055 0.992072 0.058827 82.934021 -0.133465 -0.073545 0.988321 -4.351251 0.000000 0.000000 0.000000 1.000000
0.988141 0.101314 0.115383 1.976342 -0.107967 0.992744 0.052934 82.191788 -0.109183 -0.064763 0.991910 -5.058018 0.000000 0.000000 0.000000 1.000000
0.991137 0.101321 0.085921 1.905145 -0.105821 0.993151 0.049536 81.793999 -0.080314 -0.058189 0.995070 -5.492018 0.000000 0.000000 0.000000 1.000000
0.993411 0.103051 0.050160 1.880307 -0.105503 0.993212 0.048984 81.824280 -0.044772 -0.053954 0.997539 -5.690141 0.000000 0.000000 0.000000 1.000000
0.994779 0.101933 0.004885 1.933818 -0.102050 0.993503 0.050383 82.290749 0.000283 -0.050619 0.998718 -5.671112 0.000000 0.000000 0.000000 1.000000
0.994278 0.091819 -0.054587 2.047658 -0.088983 0.994659 0.052303 83.154358 0.059098 -0.047146 0.997138 -5.450107 0.000000 0.000000 0.000000 1.000000
0.988688 0.072459 -0.131319 2.170729 -0.066025 0.996425 0.052713 84.314766 0.134669 -0.043447 0.989938 -5.071252 0.000000 0.000000 0.000000 1.000000
0.973590 0.050640 -0.222618 2.237123 -0.040732 0.997974 0.048878 85.611839 0.224642 -0.038519 0.973680 -4.620895 0.000000 0.000000 0.000000 1.000000
0.946659 0.033643 -0.320477 2.179155 -0.022391 0.998999 0.038731 86.854530 0.321459 -0.029489 0.946464 -4.204009 0.000000 0.000000 0.000000 1.000000
0.909037 0.022769 -0.416093 1.944349 -0.014852 0.999642 0.022253 87.868515 0.416451 -0.014049 0.909050 -3.910690 0.000000 0.000000 0.000000 1.000000
0.864264 0.013871 -0.502848 1.527296 -0.015204 0.999883 0.001449 88.550636 0.502809 0.006393 0.864374 -3.804222 0.000000 0.000000 0.000000 1.000000
0.817169 0.002589 -0.576392 0.986925 -0.017567 0.999637 -0.020416 88.900360 0.576130 0.026809 0.816918 -3.923911 0.000000 0.000000 0.000000 1.000000
0.773178 -0.011893 -0.634077 0.418905 -0.017225 0.999061 -0.039742 88.990852 0.633955 0.041650 0.772248 -4.282589 0.000000 0.000000 0.000000 1.000000
0.737758 -0.026089 -0.674561 -0.086591 -0.013634 0.998473 -0.053529 88.962364 0.674928 0.048688 0.736276 -4.820457 0.000000 0.000000 0.000000 1.000000
0.715170 -0.035522 -0.698047 -0.486387 -0.009240 0.998140 -0.060259 88.949806 0.698889 0.049545 0.713512 -5.414301 0.000000 0.000000 0.000000 1.000000
0.706825 -0.038341 -0.706349 -0.797922 -0.006225 0.998154 -0.060409 89.001488 0.707361 0.047096 0.705281 -5.960757 0.000000 0.000000 0.000000 1.000000
0.710800 -0.034858 -0.702530 -1.063857 -0.006611 0.998396 -0.056228 89.124641 0.703363 0.044611 0.709429 -6.393243 0.000000 0.000000 0.000000 1.000000
0.722710 -0.027815 -0.690592 -1.329491 -0.010317 0.998644 -0.051019 89.262146 0.691074 0.043997 0.721443 -6.719071 0.000000 0.000000 0.000000 1.000000
0.737569 -0.020765 -0.674952 -1.606751 -0.015713 0.998729 -0.047897 89.364891 0.675089 0.045933 0.736305 -6.971149 0.000000 0.000000 0.000000 1.000000
0.751421 -0.016324 -0.659621 -1.872782 -0.020631 0.998624 -0.048216 89.408997 0.659501 0.049839 0.750050 -7.182654 0.000000 0.000000 0.000000 1.000000
0.762026 -0.014674 -0.647380 -2.092833 -0.024085 0.998409 -0.050981 89.396675 0.647099 0.054441 0.760460 -7.371222 0.000000 0.000000 0.000000 1.000000
0.768753 -0.014167 -0.639388 -2.243880 -0.026556 0.998185 -0.054046 89.355347 0.638994 0.058528 0.766982 -7.534461 0.000000 0.000000 0.000000 1.000000
0.772196 -0.013492 -0.635241 -2.321985 -0.028679 0.998015 -0.056059 89.328415 0.634737 0.061507 0.770277 -7.660169 0.000000 0.000000 0.000000 1.000000
0.773585 -0.012877 -0.633562 -2.338253 -0.030404 0.997888 -0.057406 89.350800 0.632963 0.063671 0.771559 -7.743451 0.000000 0.000000 0.000000 1.000000
0.773953 -0.013159 -0.633106 -2.313613 -0.031640 0.997732 -0.059416 89.422264 0.632452 0.066017 0.771781 -7.793564 0.000000 0.000000 0.000000 1.000000
0.773630 -0.014039 -0.633482 -2.271703 -0.033399 0.997461 -0.062892 89.497887 0.632757 0.069813 0.771197 -7.824059 0.000000 0.000000 0.000000 1.000000
0.772768 -0.013397 -0.634547 -2.227508 -0.038160 0.996988 -0.067521 89.502792 0.633540 0.076392 0.769929 -7.837948 0.000000 0.000000 0.000000 1.000000
0.772461 -0.007988 -0.635012 -2.178916 -0.049034 0.996186 -0.072179 89.363647 0.633166 0.086893 0.769123 -7.819695 0.000000 0.000000 0.000000 1.000000
0.775114 0.005299 -0.631799 -2.109088 -0.068074 0.994844 -0.075173 89.038834 0.628144 0.101277 0.771478 -7.735103 0.000000 0.000000 0.000000 1.000000
0.783530 0.028162 -0.620715 -1.993162 -0.094691 0.992716 -0.074489 88.529900 0.614096 0.117141 0.780490 -7.539783 0.000000 0.000000 0.000000 1.000000
0.799724 0.059633 -0.597399 -1.797894 -0.125133 0.989758 -0.068714 87.873207 0.587183 0.129706 0.798995 -7.197858 0.000000 0.000000 0.000000 1.000000
0.824340 0.095510 -0.557980 -1.482616 -0.153525 0.986443 -0.057962 87.126709 0.544880 0.133444 0.827828 -6.699184 0.000000 0.000000 0.000000 1.000000
0.856039 0.129498 -0.500427 -1.022524 -0.174311 0.983724 -0.043616 86.350983 0.486634 0.124566 0.864680 -6.060321 0.000000 0.000000 0.000000 1.000000
0.890711 0.155295 -0.427221 -0.447330 -0.184294 0.982498 -0.027094 85.582855 0.415536 0.102867 0.903741 -5.320771 0.000000 0.000000 0.000000 1.000000
0.922798 0.167387 -0.347024 0.145812 -0.181771 0.983299 -0.009066 84.806625 0.339711 0.071445 0.937812 -4.580070 0.000000 0.000000 0.000000 1.000000
0.948463 0.164264 -0.270990 0.655108 -0.167863 0.985759 0.010013 84.049873 0.268776 0.035993 0.962530 -3.967492 0.000000 0.000000 0.000000 1.000000
0.966925 0.151313 -0.205330 1.025508 -0.148576 0.988482 0.028779 83.386398 0.207320 0.002680 0.978270 -3.592346 0.000000 0.000000 0.000000 1.000000
0.978996 0.140651 -0.147596 1.233788 -0.135444 0.989771 0.044809 82.896820 0.152389 -0.023877 0.988032 -3.464888 0.000000 0.000000 0.000000 1.000000
0.985540 0.142362 -0.091887 1.266402 -0.137621 0.988898 0.056043 82.682297 0.098845 -0.042587 0.994191 -3.462385 0.000000 0.000000 0.000000 1.000000
0.987215 0.155369 -0.035605 1.147767 -0.152985 0.986281 0.062018 82.825859 0.044752 -0.055778 0.997440 -3.449031 0.000000 0.000000 0.000000 1.000000
0.984944 0.171661 0.020440 0.989568 -0.172633 0.982914 0.063860 83.374710 -0.009129 -0.066427 0.997750 -3.366371 0.000000 0.000000 0.000000 1.000000
0.979607 0.186692 0.074273 0.945468 -0.191455 0.979467 0.063164 84.255089 -0.060956 -0.076095 0.995236 -3.220523 0.000000 0.000000 0.000000 1.000000
0.972617 0.197632 0.122298 1.089785 -0.206198 0.976560 0.061752 85.279755 -0.107228 -0.085279 0.990570 -3.018066 0.000000 0.000000 0.000000 1.000000
0.966665 0.199422 0.160594 1.377171 -0.211526 0.975404 0.062005 86.232674 -0.144279 -0.093908 0.985071 -2.739584 0.000000 0.000000 0.000000 1.000000
0.963994 0.188399 0.187673 1.720394 -0.203670 0.976843 0.065542 86.979645 -0.170979 -0.101406 0.980042 -2.381478 0.000000 0.000000 0.000000 1.000000
0.964833 0.165679 0.204080 2.072883 -0.183596 0.980354 0.072103 87.520882 -0.188124 -0.107035 0.976295 -1.983492 0.000000 0.000000 0.000000 1.000000
0.967943 0.137012 0.210510 2.422944 -0.156780 0.984372 0.080202 87.877586 -0.196232 -0.110635 0.974296 -1.589528 0.000000 0.000000 0.000000 1.000000
0.972169 0.109309 0.207216 2.746782 -0.129803 0.987628 0.087994 88.059334 -0.195034 -0.112442 0.974330 -1.220205 0.000000 0.000000 0.000000 1.000000
0.977093 0.086386 0.194490 2.990675 -0.106163 0.989928 0.093656 88.073059 -0.184441 -0.112158 0.976423 -0.880285 0.000000 0.000000 0.000000 1.000000
0.982338 0.071037 0.173107 3.146911 -0.088613 0.991428 0.096013 88.104019 -0.164803 -0.109657 0.980212 -0.646708 0.000000 0.000000 0.000000 1.000000
0.987543 0.061941 0.144642 3.188372 -0.076204 0.992533 0.095244 88.199989 -0.137663 -0.105080 0.984889 -0.509904 0.000000 0.000000 0.000000 1.000000
0.991964 0.057532 0.112682 3.099890 -0.068141 0.993362 0.092679 88.313148 -0.106602 -0.099613 0.989299 -0.397934 0.000000 0.000000 0.000000 1.000000
0.994914 0.056742 0.083221 2.900058 -0.064184 0.993902 0.089663 88.392853 -0.077625 -0.094549 0.992489 -0.246674 0.000000 0.000000 0.000000 1.000000
0.996301 0.058760 0.062697 2.642522 -0.064088 0.994175 0.086657 88.454124 -0.057239 -0.090355 0.994263 -0.051250 0.000000 0.000000 0.000000 1.000000
0.996494 0.062913 0.055144 2.383441 -0.067395 0.994219 0.083585 88.529877 -0.049567 -0.087009 0.994974 0.160960 0.000000 0.000000 0.000000 1.000000
0.995749 0.069005 0.061015 2.155602 -0.073822 0.994010 0.080587 88.614304 -0.055089 -0.084749 0.994878 0.377256 0.000000 0.000000 0.000000 1.000000
0.993905 0.077681 0.078217 1.968189 -0.083768 0.993443 0.077801 88.675774 -0.071660 -0.083879 0.993896 0.606099 0.000000 0.000000 0.000000 1.000000
0.990438 0.090452 0.104166 1.817541 -0.098498 0.992316 0.074880 88.683846 -0.096593 -0.084424 0.991737 0.853252 0.000000 0.000000 0.000000 1.000000
0.984488 0.109304 0.137242 1.702408 -0.119925 0.990195 0.071644 88.601768 -0.128066 -0.086991 0.987943 1.098815 0.000000 0.000000 0.000000 1.000000
0.975037 0.135346 0.176025 1.639041 -0.149369 0.986374 0.068962 88.381653 -0.164293 -0.093533 0.981967 1.285904 0.000000 0.000000 0.000000 1.000000
0.962004 0.166328 0.216524 1.655524 -0.184889 0.980380 0.068350 87.990295 -0.200907 -0.105785 0.973882 1.331232 0.000000 0.000000 0.000000 1.000000
0.948041 0.195443 0.251038 1.763268 -0.219481 0.973005 0.071341 87.425056 -0.230318 -0.122733 0.965345 1.170364 0.000000 0.000000 0.000000 1.000000
0.938164 0.214530 0.271708 1.942349 -0.244023 0.966509 0.079452 86.704369 -0.245563 -0.140842 0.959094 0.810215 0.000000 0.000000 0.000000 1.000000
0.935743 0.220222 0.275476 2.167421 -0.253924 0.962753 0.092889 85.881668 -0.244760 -0.156870 0.956809 0.325531 0.000000 0.000000 0.000000 1.000000
0.939444 0.217224 0.265063 2.437894 -0.253011 0.961313 0.108917 85.073868 -0.231149 -0.169386 0.958060 -0.203752 0.000000 0.000000 0.000000 1.000000
0.945350 0.213728 0.246239 2.747085 -0.249262 0.960566 0.123210 84.385117 -0.210195 -0.177855 0.961346 -0.691545 0.000000 0.000000 0.000000 1.000000
0.949863 0.216389 0.225691 3.087369 -0.250072 0.959057 0.132946 83.960556 -0.187682 -0.182720 0.965085 -1.100458 0.000000 0.000000 0.000000 1.000000
0.951711 0.224750 0.209124 3.449685 -0.256252 0.956709 0.137994 83.863800 -0.169057 -0.184919 0.968104 -1.407419 0.000000 0.000000 0.000000 1.000000
0.951870 0.234339 0.197556 3.889439 -0.263945 0.954370 0.139683 84.119957 -0.155809 -0.185104 0.970289 -1.676839 0.000000 0.000000 0.000000 1.000000
0.953315 0.239027 0.184544 4.485990 -0.266204 0.953713 0.139878 84.664062 -0.142568 -0.182474 0.972819 -2.003608 0.000000 0.000000 0.000000 1.000000
0.959565 0.231452 0.160200 5.232499 -0.254285 0.956840 0.140699 85.316574 -0.120721 -0.175746 0.977006 -2.413723 0.000000 0.000000 0.000000 1.000000
0.970864 0.208315 0.118440 6.029253 -0.224319 0.963903 0.143426 85.864662 -0.084286 -0.165816 0.982548 -2.870469 0.000000 0.000000 0.000000 1.000000
0.982202 0.177486 0.061472 6.779237 -0.184834 0.971528 0.148220 86.171036 -0.033414 -0.156944 0.987042 -3.301070 0.000000 0.000000 0.000000 1.000000
0.988249 0.152850 0.000834 7.412846 -0.151109 0.976142 0.155927 86.192780 0.023020 -0.154221 0.987768 -3.561289 0.000000 0.000000 0.000000 1.000000
0.988594 0.142701 -0.048158 7.861029 -0.132828 0.976828 0.167822 85.963135 0.070991 -0.159511 0.984640 -3.525349 0.000000 0.000000 0.000000 1.000000
0.986116 0.147852 -0.075603 8.086470 -0.131980 0.974111 0.183547 85.572998 0.100783 -0.171021 0.980099 -3.184162 0.000000 0.000000 0.000000 1.000000
0.982771 0.166598 -0.080042 8.126341 -0.147713 0.968255 0.201651 85.170036 0.111095 -0.186353 0.976182 -2.625369 0.000000 0.000000 0.000000 1.000000
0.978674 0.194716 -0.065437 8.074846 -0.176239 0.959564 0.219490 84.956299 0.105529 -0.203277 0.973418 -2.058044 0.000000 0.000000 0.000000 1.000000
0.974122 0.222817 -0.037927 8.016306 -0.208291 0.950125 0.232114 85.075897 0.087754 -0.218208 0.971949 -1.679245 0.000000 0.000000 0.000000 1.000000
0.970283 0.241927 -0.004697 7.999500 -0.234084 0.943393 0.234979 85.511688 0.061279 -0.226896 0.971989 -1.526591 0.000000 0.000000 0.000000 1.000000
0.967380 0.251772 0.028046 8.048065 -0.251426 0.940661 0.227908 86.124062 0.030999 -0.227525 0.973279 -1.536430 0.000000 0.000000 0.000000 1.000000
0.964086 0.259251 0.057684 8.155093 -0.265586 0.939779 0.215128 86.759392 0.001562 -0.222722 0.974881 -1.650777 0.000000 0.000000 0.000000 1.000000
0.959034 0.270250 0.084958 8.271472 -0.282189 0.937744 0.202499 87.289162 -0.024943 -0.218178 0.975590 -1.798638 0.000000 0.000000 0.000000 1.000000
0.952040 0.284814 0.111808 8.311683 -0.302032 0.933251 0.194471 87.581284 -0.048957 -0.218914 0.974515 -1.820420 0.000000 0.000000 0.000000 1.000000
0.944390 0.297803 0.139430 8.182981 -0.320841 0.927400 0.192327 87.534859 -0.072032 -0.226367 0.971375 -1.525422 0.000000 0.000000 0.000000 1.000000
0.938041 0.304635 0.165153 7.870683 -0.333839 0.922233 0.195031 87.226921 -0.092897 -0.238082 0.966792 -0.956325 0.000000 0.000000 0.000000 1.000000
0.934713 0.306447 0.180007 7.492949 -0.339920 0.918713 0.201051 86.891022 -0.103763 -0.249113 0.962900 -0.440280 0.000000 0.000000 0.000000 1.000000
0.935401 0.307998 0.173676 7.241110 -0.340572 0.916842 0.208355 86.741814 -0.095061 -0.254045 0.962510 -0.324018 0.000000 0.000000 0.000000 1.000000
0.940074 0.308276 0.145694 7.212531 -0.334126 0.918059 0.213373 86.846436 -0.067978 -0.249267 0.966046 -0.668912 0.000000 0.000000 0.000000 1.000000
0.947665 0.300732 0.107194 7.357884 -0.317305 0.924325 0.211994 87.168922 -0.035329 -0.234912 0.971374 -1.324911 0.000000 0.000000 0.000000 1.000000
0.956315 0.283496 0.071359 7.593552 -0.292197 0.934540 0.203117 87.676529 -0.009105 -0.215095 0.976551 -2.169343 0.000000 0.000000 0.000000 1.000000
0.963805 0.262672 0.045637 7.854949 -0.266514 0.944746 0.190854 88.333565 0.007017 -0.196109 0.980557 -3.117132 0.000000 0.000000 0.000000 1.000000
0.968468 0.247154 0.031395 8.063725 -0.248688 0.951418 0.181542 89.015877 0.014999 -0.183625 0.982882 -3.970057 0.000000 0.000000 0.000000 1.000000
0.969624 0.243183 0.026299 8.123624 -0.243901 0.953116 0.179113 89.510658 0.018491 -0.180087 0.983477 -4.420364 0.000000 0.000000 0.000000 1.000000
0.967452 0.251781 0.025364 7.995854 -0.252087 0.950140 0.183535 89.671547 0.022111 -0.183956 0.982686 -4.353142 0.000000 0.000000 0.000000 1.000000
0.963327 0.267315 0.023306 7.741515 -0.266718 0.944420 0.192176 89.520317 0.029361 -0.191344 0.981084 -4.020702 0.000000 0.000000 0.000000 1.000000
0.959995 0.279380 0.018873 7.440407 -0.277360 0.939460 0.201211 89.139160 0.038484 -0.198396 0.979366 -3.702793 0.000000 0.000000 0.000000 1.000000
0.959726 0.280591 0.013975 7.123273 -0.277324 0.938250 0.206828 88.553680 0.044922 -0.202374 0.978278 -3.418638 0.000000 0.000000 0.000000 1.000000
0.962081 0.272635 0.008374 6.815878 -0.268385 0.940714 0.207428 87.820831 0.048675 -0.201810 0.978214 -3.100103 0.000000 0.000000 0.000000 1.000000
0.965115 0.261827 -0.000574 6.569857 -0.256188 0.944777 0.204361 87.131012 0.054049 -0.197084 0.978896 -2.767005 0.000000 0.000000 0.000000 1.000000
0.967642 0.251981 -0.013243 6.418988 -0.244340 0.948816 0.200118 86.738770 0.062991 -0.190407 0.979682 -2.478614 0.000000 0.000000 0.000000 1.000000
0.969692 0.242944 -0.025994 6.331656 -0.233356 0.952406 0.196132 86.785225 0.072406 -0.184122 0.980233 -2.203984 0.000000 0.000000 0.000000 1.000000
0.971785 0.233259 -0.034997 6.246005 -0.222503 0.955806 0.192165 87.243675 0.078275 -0.178956 0.980738 -1.853923 0.000000 0.000000 0.000000 1.000000
0.974272 0.221789 -0.040052 6.129717 -0.210707 0.959426 0.187362 87.986610 0.079982 -0.174103 0.981474 -1.403681 0.000000 0.000000 0.000000 1.000000
0.977205 0.207691 -0.043979 5.975311 -0.196637 0.963577 0.181256 88.824669 0.080022 -0.168476 0.982452 -0.887321 0.000000 0.000000 0.000000 1.000000
0.980611 0.189644 -0.049372 5.754279 -0.178558 0.968489 0.173627 89.499176 0.080743 -0.161445 0.983573 -0.290000 0.000000 0.000000 0.000000 1.000000
0.984361 0.166545 -0.057409 5.423588 -0.155248 0.974154 0.164079 89.776939 0.083252 -0.152601 0.984775 0.408490 0.000000 0.000000 0.000000 1.000000
0.987899 0.138914 -0.068986 4.963636 -0.127196 0.980135 0.152170 89.585358 0.088754 -0.141554 0.985944 1.113730 0.000000 0.000000 0.000000 1.000000
0.990442 0.109125 -0.084360 4.370333 -0.096854 0.985695 0.137932 89.043686 0.098205 -0.128443 0.986842 1.653689 0.000000 0.000000 0.000000 1.000000
0.991635 0.081040 -0.100462 3.633172 -0.068541 0.990140 0.122170 88.400368 0.109373 -0.114262 0.987412 1.971610 0.000000 0.000000 0.000000 1.000000
0.992273 0.058687 -0.109314 2.741028 -0.047064 0.993248 0.106034 87.923256 0.114799 -0.100070 0.988336 2.207479 0.000000 0.000000 0.000000 1.000000
0.994024 0.044882 -0.099508 1.706120 -0.035942 0.995304 0.089882 87.796417 0.103075 -0.085768 0.990969 2.567638 0.000000 0.000000 0.000000 1.000000
0.997347 0.040935 -0.060196 0.565304 -0.036541 0.996708 0.072375 88.067528 0.062960 -0.069983 0.995559 3.172987 0.000000 0.000000 0.000000 1.000000
0.998868 0.045635 0.013396 -0.643447 -0.046259 0.997640 0.050731 88.654358 -0.011049 -0.051293 0.998623 4.024051 0.000000 0.000000 0.000000 1.000000
0.991712 0.055285 0.115976 -1.912675 -0.058343 0.998028 0.023136 89.367714 -0.114468 -0.029711 0.992983 5.049689 0.000000 0.000000 0.000000 1.000000
0.970018 0.066768 0.233682 -3.248461 -0.066756 0.997737 -0.007972 89.997749 -0.233685 -0.007867 0.972280 6.146753 0.000000 0.000000 0.000000 1.000000
0.932877 0.084945 0.350035 -4.629856 -0.076683 0.996353 -0.037424 90.289520 -0.351937 0.008071 0.935989 7.191272 0.000000 0.000000 0.000000 1.000000
0.885352 0.112930 0.450998 -6.011662 -0.095700 0.993545 -0.060915 90.038712 -0.454966 0.010771 0.890444 8.097996 0.000000 0.000000 0.000000 1.000000
0.836398 0.143358 0.529043 -7.322323 -0.122777 0.989666 -0.074070 89.236198 -0.534195 -0.003003 0.845356 8.865622 0.000000 0.000000 0.000000 1.000000
0.793666 0.164509 0.585689 -8.476990 -0.150455 0.985915 -0.073045 88.081993 -0.589456 -0.030147 0.807238 9.559560 0.000000 0.000000 0.000000 1.000000
0.758855 0.170071 0.628661 -9.400363 -0.171880 0.983376 -0.058557 86.916512 -0.628169 -0.063618 0.775472 10.259182 0.000000 0.000000 0.000000 1.000000
0.728674 0.160759 0.665725 -10.024993 -0.183513 0.982345 -0.036351 86.098892 -0.659816 -0.095681 0.745311 11.017475 0.000000 0.000000 0.000000 1.000000
0.699097 0.141493 0.700888 -10.263268 -0.185391 0.982573 -0.013441 85.871208 -0.690575 -0.120541 0.713145 11.844237 0.000000 0.000000 0.000000 1.000000
0.667711 0.119301 0.734798 -10.026199 -0.181040 0.983464 0.004837 86.289627 -0.722071 -0.136258 0.678268 12.691561 0.000000 0.000000 0.000000 1.000000
0.633886 0.100479 0.766872 -9.290685 -0.174464 0.984546 0.015210 87.231880 -0.753493 -0.143433 0.641620 13.447979 0.000000 0.000000 0.000000 1.000000
0.598555 0.087018 0.796341 -8.114941 -0.164868 0.986183 0.016158 88.436378 -0.783933 -0.140962 0.604632 13.969704 0.000000 0.000000 0.000000 1.000000
0.563055 0.075835 0.822933 -6.598906 -0.145002 0.989399 0.008036 89.565376 -0.813599 -0.123852 0.568082 14.142792 0.000000 0.000000 0.000000 1.000000
0.526405 0.062637 0.847923 -4.879799 -0.107480 0.994185 -0.006716 90.226532 -0.843413 -0.087600 0.530076 13.936271 0.000000 0.000000 0.000000 1.000000
0.484077 0.047842 0.873717 -3.117667 -0.056174 0.998144 -0.023532 90.152016 -0.873221 -0.037689 0.485866 13.415756 0.000000 0.000000 0.000000 1.000000
0.431021 0.036284 0.901612 -1.456074 -0.007020 0.999296 -0.036860 89.335297 -0.902315 0.009558 0.430972 12.707521 0.000000 0.000000 0.000000 1.000000
0.365450 0.030465 0.930332 0.032624 0.025942 0.998743 -0.042896 88.013672 -0.930469 0.039811 0.364200 11.935738 0.000000 0.000000 0.000000 1.000000
0.288411 0.026298 0.957145 1.331307 0.044047 0.998200 -0.040698 86.642181 -0.956493 0.053897 0.286734 11.205105 0.000000 0.000000 0.000000 1.000000
0.200718 0.019095 0.979463 2.479335 0.054874 0.998021 -0.030702 85.600700 -0.978111 0.059909 0.199273 10.605452 0.000000 0.000000 0.000000 1.000000
0.102385 0.007633 0.994716 3.530915 0.064018 0.997847 -0.014246 85.167084 -0.992683 0.065138 0.101676 10.208363 0.000000 0.000000 0.000000 1.000000
-0.006290 -0.004681 0.999969 4.572258 0.070995 0.997464 0.005116 85.441925 -0.997457 0.071025 -0.005942 10.059600 0.000000 0.000000 0.000000 1.000000
-0.126020 -0.012644 0.991947 5.726473 0.070932 0.997245 0.021723 86.309723 -0.989489 0.073099 -0.124776 10.176550 0.000000 0.000000 0.000000 1.000000
-0.259863 -0.014259 0.965540 7.080816 0.058641 0.997813 0.030518 87.442398 -0.963863 0.064551 -0.258459 10.548044 0.000000 0.000000 0.000000 1.000000
-0.408570 -0.013565 0.912626 8.638944 0.032374 0.999045 0.029343 88.368538 -0.912153 0.041534 -0.407740 11.129125 0.000000 0.000000 0.000000 1.000000
-0.563073 -0.018509 0.826200 10.364709 -0.004585 0.999804 0.019273 88.672310 -0.826395 0.007064 -0.563047 11.838838 0.000000 0.000000 0.000000 1.000000
-0.705371 -0.035691 0.707939 12.225787 -0.046213 0.998922 0.004316 88.210228 -0.707330 -0.029671 -0.706260 12.593615 0.000000 0.000000 0.000000 1.000000
-0.819140 -0.065818 0.569806 14.213349 -0.086974 0.996161 -0.009966 87.260918 -0.566962 -0.057722 -0.821719 13.312730 0.000000 0.000000 0.000000 1.000000
-0.898289 -0.101802 0.427450 16.302309 -0.121454 0.992417 -0.018881 86.313942 -0.422287 -0.068876 -0.903842 13.901976 0.000000 0.000000 0.000000 1.000000
-0.946270 -0.134980 0.293860 18.389662 -0.147153 0.988919 -0.019610 85.760918 -0.287957 -0.061798 -0.955647 14.246387 0.000000 0.000000 0.000000 1.000000
-0.970550 -0.163541 0.176884 20.298708 -0.168223 0.985679 -0.011702 85.776413 -0.172437 -0.041114 -0.984162 14.250747 0.000000 0.000000 0.000000 1.000000
-0.978643 -0.190078 0.078285 21.842506 -0.190529 0.981680 0.001746 86.377029 -0.077183 -0.013207 -0.996929 13.882099 0.000000 0.000000 0.000000 1.000000
-0.977894 -0.209023 -0.005679 22.888226 -0.209085 0.977788 0.014658 87.442444 0.002490 0.015521 -0.999876 13.175895 0.000000 0.000000 0.000000 1.000000
-0.975764 -0.203635 -0.080110 23.381271 -0.205946 0.978324 0.021645 88.659996 0.073966 0.037619 -0.996551 12.223379 0.000000 0.000000 0.000000 1.000000
-0.975228 -0.166025 -0.146172 23.329210 -0.170980 0.985031 0.021923 89.655815 0.140344 0.046373 -0.989016 11.128032 0.000000 0.000000 0.000000 1.000000
-0.973656 -0.108073 -0.200786 22.820910 -0.114060 0.993302 0.018456 90.084946 0.197446 0.040871 -0.979461 10.012921 0.000000 0.000000 0.000000 1.000000
-0.968681 -0.053123 -0.242560 21.992704 -0.058268 0.998202 0.014080 89.846474 0.241376 0.027773 -0.970034 8.991989 0.000000 0.000000 0.000000 1.000000
-0.960934 -0.014354 -0.276407 20.979881 -0.018086 0.999776 0.010959 89.085007 0.276188 0.015530 -0.960978 8.133711 0.000000 0.000000 0.000000 1.000000
-0.950329 0.011684 -0.311028 19.909706 0.008458 0.999896 0.011719 88.080208 0.311133 0.008506 -0.950328 7.440831 0.000000 0.000000 0.000000 1.000000
-0.934733 0.036342 -0.353487 18.922001 0.031897 0.999322 0.018393 87.119431 0.353916 0.005918 -0.935259 6.861209 0.000000 0.000000 0.000000 1.000000
-0.911107 0.069194 -0.406320 18.144920 0.061914 0.997598 0.031054 86.493156 0.407493 0.003137 -0.913203 6.309401 0.000000 0.000000 0.000000 1.000000
-0.876893 0.110002 -0.467929 17.633408 0.098856 0.993924 0.048399 86.423279 0.470410 -0.003817 -0.882440 5.680557 0.000000 0.000000 0.000000 1.000000
-0.831990 0.146278 -0.535160 17.366610 0.129975 0.989162 0.068306 86.934402 0.539351 -0.012728 -0.841985 4.876168 0.000000 0.000000 0.000000 1.000000
-0.777840 0.162527 -0.607083 17.312349 0.138244 0.986570 0.086994 87.834854 0.613069 -0.016258 -0.789862 3.833875 0.000000 0.000000 0.000000 1.000000
-0.711601 0.153461 -0.685619 17.462091 0.117139 0.988110 0.099588 88.851562 0.692750 -0.009446 -0.721116 2.526926 0.000000 0.000000 0.000000 1.000000
-0.624041 0.126633 -0.771063 17.793579 0.074726 0.991930 0.102429 89.777794 0.777811 0.006301 -0.628467 0.937152 0.000000 0.000000 0.000000 1.000000
-0.506220 0.094582 -0.857202 18.232517 0.025193 0.995165 0.094927 90.455643 0.862036 0.026458 -0.506155 -0.950708 0.000000 0.000000 0.000000 1.000000
-0.358376 0.065255 -0.931294 18.667891 -0.023426 0.996611 0.078847 90.745888 0.933283 0.050074 -0.355633 -3.081264 0.000000 0.000000 0.000000 1.000000
-0.193961 0.040880 -0.980157 19.020042 -0.071529 0.995883 0.055691 90.553375 0.978398 0.080911 -0.190238 -5.312939 0.000000 0.000000 0.000000 1.000000
-0.035744 0.023890 -0.999075 19.305740 -0.117401 0.992692 0.027938 89.988434 0.992441 0.118291 -0.032678 -7.510457 0.000000 0.000000 0.000000 1.000000
0.094613 0.017724 -0.995356 19.534224 -0.159663 0.987169 0.002402 89.369850 0.982627 0.158694 0.096228 -9.544722 0.000000 0.000000 0.000000 1.000000
0.187138 0.024396 -0.982031 19.654863 -0.197126 0.980289 -0.013212 88.917900 0.962352 0.196056 0.188259 -11.334555 0.000000 0.000000 0.000000 1.000000
0.246426 0.040892 -0.968299 19.575115 -0.227266 0.973689 -0.016718 88.751381 0.942138 0.224181 0.249235 -12.769770 0.000000 0.000000 0.000000 1.000000
0.286408 0.059492 -0.956259 19.226337 -0.241473 0.970334 -0.011956 88.919060 0.927179 0.234335 0.292277 -13.742208 0.000000 0.000000 0.000000 1.000000
0.320772 0.071740 -0.944436 18.594704 -0.231026 0.972937 -0.004562 89.400032 0.918549 0.219653 0.328665 -14.183636 0.000000 0.000000 0.000000 1.000000
0.355797 0.073021 -0.931706 17.723108 -0.196673 0.980468 0.001738 90.065674 0.913635 0.182623 0.363209 -14.069429 0.000000 0.000000 0.000000 1.000000
0.390169 0.063298 -0.918565 16.719387 -0.147688 0.989019 0.005421 90.680367 0.908821 0.133545 0.395233 -13.441673 0.000000 0.000000 0.000000 1.000000
0.418845 0.044836 -0.906950 15.727909 -0.093511 0.995600 0.006033 91.012733 0.903230 0.082283 0.421195 -12.430761 0.000000 0.000000 0.000000 1.000000
0.437856 0.020604 -0.898809 14.858125 -0.038711 0.999242 0.004048 90.963120 0.898211 0.033022 0.438322 -11.214557 0.000000 0.000000 0.000000 1.000000
0.448368 -0.005799 -0.893830 14.162506 0.015112 0.999885 0.001093 90.525070 0.893721 -0.013998 0.448404 -9.947670 0.000000 0.000000 0.000000 1.000000
0.456471 -0.031100 -0.889195 13.660169 0.066774 0.997768 -0.000619 89.776260 0.887229 -0.059092 0.457529 -8.745362 0.000000 0.000000 0.000000 1.000000
0.469344 -0.052364 -0.881462 13.299715 0.112315 0.993672 0.000774 88.859932 0.875844 -0.099365 0.472255 -7.681696 0.000000 0.000000 0.000000 1.000000
0.491472 -0.067835 -0.868248 12.930997 0.147870 0.988986 0.006434 88.029488 0.858248 -0.131550 0.496090 -6.803481 0.000000 0.000000 0.000000 1.000000
0.524187 -0.076706 -0.848142 12.386822 0.171756 0.984992 0.017070 87.555153 0.834103 -0.154621 0.529495 -6.125288 0.000000 0.000000 0.000000 1.000000
0.567493 -0.078390 -0.819638 11.585274 0.182855 0.982598 0.032627 87.597778 0.802818 -0.168391 0.571951 -5.637887 0.000000 0.000000 0.000000 1.000000
0.620649 -0.072889 -0.780693 10.513512 0.179421 0.982454 0.050913 88.157471 0.763284 -0.171672 0.622837 -5.323863 0.000000 0.000000 0.000000 1.000000
0.681160 -0.061913 -0.729512 9.169181 0.161623 0.984552 0.067353 89.089455 0.714072 -0.163784 0.680644 -5.171033 0.000000 0.000000 0.000000 1.000000
0.744694 -0.048486 -0.665643 7.553367 0.133465 0.988031 0.077346 90.165688 0.653925 -0.146439 0.742251 -5.170352 0.000000 0.000000 0.000000 1.000000
0.806322 -0.035004 -0.590440 5.692881 0.100908 0.991754 0.079008 91.144371 0.582805 -0.123286 0.803205 -5.306092 0.000000 0.000000 0.000000 1.000000
0.861605 -0.020873 -0.507150 3.644811 0.067447 0.995002 0.073634 91.849236 0.503078 -0.097649 0.858706 -5.550697 0.000000 0.000000 0.000000 1.000000
0.906995 -0.001945 -0.421137 1.486591 0.031910 0.997432 0.064119 92.212402 0.419931 -0.071594 0.904728 -5.870584 0.000000 0.000000 0.000000 1.000000
0.940230 0.025542 -0.339582 -0.697192 -0.007797 0.998536 0.053517 92.195442 0.340452 -0.047671 0.939053 -6.239501 0.000000 0.000000 0.000000 1.000000
0.960986 0.061904 -0.269581 -2.788927 -0.051725 0.997660 0.044705 91.976746 0.271718 -0.029017 0.961939 -6.599334 0.000000 0.000000 0.000000 1.000000
0.971168 0.101153 -0.215871 -4.705241 -0.094768 0.994705 0.039751 91.687988 0.218749 -0.018148 0.975612 -6.898966 0.000000 0.000000 0.000000 1.000000
0.974527 0.134944 -0.179127 -6.386850 -0.130088 0.990749 0.038638 91.448471 0.182684 -0.014351 0.983067 -7.096156 0.000000 0.000000 0.000000 1.000000
0.975318 0.155534 -0.156728 -7.789319 -0.151229 0.987725 0.039100 91.340668 0.160885 -0.014433 0.986868 -7.175904 0.000000 0.000000 0.000000 1.000000
0.976735 0.158121 -0.144864 -8.882164 -0.154189 0.987308 0.038050 91.389267 0.149042 -0.014828 0.988720 -7.155239 0.000000 0.000000 0.000000 1.000000
0.979758 0.143537 -0.139538 -9.662397 -0.140258 0.989561 0.033108 91.559654 0.142833 -0.012866 0.989663 -7.076823 0.000000 0.000000 0.000000 1.000000
0.983494 0.119253 -0.136082 -10.163541 -0.117129 0.992838 0.023538 91.790657 0.137915 -0.007210 0.990418 -6.987371 0.000000 0.000000 0.000000 1.000000
0.986890 0.096353 -0.129473 -10.441707 -0.095762 0.995346 0.010799 92.024918 0.129911 0.001741 0.991524 -6.908570 0.000000 0.000000 0.000000 1.000000
0.989632 0.084286 -0.116292 -10.549892 -0.085081 0.996372 -0.001882 92.202461 0.115711 0.011757 0.993213 -6.829607 0.000000 0.000000 0.000000 1.000000
0.991520 0.087272 -0.096290 -10.528732 -0.088750 0.995991 -0.011168 92.252419 0.094929 0.019619 0.995291 -6.730085 0.000000 0.000000 0.000000 1.000000
0.991954 0.104261 -0.071810 -10.408089 -0.105612 0.994290 -0.015269 92.119431 0.069808 0.022730 0.997301 -6.600747 0.000000 0.000000 0.000000 1.000000
0.990374 0.130575 -0.045932 -10.188494 -0.131356 0.991231 -0.014397 91.814262 0.043649 0.020292 0.998841 -6.436791 0.000000 0.000000 0.000000 1.000000
0.987075 0.158816 -0.021471 -9.801805 -0.159052 0.987222 -0.009772 91.422890 0.019644 0.013061 0.999722 -6.223132 0.000000 0.000000 0.000000 1.000000
0.983818 0.179163 -0.001368 -9.115602 -0.179166 0.983817 -0.001938 91.064453 0.000999 0.002151 0.999997 -5.943966 0.000000 0.000000 0.000000 1.000000
0.983282 0.181745 0.011227 -7.966276 -0.181812 0.983319 0.005213 90.806198 -0.010092 -0.007167 0.999923 -5.613865 0.000000 0.000000 0.000000 1.000000
0.986441 0.163319 0.016184 -6.345101 -0.163502 0.986485 0.010715 90.614395 -0.014215 -0.013215 0.999812 -5.314123 0.000000 0.000000 0.000000 1.000000
0.990827 0.133865 0.018513 -4.407306 -0.134186 0.990804 0.017362 90.496117 -0.016019 -0.019687 0.999678 -5.117336 0.000000 0.000000 0.000000 1.000000
0.993506 0.111263 0.023806 -2.297236 -0.111842 0.993422 0.024595 90.506866 -0.020913 -0.027098 0.999414 -5.025554 0.000000 0.000000 0.000000 1.000000
