<?xml version="1.0" encoding="utf-8"?>
<COLLADA xmlns="http://www.collada.org/2005/11/COLLADASchema" version="1.4.1">
  <asset><contributor><author>Mixamo</author><authoring_tool>COLLADA Mixamo exporter</authoring_tool><comments></comments></contributor><created>2020-08-17T19:53:54Z</created><modified>2020-08-17T19:53:54Z</modified><revision></revision><title></title><unit meter="0.010000"/><up_axis>Y_UP</up_axis></asset>
  <library_animations>
    <animation id="Hips-anim" name="Hips"><source id="Hips-Matrix-animation-input"><float_array id="Hips-Matrix-animation-input-array" count="251">

0.000000 0.033333 0.066667 0.100000 0.133333 0.166667 0.200000 0.233333 0.266667 0.300000 0.333333 0.366667 0.400000 0.433333 0.466667 0.500000
0.533333 0.566667 0.600000 0.633333 0.666667 0.700000 0.733333 0.766667 0.800000 0.833333 0.866667 0.900000 0.933333 0.966667 1.000000 1.033333
1.066667 1.100000 1.133333 1.166667 1.200000 1.233333 1.266667 1.300000 1.333333 1.366667 1.400000 1.433333 1.466667 1.500000 1.533333 1.566667
1.600000 1.633333 1.666667 1.700000 1.733333 1.766667 1.800000 1.833333 1.866667 1.900000 1.933333 1.966667 2.000000 2.033333 2.066667 2.100000
2.133333 2.166667 2.200000 2.233333 2.266667 2.300000 2.333333 2.366667 2.400000 2.433333 2.466667 2.500000 2.533333 2.566667 2.600000 2.633333
2.666667 2.700000 2.733333 2.766667 2.800000 2.833333 2.866667 2.900000 2.933333 2.966667 3.000000 3.033333 3.066667 3.100000 3.133333 3.166667
3.200000 3.233333 3.266667 3.300000 3.333333 3.366667 3.400000 3.433333 3.466667 3.500000 3.533333 3.566667 3.600000 3.633333 3.666667 3.700000
3.733333 3.766667 3.800000 3.833333 3.866667 3.900000 3.933333 3.966667 4.000000 4.033333 4.066667 4.100000 4.133333 4.166667 4.200000 4.233333
4.266667 4.300000 4.333333 4.366667 4.400000 4.433333 4.466667 4.500000 4.533333 4.566667 4.600000 4.633333 4.666667 4.700000 4.733333 4.766667
4.800000 4.833333 4.866667 4.900000 4.933333 4.966667 5.000000 5.033333 5.066667 5.100000 5.133333 5.166667 5.200000 5.233333 5.266667 5.300000
5.333333 5.366667 5.400000 5.433333 5.466667 5.500000 5.533333 5.566667 5.600000 5.633333 5.666667 5.700000 5.733333 5.766667 5.800000 5.833333
5.866667 5.900000 5.933333 5.966667 6.000000 6.033333 6.066667 6.100000 6.133333 6.166667 6.200000 6.233333 6.266667 6.300000 6.333333 6.366667
6.400000 6.433333 6.466667 6.500000 6.533333 6.566667 6.600000 6.633333 6.666667 6.700000 6.733333 6.766667 6.800000 6.833333 6.866667 6.900000
6.933333 6.966667 7.000000 7.033333 7.066667 7.100000 7.133333 7.166667 7.200000 7.233333 7.266667 7.300000 7.333333 7.366667 7.400000 7.433333
7.466667 7.500000 7.533333 7.566667 7.600000 7.633333 7.666667 7.700000 7.733333 7.766667 7.800000 7.833333 7.866667 7.900000 7.933333 7.966667
8.000000 8.033333 8.066667 8.100000 8.133333 8.166667 8.200000 8.233333 8.266667 8.300000 8.333333</float_array><technique_common><accessor source="#Hips-Matrix-animation-input-array" count="251"><param name="TIME" type="float"/></accessor></technique_common></source><source id="Hips-Matrix-animation-output-transform"><float_array id="Hips-Matrix-animation-output-transform-array" count="4016">

0.994030 0.060058 -0.091088 0.024801 -0.054227 0.996398 0.065193 95.575325 0.094675 -0.059864 0.993707 0.011543 0.000000 0.000000 0.000000 1.000000
0.994032 0.060060 -0.091067 0.025680 -0.054259 0.996417 0.064884 95.576126 0.094637 -0.059555 0.993729 0.012420 0.000000 0.000000 0.000000 1.000000
0.994018 0.060057 -0.091220 0.026771 -0.054269 0.996431 0.064656 95.577759 0.094777 -0.059319 0.993730 0.016891 0.000000 0.000000 0.000000 1.000000
0.993999 0.060033 -0.091439 0.028555 -0.054249 0.996443 0.064483 95.579758 0.094985 -0.059136 0.993721 0.023909 0.000000 0.000000 0.000000 1.000000
0.993967 0.060041 -0.091790 0.030302 -0.054244 0.996449 0.064393 95.582352 0.095330 -0.059025 0.993694 0.032423 0.000000 0.000000 0.000000 1.000000
0.993911 0.060082 -0.092365 0.031599 -0.054255 0.996451 0.064352 95.585434 0.095904 -0.058949 0.993644 0.041475 0.000000 0.000000 0.000000 1.000000
0.993839 0.060125 -0.093109 0.032850 -0.054262 0.996456 0.064272 95.588272 0.096643 -0.058823 0.993579 0.050132 0.000000 0.000000 0.000000 1.000000
0.993765 0.060165 -0.093867 0.034189 -0.054268 0.996463 0.064156 95.589508 0.097395 -0.058662 0.993515 0.058176 0.000000 0.000000 0.000000 1.000000
0.993693 0.060228 -0.094590 0.035256 -0.054295 0.996465 0.064100 95.589310 0.098117 -0.058560 0.993450 0.066265 0.000000 0.000000 0.000000 1.000000
0.993617 0.060331 -0.095321 0.036259 -0.054354 0.996462 0.064100 95.590263 0.098851 -0.058510 0.993381 0.074989 0.000000 0.000000 0.000000 1.000000
0.993539 0.060461 -0.096048 0.037813 -0.054450 0.996462 0.064019 95.593742 0.099579 -0.058376 0.993316 0.083851 0.000000 0.000000 0.000000 1.000000
0.993463 0.060575 -0.096754 0.039859 -0.054547 0.996472 0.063780 95.597763 0.100276 -0.058086 0.993263 0.092060 0.000000 0.000000 0.000000 1.000000
0.993393 0.060641 -0.097429 0.041485 -0.054606 0.996489 0.063467 95.599258 0.100935 -0.057728 0.993217 0.099498 0.000000 0.000000 0.000000 1.000000
0.993330 0.060703 -0.098029 0.042100 -0.054661 0.996503 0.063194 95.598503 0.101522 -0.057414 0.993175 0.106495 0.000000 0.000000 0.000000 1.000000
0.993273 0.060813 -0.098540 0.041048 -0.054760 0.996510 0.063002 95.597359 0.102028 -0.057182 0.993137 0.113330 0.000000 0.000000 0.000000 1.000000
0.993215 0.060988 -0.099015 0.037278 -0.054923 0.996510 0.062863 95.596909 0.102503 -0.056998 0.993098 0.119705 0.000000 0.000000 0.000000 1.000000
0.993162 0.061191 -0.099422 0.030557 -0.055123 0.996510 0.062677 95.596092 0.102910 -0.056768 0.993069 0.124986 0.000000 0.000000 0.000000 1.000000
0.993128 0.061357 -0.099657 0.022221 -0.055310 0.996520 0.062353 95.594345 0.103136 -0.056413 0.993066 0.129628 0.000000 0.000000 0.000000 1.000000
0.993113 0.061466 -0.099742 0.013858 -0.055457 0.996538 0.061937 95.592575 0.103204 -0.055979 0.993084 0.135158 0.000000 0.000000 0.000000 1.000000
0.993099 0.061566 -0.099817 0.005828 -0.055593 0.996554 0.061560 95.592102 0.103263 -0.055586 0.993100 0.142145 0.000000 0.000000 0.000000 1.000000
0.993082 0.061688 -0.099913 -0.002763 -0.055739 0.996563 0.061282 95.592896 0.103350 -0.055289 0.993107 0.149866 0.000000 0.000000 0.000000 1.000000
0.993076 0.061785 -0.099916 -0.012588 -0.055865 0.996573 0.060997 95.593933 0.103343 -0.054993 0.993124 0.158257 0.000000 0.000000 0.000000 1.000000
0.993086 0.061806 -0.099800 -0.023222 -0.055939 0.996596 0.060557 95.594093 0.103203 -0.054556 0.993163 0.167979 0.000000 0.000000 0.000000 1.000000
0.993094 0.061781 -0.099741 -0.033522 -0.055974 0.996628 0.060001 95.593849 0.103111 -0.054004 0.993203 0.179905 0.000000 0.000000 0.000000 1.000000
0.993081 0.061770 -0.099869 -0.042810 -0.056007 0.996655 0.059521 95.595367 0.103211 -0.053516 0.993219 0.195166 0.000000 0.000000 0.000000 1.000000
0.993064 0.061720 -0.100072 -0.051033 -0.055978 0.996675 0.059210 95.598671 0.103393 -0.053197 0.993217 0.213996 0.000000 0.000000 0.000000 1.000000
0.993062 0.061568 -0.100186 -0.058211 -0.055839 0.996694 0.059023 95.602142 0.103489 -0.053019 0.993217 0.235012 0.000000 0.000000 0.000000 1.000000
0.993078 0.061318 -0.100176 -0.064856 -0.055596 0.996712 0.058945 95.602699 0.103461 -0.052968 0.993222 0.255868 0.000000 0.000000 0.000000 1.000000
0.993108 0.061042 -0.100051 -0.071916 -0.055319 0.996723 0.059013 95.600746 0.103325 -0.053072 0.993231 0.275634 0.000000 0.000000 0.000000 1.000000
0.993146 0.060785 -0.099827 -0.080412 -0.055053 0.996726 0.059210 95.599281 0.103099 -0.053309 0.993242 0.296051 0.000000 0.000000 0.000000 1.000000
0.993181 0.060557 -0.099620 -0.091236 -0.054805 0.996722 0.059505 95.599960 0.102897 -0.053639 0.993245 0.319743 0.000000 0.000000 0.000000 1.000000
0.993197 0.060371 -0.099571 -0.104413 -0.054578 0.996711 0.059912 95.601524 0.102860 -0.054070 0.993225 0.346872 0.000000 0.000000 0.000000 1.000000
0.993202 0.060223 -0.099613 -0.118559 -0.054376 0.996692 0.060403 95.602264 0.102921 -0.054576 0.993191 0.374481 0.000000 0.000000 0.000000 1.000000
0.993215 0.060088 -0.099568 -0.131869 -0.054193 0.996672 0.060897 95.602066 0.102896 -0.055088 0.993166 0.399687 0.000000 0.000000 0.000000 1.000000
0.993240 0.059949 -0.099404 -0.144103 -0.054013 0.996653 0.061370 95.601616 0.102750 -0.055586 0.993153 0.421560 0.000000 0.000000 0.000000 1.000000
0.993277 0.059776 -0.099138 -0.155801 -0.053803 0.996633 0.061864 95.600723 0.102502 -0.056114 0.993149 0.439950 0.000000 0.000000 0.000000 1.000000
0.993334 0.059549 -0.098703 -0.167047 -0.053544 0.996613 0.062415 95.599564 0.102086 -0.056714 0.993158 0.455210 0.000000 0.000000 0.000000 1.000000
0.993418 0.059252 -0.098032 -0.177663 -0.053227 0.996595 0.062975 95.598335 0.101430 -0.057343 0.993189 0.468118 0.000000 0.000000 0.000000 1.000000
0.993526 0.058864 -0.097161 -0.187168 -0.052838 0.996584 0.063473 95.597725 0.100565 -0.057929 0.993243 0.479001 0.000000 0.000000 0.000000 1.000000
0.993651 0.058394 -0.096166 -0.195166 -0.052384 0.996581 0.063887 95.597534 0.099568 -0.058443 0.993313 0.486734 0.000000 0.000000 0.000000 1.000000
0.993787 0.057910 -0.095047 -0.202490 -0.051931 0.996584 0.064220 95.596291 0.098441 -0.058885 0.993399 0.490127 0.000000 0.000000 0.000000 1.000000
0.993934 0.057488 -0.093753 -0.211160 -0.051559 0.996586 0.064478 95.592743 0.097140 -0.059253 0.993505 0.490034 0.000000 0.000000 0.000000 1.000000
0.994088 0.057122 -0.092338 -0.221858 -0.051256 0.996588 0.064698 95.587341 0.095718 -0.059582 0.993624 0.488108 0.000000 0.000000 0.000000 1.000000
0.994237 0.056764 -0.090941 -0.233585 -0.050958 0.996587 0.064943 95.581863 0.094317 -0.059934 0.993736 0.485211 0.000000 0.000000 0.000000 1.000000
0.994372 0.056409 -0.089677 -0.246195 -0.050652 0.996584 0.065228 95.577484 0.093051 -0.060319 0.993833 0.481454 0.000000 0.000000 0.000000 1.000000
0.994489 0.056083 -0.088583 -0.260555 -0.050368 0.996582 0.065485 95.573845 0.091953 -0.060662 0.993914 0.477267 0.000000 0.000000 0.000000 1.000000
0.994588 0.055788 -0.087654 -0.276833 -0.050111 0.996582 0.065677 95.570160 0.091019 -0.060929 0.993984 0.474078 0.000000 0.000000 0.000000 1.000000
0.994669 0.055516 -0.086901 -0.294347 -0.049869 0.996582 0.065859 95.567223 0.090260 -0.061174 0.994038 0.472872 0.000000 0.000000 0.000000 1.000000
0.994731 0.055278 -0.086336 -0.313411 -0.049647 0.996580 0.066060 95.565910 0.089692 -0.061426 0.994074 0.472967 0.000000 0.000000 0.000000 1.000000
0.994779 0.055083 -0.085915 -0.334233 -0.049462 0.996578 0.066230 95.565071 0.089269 -0.061634 0.994099 0.473187 0.000000 0.000000 0.000000 1.000000
0.994817 0.054923 -0.085578 -0.355090 -0.049318 0.996581 0.066288 95.563904 0.088926 -0.061724 0.994124 0.473291 0.000000 0.000000 0.000000 1.000000
0.994844 0.054772 -0.085351 -0.373862 -0.049186 0.996591 0.066229 95.562798 0.088688 -0.061690 0.994147 0.474277 0.000000 0.000000 0.000000 1.000000
0.994854 0.054610 -0.085342 -0.390636 -0.049032 0.996604 0.066151 95.562172 0.088664 -0.061626 0.994153 0.477391 0.000000 0.000000 0.000000 1.000000
0.994841 0.054453 -0.085590 -0.405871 -0.048860 0.996614 0.066137 95.562500 0.088902 -0.061614 0.994133 0.483340 0.000000 0.000000 0.000000 1.000000
0.994815 0.054303 -0.085995 -0.418773 -0.048679 0.996619 0.066194 95.563782 0.089298 -0.061665 0.994094 0.491813 0.000000 0.000000 0.000000 1.000000
0.994788 0.054148 -0.086403 -0.428995 -0.048489 0.996621 0.066294 95.565414 0.089700 -0.061759 0.994052 0.501541 0.000000 0.000000 0.000000 1.000000
0.994765 0.053984 -0.086763 -0.437465 -0.048292 0.996623 0.066415 95.566826 0.090055 -0.061878 0.994013 0.511313 0.000000 0.000000 0.000000 1.000000
0.994743 0.053826 -0.087118 -0.444852 -0.048098 0.996622 0.066572 95.567741 0.090407 -0.062032 0.993971 0.521198 0.000000 0.000000 0.000000 1.000000
0.994715 0.053696 -0.087512 -0.450565 -0.047924 0.996616 0.066779 95.568092 0.090802 -0.062232 0.993923 0.531627 0.000000 0.000000 0.000000 1.000000
0.994680 0.053606 -0.087967 -0.454662 -0.047783 0.996607 0.067018 95.568085 0.091261 -0.062458 0.993866 0.542069 0.000000 0.000000 0.000000 1.000000
0.994637 0.053546 -0.088487 -0.458075 -0.047666 0.996595 0.067273 95.567818 0.091788 -0.062694 0.993803 0.551956 0.000000 0.000000 0.000000 1.000000
0.994593 0.053507 -0.088999 -0.461613 -0.047570 0.996582 0.067542 95.566917 0.092309 -0.062943 0.993739 0.561390 0.000000 0.000000 0.000000 1.000000
0.994557 0.053509 -0.089400 -0.465436 -0.047521 0.996565 0.067818 95.565483 0.092722 -0.063201 0.993684 0.570835 0.000000 0.000000 0.000000 1.000000
0.994526 0.053565 -0.089716 -0.468698 -0.047529 0.996545 0.068110 95.564377 0.093055 -0.063473 0.993636 0.580225 0.000000 0.000000 0.000000 1.000000
0.994490 0.053645 -0.090065 -0.469911 -0.047557 0.996521 0.068435 95.563873 0.093423 -0.063775 0.993582 0.588389 0.000000 0.000000 0.000000 1.000000
0.994455 0.053738 -0.090398 -0.468992 -0.047593 0.996494 0.068813 95.563934 0.093778 -0.064129 0.993526 0.595355 0.000000 0.000000 0.000000 1.000000
0.994436 0.053865 -0.090531 -0.467375 -0.047670 0.996460 0.069252 95.564209 0.093941 -0.064551 0.993483 0.603004 0.000000 0.000000 0.000000 1.000000
0.994437 0.054025 -0.090423 -0.466086 -0.047792 0.996420 0.069735 95.563835 0.093866 -0.065025 0.993459 0.611668 0.000000 0.000000 0.000000 1.000000
0.994448 0.054189 -0.090205 -0.464570 -0.047924 0.996380 0.070221 95.562202 0.093683 -0.065508 0.993445 0.619211 0.000000 0.000000 0.000000 1.000000
0.994461 0.054332 -0.089974 -0.462461 -0.048039 0.996341 0.070687 95.560036 0.093486 -0.065974 0.993432 0.624380 0.000000 0.000000 0.000000 1.000000
0.994482 0.054456 -0.089662 -0.460861 -0.048141 0.996303 0.071149 95.557693 0.093205 -0.066440 0.993428 0.628446 0.000000 0.000000 0.000000 1.000000
0.994524 0.054570 -0.089134 -0.461380 -0.048244 0.996263 0.071645 95.554565 0.092711 -0.066953 0.993439 0.633521 0.000000 0.000000 0.000000 1.000000
0.994585 0.054664 -0.088389 -0.463787 -0.048336 0.996217 0.072211 95.550110 0.092001 -0.067547 0.993465 0.639886 0.000000 0.000000 0.000000 1.000000
0.994656 0.054718 -0.087555 -0.466396 -0.048389 0.996168 0.072851 95.544685 0.091206 -0.068225 0.993492 0.645796 0.000000 0.000000 0.000000 1.000000
0.994729 0.054735 -0.086704 -0.469418 -0.048403 0.996118 0.073522 95.538826 0.090392 -0.068938 0.993517 0.650134 0.000000 0.000000 0.000000 1.000000
0.994808 0.054733 -0.085799 -0.474914 -0.048407 0.996071 0.074153 95.532791 0.089521 -0.069614 0.993549 0.653698 0.000000 0.000000 0.000000 1.000000
0.994892 0.054716 -0.084825 -0.484006 -0.048408 0.996030 0.074710 95.526558 0.088576 -0.070222 0.993591 0.657579 0.000000 0.000000 0.000000 1.000000
0.994984 0.054666 -0.083778 -0.497044 -0.048391 0.995995 0.075180 95.520370 0.087553 -0.070749 0.993644 0.662745 0.000000 0.000000 0.000000 1.000000
0.995083 0.054569 -0.082657 -0.513553 -0.048344 0.995971 0.075523 95.515663 0.086446 -0.071155 0.993712 0.670231 0.000000 0.000000 0.000000 1.000000
0.995181 0.054446 -0.081553 -0.531494 -0.048284 0.995960 0.075712 95.513901 0.085346 -0.071409 0.993789 0.679938 0.000000 0.000000 0.000000 1.000000
0.995263 0.054340 -0.080620 -0.549726 -0.048238 0.995956 0.075798 95.514053 0.084413 -0.071550 0.993859 0.691113 0.000000 0.000000 0.000000 1.000000
0.995319 0.054256 -0.079971 -0.567835 -0.048193 0.995951 0.075889 95.514290 0.083765 -0.071679 0.993904 0.703948 0.000000 0.000000 0.000000 1.000000
0.995356 0.054141 -0.079599 -0.585211 -0.048091 0.995943 0.076054 95.514114 0.083394 -0.071872 0.993921 0.718813 0.000000 0.000000 0.000000 1.000000
0.995382 0.053961 -0.079391 -0.602355 -0.047906 0.995935 0.076285 95.513580 0.083185 -0.072129 0.993920 0.735322 0.000000 0.000000 0.000000 1.000000
0.995407 0.053747 -0.079220 -0.621547 -0.047683 0.995926 0.076540 95.512726 0.083011 -0.072411 0.993914 0.753150 0.000000 0.000000 0.000000 1.000000
0.995434 0.053569 -0.079000 -0.644442 -0.047501 0.995916 0.076783 95.512054 0.082791 -0.072680 0.993913 0.772288 0.000000 0.000000 0.000000 1.000000
0.995463 0.053433 -0.078736 -0.669399 -0.047367 0.995906 0.076987 95.511429 0.082527 -0.072908 0.993918 0.792178 0.000000 0.000000 0.000000 1.000000
0.995487 0.053279 -0.078535 -0.692479 -0.047214 0.995900 0.077159 95.510941 0.082324 -0.073103 0.993921 0.811875 0.000000 0.000000 0.000000 1.000000
0.995500 0.053080 -0.078496 -0.711588 -0.047004 0.995897 0.077325 95.511444 0.082279 -0.073287 0.993911 0.831509 0.000000 0.000000 0.000000 1.000000
0.995501 0.052870 -0.078623 -0.728054 -0.046771 0.995896 0.077481 95.513603 0.082397 -0.073455 0.993889 0.852027 0.000000 0.000000 0.000000 1.000000
0.995493 0.052682 -0.078860 -0.743487 -0.046556 0.995897 0.077603 95.516815 0.082625 -0.073582 0.993861 0.872837 0.000000 0.000000 0.000000 1.000000
0.995477 0.052494 -0.079181 -0.756569 -0.046332 0.995896 0.077742 95.518982 0.082937 -0.073722 0.993824 0.890664 0.000000 0.000000 0.000000 1.000000
0.995458 0.052282 -0.079560 -0.765392 -0.046071 0.995889 0.077995 95.519333 0.083310 -0.073975 0.993774 0.902597 0.000000 0.000000 0.000000 1.000000
0.995441 0.052087 -0.079900 -0.770795 -0.045819 0.995871 0.078374 95.519371 0.083652 -0.074356 0.993717 0.909013 0.000000 0.000000 0.000000 1.000000
0.995429 0.051939 -0.080143 -0.773934 -0.045620 0.995850 0.078752 95.521454 0.083901 -0.074736 0.993668 0.911447 0.000000 0.000000 0.000000 1.000000
0.995420 0.051789 -0.080350 -0.773400 -0.045439 0.995843 0.078942 95.526024 0.084104 -0.074930 0.993636 0.910288 0.000000 0.000000 0.000000 1.000000
0.995413 0.051577 -0.080581 -0.767323 -0.045216 0.995860 0.078860 95.531212 0.084315 -0.074855 0.993624 0.905264 0.000000 0.000000 0.000000 1.000000
0.995406 0.051303 -0.080835 -0.756253 -0.044947 0.995894 0.078577 95.534760 0.084534 -0.074583 0.993625 0.895546 0.000000 0.000000 0.000000 1.000000
0.995401 0.051019 -0.081075 -0.742873 -0.044676 0.995935 0.078209 95.536430 0.084735 -0.074227 0.993635 0.880732 0.000000 0.000000 0.000000 1.000000
0.995399 0.050759 -0.081272 -0.729531 -0.044435 0.995977 0.077813 95.537720 0.084895 -0.073844 0.993650 0.862458 0.000000 0.000000 0.000000 1.000000
0.995397 0.050533 -0.081430 -0.716669 -0.044231 0.996017 0.077422 95.539803 0.085018 -0.073463 0.993667 0.842765 0.000000 0.000000 0.000000 1.000000
0.995393 0.050333 -0.081601 -0.703362 -0.044047 0.996051 0.077084 95.542351 0.085159 -0.073135 0.993680 0.822513 0.000000 0.000000 0.000000 1.000000
0.995385 0.050147 -0.081811 -0.688678 -0.043869 0.996080 0.076815 95.545090 0.085343 -0.072871 0.993683 0.802648 0.000000 0.000000 0.000000 1.000000
0.995375 0.049973 -0.082043 -0.672435 -0.043699 0.996107 0.076556 95.548477 0.085549 -0.072616 0.993684 0.784409 0.000000 0.000000 0.000000 1.000000
0.995362 0.049830 -0.082289 -0.655504 -0.043565 0.996137 0.076250 95.552818 0.085771 -0.072311 0.993687 0.767658 0.000000 0.000000 0.000000 1.000000
0.995342 0.049751 -0.082572 -0.639388 -0.043496 0.996167 0.075893 95.556976 0.086031 -0.071948 0.993691 0.750648 0.000000 0.000000 0.000000 1.000000
0.995317 0.049714 -0.082905 -0.624743 -0.043471 0.996199 0.075487 95.560051 0.086343 -0.071530 0.993694 0.732798 0.000000 0.000000 0.000000 1.000000
0.995289 0.049654 -0.083271 -0.610376 -0.043427 0.996238 0.074994 95.563324 0.086681 -0.071025 0.993701 0.716057 0.000000 0.000000 0.000000 1.000000
0.995262 0.049567 -0.083641 -0.594415 -0.043366 0.996286 0.074394 95.568306 0.087018 -0.070414 0.993715 0.701785 0.000000 0.000000 0.000000 1.000000
0.995234 0.049526 -0.084003 -0.576914 -0.043356 0.996335 0.073740 95.574036 0.087347 -0.069747 0.993733 0.688794 0.000000 0.000000 0.000000 1.000000
0.995204 0.049555 -0.084343 -0.559254 -0.043417 0.996378 0.073117 95.579460 0.087661 -0.069105 0.993751 0.677094 0.000000 0.000000 0.000000 1.000000
0.995174 0.049573 -0.084683 -0.541372 -0.043457 0.996414 0.072598 95.585754 0.087978 -0.068568 0.993760 0.670248 0.000000 0.000000 0.000000 1.000000
0.995144 0.049490 -0.085087 -0.521881 -0.043378 0.996443 0.072241 95.593697 0.088359 -0.068200 0.993751 0.670340 0.000000 0.000000 0.000000 1.000000
0.995109 0.049333 -0.085586 -0.501086 -0.043201 0.996463 0.072080 95.601410 0.088839 -0.068030 0.993720 0.674282 0.000000 0.000000 0.000000 1.000000
0.995070 0.049212 -0.086099 -0.481493 -0.043042 0.996467 0.072112 95.606857 0.089344 -0.068051 0.993673 0.677825 0.000000 0.000000 0.000000 1.000000
0.995038 0.049183 -0.086488 -0.465458 -0.042970 0.996457 0.072291 95.610184 0.089737 -0.068216 0.993627 0.680283 0.000000 0.000000 0.000000 1.000000
0.995020 0.049201 -0.086690 -0.452749 -0.042952 0.996441 0.072534 95.612747 0.089950 -0.068449 0.993591 0.683807 0.000000 0.000000 0.000000 1.000000
0.995012 0.049191 -0.086785 -0.441208 -0.042914 0.996425 0.072776 95.615211 0.090054 -0.068689 0.993565 0.689515 0.000000 0.000000 0.000000 1.000000
0.995004 0.049143 -0.086897 -0.429302 -0.042836 0.996410 0.073017 95.617859 0.090174 -0.068930 0.993538 0.696497 0.000000 0.000000 0.000000 1.000000
0.994990 0.049104 -0.087087 -0.417422 -0.042762 0.996396 0.073255 95.621109 0.090370 -0.069164 0.993504 0.703449 0.000000 0.000000 0.000000 1.000000
0.994970 0.049114 -0.087303 -0.407061 -0.042740 0.996383 0.073444 95.624390 0.090594 -0.069343 0.993471 0.708982 0.000000 0.000000 0.000000 1.000000
0.994954 0.049165 -0.087465 -0.399029 -0.042771 0.996375 0.073531 95.626259 0.090763 -0.069419 0.993450 0.711640 0.000000 0.000000 0.000000 1.000000
0.994943 0.049221 -0.087559 -0.392301 -0.042822 0.996375 0.073512 95.626976 0.090859 -0.069390 0.993443 0.711383 0.000000 0.000000 0.000000 1.000000
0.994934 0.049273 -0.087622 -0.385641 -0.042878 0.996379 0.073423 95.628532 0.090922 -0.069294 0.993444 0.709803 0.000000 0.000000 0.000000 1.000000
0.994927 0.049340 -0.087665 -0.379519 -0.042952 0.996383 0.073315 95.631187 0.090965 -0.069178 0.993448 0.708083 0.000000 0.000000 0.000000 1.000000
0.994924 0.049434 -0.087653 -0.374885 -0.043056 0.996386 0.073214 95.634003 0.090956 -0.069069 0.993457 0.706657 0.000000 0.000000 0.000000 1.000000
0.994923 0.049537 -0.087605 -0.371741 -0.043174 0.996390 0.073102 95.636833 0.090910 -0.068949 0.993469 0.706223 0.000000 0.000000 0.000000 1.000000
0.994919 0.049633 -0.087599 -0.369435 -0.043285 0.996397 0.072936 95.639534 0.090903 -0.068773 0.993482 0.706966 0.000000 0.000000 0.000000 1.000000
0.994907 0.049739 -0.087666 -0.367859 -0.043406 0.996407 0.072720 95.640541 0.090968 -0.068544 0.993492 0.707865 0.000000 0.000000 0.000000 1.000000
0.994893 0.049885 -0.087744 -0.367663 -0.043565 0.996415 0.072519 95.638588 0.091047 -0.068326 0.993500 0.707705 0.000000 0.000000 0.000000 1.000000
0.994884 0.050069 -0.087748 -0.369798 -0.043762 0.996417 0.072379 95.634605 0.091057 -0.068168 0.993510 0.706565 0.000000 0.000000 0.000000 1.000000
0.994882 0.050264 -0.087655 -0.374889 -0.043973 0.996414 0.072287 95.630508 0.090974 -0.068063 0.993525 0.705571 0.000000 0.000000 0.000000 1.000000
0.994885 0.050456 -0.087510 -0.382033 -0.044179 0.996408 0.072239 95.627350 0.090841 -0.068003 0.993541 0.706085 0.000000 0.000000 0.000000 1.000000
0.994887 0.050637 -0.087383 -0.389361 -0.044371 0.996401 0.072226 95.624771 0.090726 -0.067979 0.993553 0.708585 0.000000 0.000000 0.000000 1.000000
0.994884 0.050804 -0.087325 -0.396334 -0.044545 0.996396 0.072192 95.622238 0.090678 -0.067933 0.993561 0.712723 0.000000 0.000000 0.000000 1.000000
0.994874 0.050949 -0.087355 -0.404472 -0.044697 0.996396 0.072084 95.618889 0.090713 -0.067810 0.993566 0.717563 0.000000 0.000000 0.000000 1.000000
0.994858 0.051076 -0.087462 -0.415022 -0.044836 0.996405 0.071883 95.613953 0.090819 -0.067592 0.993571 0.721380 0.000000 0.000000 0.000000 1.000000
0.994836 0.051220 -0.087627 -0.427347 -0.044997 0.996420 0.071575 95.608879 0.090980 -0.067263 0.993579 0.723354 0.000000 0.000000 0.000000 1.000000
0.994807 0.051409 -0.087846 -0.439413 -0.045207 0.996438 0.071192 95.606491 0.091193 -0.066851 0.993587 0.725148 0.000000 0.000000 0.000000 1.000000
0.994768 0.051628 -0.088150 -0.450327 -0.045442 0.996456 0.070791 95.607437 0.091492 -0.066415 0.993589 0.729222 0.000000 0.000000 0.000000 1.000000
0.994722 0.051824 -0.088553 -0.460745 -0.045649 0.996475 0.070388 95.608978 0.091889 -0.065974 0.993581 0.735944 0.000000 0.000000 0.000000 1.000000
0.994674 0.051954 -0.089017 -0.470445 -0.045787 0.996497 0.069976 95.608185 0.092341 -0.065528 0.993569 0.743550 0.000000 0.000000 0.000000 1.000000
0.994629 0.052036 -0.089477 -0.478802 -0.045874 0.996520 0.069602 95.605675 0.092787 -0.065124 0.993554 0.751100 0.000000 0.000000 0.000000 1.000000
0.994590 0.052103 -0.089871 -0.486625 -0.045941 0.996536 0.069320 95.603394 0.093171 -0.064816 0.993538 0.759395 0.000000 0.000000 0.000000 1.000000
0.994559 0.052154 -0.090181 -0.494473 -0.045994 0.996549 0.069093 95.602150 0.093473 -0.064569 0.993526 0.769053 0.000000 0.000000 0.000000 1.000000
0.994533 0.052169 -0.090459 -0.501732 -0.046015 0.996567 0.068828 95.601868 0.093739 -0.064289 0.993519 0.779772 0.000000 0.000000 0.000000 1.000000
0.994505 0.052128 -0.090791 -0.507783 -0.045985 0.996592 0.068487 95.602303 0.094052 -0.063936 0.993512 0.791362 0.000000 0.000000 0.000000 1.000000
0.994471 0.052040 -0.091212 -0.512643 -0.045905 0.996621 0.068111 95.603142 0.094448 -0.063548 0.993500 0.803584 0.000000 0.000000 0.000000 1.000000
0.994435 0.051936 -0.091664 -0.516702 -0.045808 0.996651 0.067737 95.603882 0.094875 -0.063161 0.993483 0.815256 0.000000 0.000000 0.000000 1.000000
0.994403 0.051855 -0.092048 -0.520630 -0.045738 0.996680 0.067357 95.604576 0.095236 -0.062770 0.993474 0.824950 0.000000 0.000000 0.000000 1.000000
0.994381 0.051807 -0.092315 -0.525273 -0.045713 0.996709 0.066942 95.605225 0.095479 -0.062345 0.993477 0.832641 0.000000 0.000000 0.000000 1.000000
0.994366 0.051764 -0.092505 -0.530596 -0.045702 0.996740 0.066486 95.604897 0.095645 -0.061884 0.993490 0.839943 0.000000 0.000000 0.000000 1.000000
0.994351 0.051692 -0.092709 -0.534866 -0.045658 0.996771 0.066058 95.604164 0.095824 -0.061452 0.993500 0.848897 0.000000 0.000000 0.000000 1.000000
0.994331 0.051596 -0.092970 -0.536361 -0.045577 0.996795 0.065740 95.605164 0.096064 -0.061130 0.993496 0.860183 0.000000 0.000000 0.000000 1.000000
0.994308 0.051517 -0.093265 -0.535554 -0.045499 0.996812 0.065542 95.608200 0.096344 -0.060926 0.993482 0.872250 0.000000 0.000000 0.000000 1.000000
0.994282 0.051474 -0.093562 -0.534290 -0.045448 0.996821 0.065437 95.610596 0.096633 -0.060810 0.993461 0.883274 0.000000 0.000000 0.000000 1.000000
0.994258 0.051440 -0.093833 -0.533330 -0.045397 0.996823 0.065442 95.610695 0.096901 -0.060806 0.993435 0.893614 0.000000 0.000000 0.000000 1.000000
0.994242 0.051393 -0.094029 -0.532634 -0.045323 0.996817 0.065590 95.609070 0.097101 -0.060951 0.993406 0.904166 0.000000 0.000000 0.000000 1.000000
0.994235 0.051356 -0.094127 -0.532593 -0.045254 0.996803 0.065851 95.606827 0.097208 -0.061212 0.993380 0.914259 0.000000 0.000000 0.000000 1.000000
0.994229 0.051374 -0.094175 -0.533259 -0.045238 0.996782 0.066170 95.605263 0.097272 -0.061527 0.993354 0.923575 0.000000 0.000000 0.000000 1.000000
0.994219 0.051474 -0.094230 -0.534460 -0.045301 0.996756 0.066519 95.605591 0.097348 -0.061866 0.993326 0.933078 0.000000 0.000000 0.000000 1.000000
0.994206 0.051647 -0.094275 -0.536876 -0.045437 0.996726 0.066872 95.606552 0.097420 -0.062200 0.993298 0.942562 0.000000 0.000000 0.000000 1.000000
0.994197 0.051870 -0.094246 -0.541147 -0.045629 0.996695 0.067215 95.605370 0.097421 -0.062524 0.993277 0.950339 0.000000 0.000000 0.000000 1.000000
0.994192 0.052123 -0.094156 -0.545822 -0.045850 0.996658 0.067606 95.601112 0.097366 -0.062897 0.993259 0.954420 0.000000 0.000000 0.000000 1.000000
0.994182 0.052387 -0.094111 -0.547784 -0.046071 0.996616 0.068076 95.595482 0.097359 -0.063345 0.993231 0.953139 0.000000 0.000000 0.000000 1.000000
0.994170 0.052632 -0.094104 -0.546272 -0.046273 0.996576 0.068525 95.589600 0.097388 -0.063771 0.993201 0.946427 0.000000 0.000000 0.000000 1.000000
0.994175 0.052848 -0.093932 -0.545506 -0.046467 0.996543 0.068863 95.582626 0.097246 -0.064097 0.993194 0.937726 0.000000 0.000000 0.000000 1.000000
0.994203 0.053057 -0.093513 -0.548702 -0.046675 0.996513 0.069156 95.574982 0.096856 -0.064391 0.993213 0.932049 0.000000 0.000000 0.000000 1.000000
0.994235 0.053253 -0.093063 -0.553096 -0.046866 0.996479 0.069528 95.568588 0.096438 -0.064766 0.993230 0.931623 0.000000 0.000000 0.000000 1.000000
0.994253 0.053413 -0.092781 -0.555002 -0.046995 0.996436 0.070042 95.563889 0.096191 -0.065279 0.993220 0.935834 0.000000 0.000000 0.000000 1.000000
0.994259 0.053547 -0.092633 -0.554403 -0.047071 0.996384 0.070735 95.559128 0.096086 -0.065969 0.993185 0.942871 0.000000 0.000000 0.000000 1.000000
0.994267 0.053686 -0.092470 -0.553827 -0.047138 0.996319 0.071599 95.552475 0.095973 -0.066829 0.993138 0.950728 0.000000 0.000000 0.000000 1.000000
0.994286 0.053833 -0.092181 -0.555577 -0.047212 0.996246 0.072555 95.543678 0.095741 -0.067788 0.993095 0.957715 0.000000 0.000000 0.000000 1.000000
0.994318 0.053982 -0.091749 -0.560907 -0.047297 0.996171 0.073534 95.533104 0.095367 -0.068777 0.993063 0.962500 0.000000 0.000000 0.000000 1.000000
0.994357 0.054165 -0.091213 -0.570145 -0.047426 0.996092 0.074502 95.522369 0.094892 -0.069756 0.993041 0.964997 0.000000 0.000000 0.000000 1.000000
0.994400 0.054378 -0.090622 -0.582764 -0.047599 0.996020 0.075363 95.514061 0.094360 -0.070627 0.993030 0.967165 0.000000 0.000000 0.000000 1.000000
0.994448 0.054540 -0.089993 -0.597588 -0.047748 0.995966 0.075972 95.509743 0.093773 -0.071253 0.993041 0.970801 0.000000 0.000000 0.000000 1.000000
0.994504 0.054586 -0.089344 -0.612987 -0.047809 0.995937 0.076311 95.508377 0.093147 -0.071620 0.993073 0.974124 0.000000 0.000000 0.000000 1.000000
0.994559 0.054533 -0.088765 -0.626912 -0.047783 0.995926 0.076473 95.507904 0.092574 -0.071816 0.993113 0.972769 0.000000 0.000000 0.000000 1.000000
0.994603 0.054446 -0.088319 -0.638404 -0.047724 0.995926 0.076515 95.507034 0.092125 -0.071887 0.993149 0.964780 0.000000 0.000000 0.000000 1.000000
0.994643 0.054391 -0.087908 -0.649506 -0.047704 0.995931 0.076451 95.505302 0.091709 -0.071848 0.993190 0.953224 0.000000 0.000000 0.000000 1.000000
0.994683 0.054368 -0.087462 -0.661851 -0.047726 0.995941 0.076320 95.502991 0.091256 -0.071740 0.993240 0.942208 0.000000 0.000000 0.000000 1.000000
0.994715 0.054296 -0.087138 -0.672301 -0.047691 0.995953 0.076175 95.501762 0.090922 -0.071617 0.993280 0.932174 0.000000 0.000000 0.000000 1.000000
0.994730 0.054131 -0.087070 -0.677738 -0.047542 0.995970 0.076047 95.502876 0.090835 -0.071507 0.993295 0.921981 0.000000 0.000000 0.000000 1.000000
0.994734 0.053914 -0.087164 -0.679192 -0.047329 0.995990 0.075924 95.505539 0.090908 -0.071399 0.993297 0.910702 0.000000 0.000000 0.000000 1.000000
0.994737 0.053711 -0.087258 -0.679404 -0.047134 0.996011 0.075763 95.507622 0.090980 -0.071252 0.993300 0.897334 0.000000 0.000000 0.000000 1.000000
0.994741 0.053553 -0.087312 -0.679349 -0.046992 0.996034 0.075547 95.508209 0.091011 -0.071046 0.993312 0.882080 0.000000 0.000000 0.000000 1.000000
0.994739 0.053447 -0.087395 -0.678127 -0.046899 0.996055 0.075325 95.508034 0.091077 -0.070830 0.993322 0.866640 0.000000 0.000000 0.000000 1.000000
0.994729 0.053374 -0.087552 -0.675110 -0.046829 0.996070 0.075173 95.508301 0.091220 -0.070677 0.993320 0.852054 0.000000 0.000000 0.000000 1.000000
0.994716 0.053306 -0.087742 -0.670948 -0.046756 0.996081 0.075082 95.509537 0.091400 -0.070582 0.993310 0.837866 0.000000 0.000000 0.000000 1.000000
0.994705 0.053239 -0.087906 -0.666509 -0.046687 0.996092 0.074969 95.511398 0.091554 -0.070468 0.993304 0.823520 0.000000 0.000000 0.000000 1.000000
0.994695 0.053191 -0.088049 -0.661480 -0.046645 0.996107 0.074802 95.512833 0.091685 -0.070299 0.993304 0.808571 0.000000 0.000000 0.000000 1.000000
0.994681 0.053189 -0.088208 -0.654079 -0.046646 0.996118 0.074658 95.512650 0.091837 -0.070147 0.993300 0.791329 0.000000 0.000000 0.000000 1.000000
0.994667 0.053249 -0.088333 -0.643276 -0.046701 0.996119 0.074605 95.510872 0.091963 -0.070082 0.993293 0.769505 0.000000 0.000000 0.000000 1.000000
0.994663 0.053370 -0.088300 -0.630752 -0.046828 0.996116 0.074561 95.508896 0.091936 -0.070028 0.993299 0.742444 0.000000 0.000000 0.000000 1.000000
0.994675 0.053529 -0.088066 -0.619183 -0.047020 0.996120 0.074398 95.507965 0.091707 -0.069861 0.993332 0.710786 0.000000 0.000000 0.000000 1.000000
0.994691 0.053731 -0.087761 -0.608150 -0.047269 0.996128 0.074122 95.507675 0.091404 -0.069580 0.993380 0.675309 0.000000 0.000000 0.000000 1.000000
0.994692 0.053995 -0.087595 -0.594264 -0.047570 0.996135 0.073843 95.508064 0.091243 -0.069284 0.993415 0.637640 0.000000 0.000000 0.000000 1.000000
0.994667 0.054269 -0.087708 -0.573748 -0.047858 0.996138 0.073613 95.510429 0.091364 -0.069023 0.993423 0.599727 0.000000 0.000000 0.000000 1.000000
0.994621 0.054460 -0.088112 -0.546239 -0.048042 0.996145 0.073392 95.514977 0.091770 -0.068765 0.993403 0.561837 0.000000 0.000000 0.000000 1.000000
0.994566 0.054552 -0.088670 -0.515922 -0.048117 0.996158 0.073166 95.519928 0.092321 -0.068502 0.993370 0.523669 0.000000 0.000000 0.000000 1.000000
0.994517 0.054630 -0.089167 -0.487758 -0.048177 0.996168 0.072991 95.523239 0.092813 -0.068295 0.993339 0.486456 0.000000 0.000000 0.000000 1.000000
0.994481 0.054770 -0.089492 -0.463165 -0.048304 0.996170 0.072880 95.524452 0.093140 -0.068155 0.993318 0.451202 0.000000 0.000000 0.000000 1.000000
0.994452 0.054960 -0.089694 -0.440449 -0.048494 0.996171 0.072740 95.524178 0.093349 -0.067987 0.993310 0.416775 0.000000 0.000000 0.000000 1.000000
0.994427 0.055160 -0.089852 -0.418830 -0.048709 0.996180 0.072472 95.523735 0.093506 -0.067692 0.993315 0.382349 0.000000 0.000000 0.000000 1.000000
0.994403 0.055340 -0.090004 -0.398261 -0.048917 0.996199 0.072070 95.524536 0.093650 -0.067263 0.993330 0.348910 0.000000 0.000000 0.000000 1.000000
0.994376 0.055497 -0.090198 -0.378157 -0.049104 0.996223 0.071611 95.527435 0.093832 -0.066779 0.993346 0.317634 0.000000 0.000000 0.000000 1.000000
0.994344 0.055630 -0.090476 -0.357864 -0.049258 0.996245 0.071199 95.531494 0.094097 -0.066339 0.993350 0.288181 0.000000 0.000000 0.000000 1.000000
0.994303 0.055751 -0.090846 -0.337051 -0.049384 0.996261 0.070889 95.535301 0.094459 -0.065999 0.993339 0.258842 0.000000 0.000000 0.000000 1.000000
0.994257 0.055884 -0.091273 -0.315862 -0.049514 0.996273 0.070629 95.538643 0.094880 -0.065704 0.993318 0.228072 0.000000 0.000000 0.000000 1.000000
0.994207 0.056049 -0.091717 -0.294585 -0.049681 0.996288 0.070292 95.542351 0.095316 -0.065329 0.993301 0.196160 0.000000 0.000000 0.000000 1.000000
0.994155 0.056219 -0.092167 -0.272942 -0.049870 0.996314 0.069791 95.546684 0.095750 -0.064787 0.993295 0.164799 0.000000 0.000000 0.000000 1.000000
0.994105 0.056333 -0.092636 -0.249803 -0.050016 0.996351 0.069155 95.551994 0.096194 -0.064114 0.993296 0.135335 0.000000 0.000000 0.000000 1.000000
0.994058 0.056371 -0.093120 -0.224380 -0.050088 0.996394 0.068479 95.559113 0.096644 -0.063408 0.993297 0.108362 0.000000 0.000000 0.000000 1.000000
0.994015 0.056375 -0.093575 -0.197062 -0.050125 0.996436 0.067844 95.568031 0.097067 -0.062748 0.993298 0.084216 0.000000 0.000000 0.000000 1.000000
0.993977 0.056395 -0.093967 -0.169257 -0.050173 0.996469 0.067315 95.577034 0.097432 -0.062195 0.993297 0.062245 0.000000 0.000000 0.000000 1.000000
0.993943 0.056444 -0.094295 -0.141804 -0.050238 0.996491 0.066944 95.584167 0.097743 -0.061801 0.993291 0.040732 0.000000 0.000000 0.000000 1.000000
0.993913 0.056510 -0.094568 -0.114682 -0.050307 0.996502 0.066737 95.588593 0.098008 -0.061573 0.993279 0.018660 0.000000 0.000000 0.000000 1.000000
0.993889 0.056593 -0.094771 -0.087939 -0.050385 0.996503 0.066660 95.590851 0.098212 -0.061478 0.993265 -0.003282 0.000000 0.000000 0.000000 1.000000
0.993873 0.056705 -0.094874 -0.062316 -0.050487 0.996495 0.066697 95.591934 0.098323 -0.061498 0.993253 -0.023625 0.000000 0.000000 0.000000 1.000000
0.993866 0.056838 -0.094868 -0.039093 -0.050607 0.996479 0.066849 95.592506 0.098333 -0.061638 0.993243 -0.040890 0.000000 0.000000 0.000000 1.000000
0.993867 0.056978 -0.094769 -0.018848 -0.050728 0.996456 0.067105 95.593201 0.098256 -0.061886 0.993235 -0.054025 0.000000 0.000000 0.000000 1.000000
0.993878 0.057132 -0.094559 -0.000553 -0.050865 0.996427 0.067420 95.594017 0.098073 -0.062198 0.993234 -0.063724 0.000000 0.000000 0.000000 1.000000
0.993900 0.057318 -0.094217 0.017781 -0.051040 0.996396 0.067750 95.595123 0.097761 -0.062528 0.993244 -0.072182 0.000000 0.000000 0.000000 1.000000
0.993928 0.057511 -0.093804 0.037006 -0.051227 0.996364 0.068080 95.596848 0.097378 -0.062862 0.993260 -0.080587 0.000000 0.000000 0.000000 1.000000
0.993950 0.057663 -0.093477 0.056593 -0.051364 0.996332 0.068441 95.598801 0.097081 -0.063226 0.993266 -0.088698 0.000000 0.000000 0.000000 1.000000
0.993957 0.057760 -0.093347 0.076363 -0.051429 0.996300 0.068857 95.599419 0.096979 -0.063640 0.993250 -0.096746 0.000000 0.000000 0.000000 1.000000
0.993953 0.057815 -0.093358 0.096824 -0.051437 0.996266 0.069337 95.597824 0.097018 -0.064115 0.993215 -0.105418 0.000000 0.000000 0.000000 1.000000
0.993954 0.057832 -0.093333 0.117807 -0.051403 0.996231 0.069872 95.594841 0.097023 -0.064652 0.993180 -0.114788 0.000000 0.000000 0.000000 1.000000
0.993973 0.057833 -0.093126 0.137871 -0.051367 0.996196 0.070394 95.591393 0.096843 -0.065186 0.993163 -0.124538 0.000000 0.000000 0.000000 1.000000
0.994008 0.057878 -0.092732 0.154975 -0.051394 0.996163 0.070843 95.588051 0.096476 -0.065653 0.993168 -0.134337 0.000000 0.000000 0.000000 1.000000
0.994043 0.057998 -0.092280 0.168717 -0.051510 0.996131 0.071204 95.585846 0.096053 -0.066027 0.993184 -0.143963 0.000000 0.000000 0.000000 1.000000
0.994071 0.058141 -0.091878 0.180257 -0.051659 0.996108 0.071419 95.584984 0.095673 -0.066249 0.993206 -0.153258 0.000000 0.000000 0.000000 1.000000
0.994098 0.058238 -0.091534 0.190298 -0.051781 0.996103 0.071399 95.584747 0.095335 -0.066238 0.993239 -0.162241 0.000000 0.000000 0.000000 1.000000
0.994123 0.058303 -0.091210 0.198158 -0.051894 0.996116 0.071127 95.584526 0.095003 -0.065976 0.993288 -0.171773 0.000000 0.000000 0.000000 1.000000
0.994146 0.058401 -0.090899 0.203254 -0.052058 0.996142 0.070652 95.584457 0.094674 -0.065506 0.993351 -0.182854 0.000000 0.000000 0.000000 1.000000
0.994162 0.058551 -0.090627 0.206153 -0.052285 0.996173 0.070044 95.584427 0.094382 -0.064897 0.993419 -0.194583 0.000000 0.000000 0.000000 1.000000
0.994173 0.058718 -0.090401 0.207534 -0.052529 0.996206 0.069382 95.584023 0.094132 -0.064229 0.993486 -0.204068 0.000000 0.000000 0.000000 1.000000
0.994184 0.058874 -0.090178 0.207378 -0.052760 0.996238 0.068753 95.583183 0.093886 -0.063595 0.993550 -0.209311 0.000000 0.000000 0.000000 1.000000
0.994197 0.059037 -0.089928 0.204699 -0.052988 0.996261 0.068232 95.582840 0.093620 -0.063071 0.993608 -0.210534 0.000000 0.000000 0.000000 1.000000
0.994208 0.059223 -0.089680 0.198153 -0.053225 0.996274 0.067861 95.583023 0.093365 -0.062695 0.993656 -0.207884 0.000000 0.000000 0.000000 1.000000
0.994215 0.059399 -0.089484 0.188199 -0.053437 0.996279 0.067616 95.582573 0.093167 -0.062443 0.993690 -0.200066 0.000000 0.000000 0.000000 1.000000
0.994217 0.059505 -0.089398 0.176886 -0.053566 0.996285 0.067428 95.581184 0.093078 -0.062249 0.993711 -0.186181 0.000000 0.000000 0.000000 1.000000
0.994210 0.059531 -0.089451 0.165524 -0.053609 0.996297 0.067215 95.580383 0.093122 -0.062031 0.993721 -0.167517 0.000000 0.000000 0.000000 1.000000
0.994194 0.059536 -0.089628 0.153361 -0.053628 0.996314 0.066951 95.580948 0.093283 -0.061756 0.993723 -0.146623 0.000000 0.000000 0.000000 1.000000
0.994171 0.059575 -0.089865 0.138745 -0.053678 0.996330 0.066671 95.581718 0.093507 -0.061459 0.993720 -0.124637 0.000000 0.000000 0.000000 1.000000
0.994146 0.059645 -0.090090 0.120669 -0.053758 0.996343 0.066417 95.581398 0.093722 -0.061185 0.993716 -0.100536 0.000000 0.000000 0.000000 1.000000
