<?xml version="1.0" encoding="utf-8"?>
<COLLADA xmlns="http://www.collada.org/2005/11/COLLADASchema" version="1.4.1">
  <asset><contributor><author>Mixamo</author><authoring_tool>COLLADA Mixamo exporter</authoring_tool><comments></comments></contributor><created>2020-08-17T20:04:56Z</created><modified>2020-08-17T20:04:56Z</modified><revision></revision><title></title><unit meter="0.010000"/><up_axis>Y_UP</up_axis></asset>
  <library_animations>
    <animation id="Hips-anim" name="Hips"><source id="Hips-Matrix-animation-input"><float_array id="Hips-Matrix-animation-input-array" count="30">

0.000000 0.033333 0.066667 0.100000 0.133333 0.166667 0.200000 0.233333 0.266667 0.300000 0.333333 0.366667 0.400000 0.433333 0.466667 0.500000
0.533333 0.566667 0.600000 0.633333 0.666667 0.700000 0.733333 0.766667 0.800000 0.833333 0.866667 0.900000 0.933333 0.966667</float_array><technique_common><accessor source="#Hips-Matrix-animation-input-array" count="30"><param name="TIME" type="float"/></accessor></technique_common></source><source id="Hips-Matrix-animation-output-transform"><float_array id="Hips-Matrix-animation-output-transform-array" count="480">

0.982284 0.069540 0.174019 0.010648 -0.071465 0.997431 0.004816 94.524452 -0.173237 -0.017167 0.984731 -0.031741 0.000000 0.000000 0.000000 1.000000
0.987734 0.052714 0.146979 0.309032 -0.051978 0.998609 -0.008847 94.817909 -0.147241 0.001099 0.989100 -0.340702 0.000000 0.000000 0.000000 1.000000
0.993787 0.034563 0.105793 0.685919 -0.032172 0.999189 -0.024224 94.561890 -0.106545 0.020670 0.994093 -0.631599 0.000000 0.000000 0.000000 1.000000
0.998264 0.012533 0.057556 1.117999 -0.010373 0.999236 -0.037679 93.992744 -0.057984 0.037016 0.997631 -0.783332 0.000000 0.000000 0.000000 1.000000
0.999932 -0.003977 0.010963 1.511598 0.004460 0.999004 -0.044399 93.276611 -0.010776 0.044445 0.998954 -0.679718 0.000000 0.000000 0.000000 1.000000
0.999595 -0.006207 -0.027773 1.821261 0.005009 0.999061 -0.043024 92.459564 0.028014 0.042867 0.998688 -0.276893 0.000000 0.000000 0.000000 1.000000
0.998230 -0.004317 -0.059319 2.236339 0.001855 0.999137 -0.041501 91.338051 0.059447 0.041317 0.997376 0.402384 0.000000 0.000000 0.000000 1.000000
0.996961 -0.010359 -0.077213 2.623116 0.007140 0.999098 -0.041856 90.406578 0.077577 0.041178 0.996136 0.913178 0.000000 0.000000 0.000000 1.000000
0.996587 -0.028783 -0.077367 3.078652 0.026077 0.999020 -0.035770 90.533516 0.078321 0.033630 0.996361 1.448170 0.000000 0.000000 0.000000 1.000000
0.996273 -0.042533 -0.075040 3.557755 0.040992 0.998918 -0.021954 90.766045 0.075892 0.018796 0.996939 2.322086 0.000000 0.000000 0.000000 1.000000
0.995451 -0.062734 -0.071706 4.188864 0.061985 0.997997 -0.012618 91.080147 0.072354 0.008115 0.997346 2.989648 0.000000 0.000000 0.000000 1.000000
0.994452 -0.086495 -0.059866 4.850970 0.086377 0.996252 -0.004558 91.655563 0.060036 -0.000638 0.998196 3.170608 0.000000 0.000000 0.000000 1.000000
0.993147 -0.105024 -0.051269 5.322136 0.105210 0.994450 0.000937 92.385468 0.050886 -0.006325 0.998684 2.967372 0.000000 0.000000 0.000000 1.000000
0.992420 -0.110956 -0.052835 5.540125 0.111215 0.993794 0.001966 93.277786 0.052289 -0.007827 0.998601 2.573378 0.000000 0.000000 0.000000 1.000000
0.992789 -0.104896 -0.058019 5.493967 0.105186 0.994451 0.001968 94.124397 0.057491 -0.008056 0.998314 2.093475 0.000000 0.000000 0.000000 1.000000
0.994380 -0.095076 -0.046577 5.304454 0.094923 0.995469 -0.005493 94.544899 0.046888 0.001040 0.998900 1.567284 0.000000 0.000000 0.000000 1.000000
0.996768 -0.077819 -0.019923 4.981013 0.077541 0.996886 -0.014342 94.712044 0.020977 0.012751 0.999699 1.163320 0.000000 0.000000 0.000000 1.000000
0.998527 -0.052457 0.013877 4.465039 0.052722 0.998419 -0.019503 94.659874 -0.012832 0.020206 0.999713 0.860006 0.000000 0.000000 0.000000 1.000000
0.998383 -0.033595 0.045859 3.994674 0.034501 0.999222 -0.019091 94.231140 -0.045182 0.020643 0.998765 0.781130 0.000000 0.000000 0.000000 1.000000
0.996450 -0.028822 0.079099 3.546568 0.029884 0.999478 -0.012272 93.313705 -0.078704 0.014592 0.996791 1.139905 0.000000 0.000000 0.000000 1.000000
0.993115 -0.027839 0.113784 3.148791 0.029109 0.999531 -0.009510 91.773758 -0.113465 0.012756 0.993460 1.423004 0.000000 0.000000 0.000000 1.000000
0.989970 -0.022907 0.139406 2.746669 0.023591 0.999716 -0.003259 90.831375 -0.139292 0.006515 0.990230 1.744604 0.000000 0.000000 0.000000 1.000000
0.989018 -0.010491 0.147423 2.325487 0.010135 0.999944 0.003164 90.630562 -0.147448 -0.001635 0.989068 2.084863 0.000000 0.000000 0.000000 1.000000
0.988619 0.002018 0.150426 1.815414 -0.003305 0.999960 0.008305 90.846741 -0.150404 -0.008708 0.988586 2.501390 0.000000 0.000000 0.000000 1.000000
0.988235 0.018677 0.151797 1.225734 -0.020768 0.999710 0.012198 90.942085 -0.151525 -0.015207 0.988336 2.965605 0.000000 0.000000 0.000000 1.000000
0.988217 0.041378 0.147358 0.637052 -0.043404 0.999002 0.010557 91.211700 -0.146774 -0.016828 0.989027 2.991652 0.000000 0.000000 0.000000 1.000000
0.987404 0.063884 0.144750 0.194930 -0.065358 0.997847 0.005449 91.718575 -0.144090 -0.014841 0.989453 2.470822 0.000000 0.000000 0.000000 1.000000
0.985314 0.078849 0.151456 -0.061675 -0.079919 0.996801 0.000979 92.843681 -0.150894 -0.013069 0.988464 1.748862 0.000000 0.000000 0.000000 1.000000
0.982137 0.080189 0.170224 -0.125823 -0.081596 0.996665 0.001274 93.883339 -0.169554 -0.015141 0.985405 0.868125 0.000000 0.000000 0.000000 1.000000
0.982284 0.069540 0.174019 0.010649 -0.071466 0.997431 0.004816 94.524452 -0.173237 -0.017167 0.984731 -0.031745 0.000000 0.000000 0.000000 1.000000</float_array><technique_common><accessor source="#Hips-Matrix-animation-output-transform-array" count="30" stride="16"><param type="float4x4"/></accessor></technique_common></source><source id="Hips-Interpolations"><Name_array id="Hips-Interpolations-array" count="30">
 LINEAR LINEAR LINEAR LINEAR LINEAR LINEAR LINEAR LINEAR LINEAR LINEAR LINEAR
LINEAR LINEAR LINEAR LINEAR LINEAR LINEAR LINEAR LINEAR LINEAR LINEAR LINEAR LINEAR
LINEAR LINEAR LINEAR LINEAR LINEAR LINEAR LINEAR</Name_array><technique_common><accessor source="#Hips-Interpolations-array" count="30"><param type="name"/></accessor></technique_common></source><sampler id="Hips-Matrix-animation-transform"><input semantic="INPUT" source="#Hips-Matrix-animation-input"/><input semantic="OUTPUT" source="#Hips-Matrix-animation-output-transform"/><input semantic="INTERPOLATION" source="#Hips-Interpolations"/></sampler><channel source="#Hips-Matrix-animation-transform" target="Hips/matrix"/></animation>
    <animation id="Spine-anim" name="Spine"><source id="Spine-Matrix-animation-input"><float_array id="Spine-Matrix-animation-input-array" count="30">

0.000000 0.033333 0.066667 0.100000 0.133333 0.166667 0.200000 0.233333 0.266667 0.300000 0.333333 0.366667 0.400000 0.433333 0.466667 0.500000
0.533333 0.566667 0.600000 0.633333 0.666667 0.700000 0.733333 0.766667 0.800000 0.833333 0.866667 0.900000 0.933333 0.966667</float_array><technique_common><accessor source="#Spine-Matrix-animation-input-array" count="30"><param name="TIME" type="float"/></accessor></technique_common></source><source id="Spine-Matrix-animation-output-transform"><float_array id="Spine-Matrix-animation-output-transform-array" count="480">

0.998686 -0.049669 -0.012602 0.000000 0.049048 0.997758 -0.045526 9.226300 0.014835 0.044849 0.998884 1.577100 0.000000 0.000000 0.000000 1.000000
0.999197 -0.039823 -0.004453 0.000000 0.039622 0.998465 -0.038704 9.226300 0.005987 0.038496 0.999241 1.577100 0.000000 0.000000 0.000000 1.000000
0.999557 -0.029416 0.004561 0.000000 0.029541 0.999101 -0.030393 9.226300 -0.003662 0.030514 0.999528 1.577100 0.000000 0.000000 0.000000 1.000000
0.999693 -0.021850 0.011716 -0.000000 0.022126 0.999467 -0.024021 9.226300 -0.011185 0.024272 0.999643 1.577100 0.000000 0.000000 0.000000 1.000000
0.999594 -0.021421 0.018786 0.000000 0.021780 0.999580 -0.019112 9.226300 -0.018369 0.019514 0.999641 1.577100 0.000000 0.000000 0.000000 1.000000
0.999004 -0.034246 0.028595 0.000000 0.034647 0.999307 -0.013631 9.226300 -0.028108 0.014608 0.999498 1.577100 0.000000 0.000000 0.000000 1.000000
0.997946 -0.050113 0.039903 0.000000 0.050179 0.998740 -0.000636 9.226300 -0.039821 0.002637 0.999203 1.577100 0.000000 0.000000 0.000000 1.000000
0.998107 -0.046051 0.040762 0.000000 0.046106 0.998936 -0.000416 9.226300 -0.040699 0.002294 0.999169 1.577100 0.000000 0.000000 0.000000 1.000000
0.999217 -0.022785 0.032338 0.000000 0.023054 0.999702 -0.007965 9.226300 -0.032147 0.008704 0.999445 1.577100 0.000000 0.000000 0.000000 1.000000
0.999604 -0.006893 0.027290 0.000000 0.007325 0.999849 -0.015745 9.226300 -0.027178 0.015939 0.999504 1.577100 0.000000 0.000000 0.000000 1.000000
0.999730 0.004555 0.022767 0.000000 -0.003911 0.999593 -0.028248 9.226300 -0.022886 0.028152 0.999342 1.577100 0.000000 0.000000 0.000000 1.000000
0.999753 0.015887 0.015531 -0.000000 -0.015216 0.998984 -0.042410 9.226300 -0.016189 0.042164 0.998980 1.577100 0.000000 0.000000 0.000000 1.000000
0.999713 0.021778 0.009992 0.000000 -0.021200 0.998278 -0.054696 9.226300 -0.011165 0.054469 0.998453 1.577100 0.000000 0.000000 0.000000 1.000000
0.999805 0.018149 0.007779 0.000000 -0.017611 0.997771 -0.064367 9.226300 -0.008930 0.064218 0.997896 1.577100 0.000000 0.000000 0.000000 1.000000
0.999922 0.011599 0.004582 0.000000 -0.011245 0.997418 -0.070929 9.226300 -0.005393 0.070872 0.997471 1.577100 0.000000 0.000000 0.000000 1.000000
0.999978 0.006087 -0.002684 0.000000 -0.006255 0.997680 -0.067794 9.226300 0.002265 0.067809 0.997696 1.577100 0.000000 0.000000 0.000000 1.000000
0.999938 -0.003083 -0.010667 0.000000 0.002465 0.998345 -0.057455 9.226300 0.010826 0.057425 0.998291 1.577100 0.000000 0.000000 0.000000 1.000000
0.999732 -0.014472 -0.018044 0.000000 0.013604 0.998786 -0.047340 9.226300 0.018707 0.047081 0.998716 1.577100 0.000000 0.000000 0.000000 1.000000
0.999558 -0.016243 -0.024915 0.000000 0.015265 0.999124 -0.038967 9.226300 0.025526 0.038569 0.998930 1.577100 0.000000 0.000000 0.000000 1.000000
0.999336 -0.000928 -0.036436 0.000000 -0.000196 0.999525 -0.030819 9.226300 0.036448 0.030806 0.998861 1.577100 0.000000 0.000000 0.000000 1.000000
0.998725 0.014740 -0.048276 0.000000 -0.015837 0.999623 -0.022417 9.226300 0.047928 0.023153 0.998582 1.577100 0.000000 0.000000 0.000000 1.000000
0.998586 0.014353 -0.051189 0.000000 -0.015655 0.999561 -0.025138 9.226300 0.050806 0.025903 0.998373 1.577100 0.000000 0.000000 0.000000 1.000000
0.998962 -0.002180 -0.045507 0.000000 0.000867 0.999583 -0.028860 9.226300 0.045550 0.028790 0.998547 1.577100 0.000000 0.000000 0.000000 1.000000
0.999009 -0.017352 -0.040988 0.000000 0.016154 0.999438 -0.029373 9.226300 0.041474 0.028681 0.998728 1.577100 0.000000 0.000000 0.000000 1.000000
0.998896 -0.028074 -0.037658 0.000000 0.026870 0.999123 -0.032098 9.226300 0.038526 0.031050 0.998775 1.577100 0.000000 0.000000 0.000000 1.000000
0.998457 -0.045214 -0.032223 -0.000000 0.044091 0.998423 -0.034755 9.226300 0.033744 0.033280 0.998876 1.577100 0.000000 0.000000 0.000000 1.000000
0.997991 -0.057567 -0.026455 -0.000000 0.056607 0.997758 -0.035692 9.226300 0.028450 0.034123 0.999013 1.577100 0.000000 0.000000 0.000000 1.000000
0.997967 -0.059502 -0.022854 0.000000 0.058732 0.997728 -0.033002 9.226300 0.024766 0.031593 0.999194 1.577100 0.000000 0.000000 0.000000 1.000000
0.998256 -0.055919 -0.018914 0.000000 0.055137 0.997693 -0.039616 9.226300 0.021086 0.038504 0.999036 1.577100 0.000000 0.000000 0.000000 1.000000
0.998686 -0.049669 -0.012602 -0.000000 0.049048 0.997758 -0.045526 9.226300 0.014835 0.044849 0.998884 1.577100 0.000000 0.000000 0.000000 1.000000</float_array><technique_common><accessor source="#Spine-Matrix-animation-output-transform-array" count="30" stride="16"><param type="float4x4"/></accessor></technique_common></source><source id="Spine-Interpolations"><Name_array id="Spine-Interpolations-array" count="30">
 LINEAR LINEAR LINEAR LINEAR LINEAR LINEAR LINEAR LINEAR LINEAR LINEAR LINEAR
LINEAR LINEAR LINEAR LINEAR LINEAR LINEAR LINEAR LINEAR LINEAR LINEAR LINEAR LINEAR
LINEAR LINEAR LINEAR LINEAR LINEAR LINEAR LINEAR</Name_array><technique_common><accessor source="#Spine-Interpolations-array" count="30"><param type="name"/></accessor></technique_common></source><sampler id="Spine-Matrix-animation-transform"><input semantic="INPUT" source="#Spine-Matrix-animation-input"/><input semantic="OUTPUT" source="#Spine-Matrix-animation-output-transform"/><input semantic="INTERPOLATION" source="#Spine-Interpolations"/></sampler><channel source="#Spine-Matrix-animation-transform" target="Spine/matrix"/></animation>
    <animation id="Spine1-anim" name="Spine1"><source id="Spine1-Matrix-animation-input"><float_array id="Spine1-Matrix-animation-input-array" count="30">

0.000000 0.033333 0.066667 0.100000 0.133333 0.166667 0.200000 0.233333 0.266667 0.300000 0.333333 0.366667 0.400000 0.433333 0.466667 0.500000
0.533333 0.566667 0.600000 0.633333 0.666667 0.700000 0.733333 0.766667 0.800000 0.833333 0.866667 0.900000 0.933333 0.966667</float_array><technique_common><accessor source="#Spine1-Matrix-animation-input-array" count="30"><param name="TIME" type="float"/></accessor></technique_common></source><source id="Spine1-Matrix-animation-output-transform"><float_array id="Spine1-Matrix-animation-output-transform-array" count="480">

0.999100 -0.014752 -0.039760 0.000000 0.013609 0.999490 -0.028877 16.254000 0.040166 0.028310 0.998792 -0.165600 0.000000 0.000000 0.000000 1.000000
0.999750 -0.004964 -0.021813 -0.000000 0.004461 0.999725 -0.023042 16.254000 0.021921 0.022939 0.999497 -0.165600 0.000000 0.000000 0.000000 1.000000
0.999999 0.000192 -0.001235 -0.000000 -0.000217 0.999785 -0.020756 16.254000 0.001230 0.020756 0.999784 -0.165600 0.000000 0.000000 0.000000 1.000000
0.999857 0.009293 0.014093 0.000000 -0.009026 0.999781 -0.018903 16.254000 -0.014266 0.018773 0.999722 -0.165600 0.000000 0.000000 0.000000 1.000000
0.999494 0.016642 0.027120 0.000000 -0.016020 0.999608 -0.022981 16.254000 -0.027491 0.022535 0.999368 -0.165600 0.000000 0.000000 0.000000 1.000000
0.999107 0.023678 0.034980 0.000000 -0.022601 0.999268 -0.030876 16.254000 -0.035685 0.030058 0.998911 -0.165600 0.000000 0.000000 0.000000 1.000000
0.998713 0.030359 0.040623 0.000000 -0.028770 0.998819 -0.039152 16.254000 -0.041764 0.037933 0.998407 -0.165600 0.000000 0.000000 0.000000 1.000000
0.998458 0.030580 0.046325 0.000000 -0.028861 0.998886 -0.037339 16.254000 -0.047415 0.035944 0.998228 -0.165600 0.000000 0.000000 0.000000 1.000000
0.998472 0.026506 0.048487 0.000000 -0.025018 0.999205 -0.031033 16.254000 -0.049271 0.029772 0.998342 -0.165600 0.000000 0.000000 0.000000 1.000000
0.998580 0.024374 0.047362 0.000000 -0.023172 0.999399 -0.025772 16.254000 -0.047962 0.024638 0.998545 -0.165600 0.000000 0.000000 0.000000 1.000000
0.998739 0.027646 0.041899 0.000000 -0.026856 0.999453 -0.019297 16.254000 -0.042410 0.018147 0.998935 -0.165600 0.000000 0.000000 0.000000 1.000000
0.999013 0.030849 0.031968 0.000000 -0.030259 0.999366 -0.018775 16.254000 -0.032527 0.017789 0.999313 -0.165600 0.000000 0.000000 0.000000 1.000000
0.999132 0.034378 0.023535 -0.000000 -0.033851 0.999175 -0.022458 16.254000 -0.024287 0.021642 0.999471 -0.165600 0.000000 0.000000 0.000000 1.000000
0.999165 0.036599 0.018150 0.000000 -0.036150 0.999046 -0.024485 16.254000 -0.019029 0.023809 0.999535 -0.165600 0.000000 0.000000 0.000000 1.000000
0.999411 0.032777 0.010165 0.000000 -0.032509 0.999147 -0.025461 16.254000 -0.010990 0.025115 0.999624 -0.165600 0.000000 0.000000 0.000000 1.000000
0.999626 0.026812 -0.005408 0.000000 -0.026933 0.999355 -0.023772 16.254000 0.004767 0.023909 0.999703 -0.165600 0.000000 0.000000 0.000000 1.000000
0.999510 0.020142 -0.023956 0.000000 -0.020731 0.999483 -0.024592 16.254000 0.023448 0.025076 0.999411 -0.165600 0.000000 0.000000 0.000000 1.000000
0.999036 0.013149 -0.041873 0.000000 -0.014351 0.999490 -0.028536 16.254000 0.041476 0.029110 0.998715 -0.165600 0.000000 0.000000 0.000000 1.000000
0.998482 0.004353 -0.054906 -0.000000 -0.006413 0.999279 -0.037409 16.254000 0.054704 0.037704 0.997791 -0.165600 0.000000 0.000000 0.000000 1.000000
0.997916 -0.007145 -0.064123 0.000000 0.003971 0.998767 -0.049486 16.254000 0.064398 0.049128 0.996714 -0.165600 0.000000 0.000000 0.000000 1.000000
0.997181 -0.016458 -0.073210 -0.000000 0.012208 0.998235 -0.058125 16.254000 0.074037 0.057067 0.995621 -0.165600 0.000000 0.000000 0.000000 1.000000
0.996635 -0.017617 -0.080049 0.000000 0.013103 0.998312 -0.056574 16.254000 0.080911 0.055335 0.995184 -0.165600 0.000000 0.000000 0.000000 1.000000
0.996458 -0.012636 -0.083137 -0.000000 0.008492 0.998712 -0.050019 16.254000 0.083662 0.049136 0.995282 -0.165600 0.000000 0.000000 0.000000 1.000000
0.996339 -0.007692 -0.085142 -0.000000 0.004131 0.999113 -0.041918 16.254000 0.085389 0.041413 0.995487 -0.165600 0.000000 0.000000 0.000000 1.000000
0.996600 -0.009708 -0.081818 -0.000000 0.006923 0.999389 -0.034257 16.254000 0.082100 0.033574 0.996058 -0.165600 0.000000 0.000000 0.000000 1.000000
0.996973 -0.011295 -0.076927 0.000000 0.009168 0.999568 -0.027938 16.254000 0.077209 0.027148 0.996645 -0.165600 0.000000 0.000000 0.000000 1.000000
0.997452 -0.017280 -0.069212 -0.000000 0.015431 0.999512 -0.027155 16.254000 0.069648 0.026018 0.997232 -0.165600 0.000000 0.000000 0.000000 1.000000
0.997806 -0.024760 -0.061399 -0.000000 0.022906 0.999266 -0.030709 16.254000 0.062114 0.029235 0.997641 -0.165600 0.000000 0.000000 0.000000 1.000000
0.998294 -0.025214 -0.052668 0.000000 0.023644 0.999263 -0.030233 16.254000 0.053391 0.028936 0.998154 -0.165600 0.000000 0.000000 0.000000 1.000000
0.999100 -0.014752 -0.039760 0.000000 0.013609 0.999490 -0.028877 16.254000 0.040166 0.028310 0.998792 -0.165600 0.000000 0.000000 0.000000 1.000000</float_array><technique_common><accessor source="#Spine1-Matrix-animation-output-transform-array" count="30" stride="16"><param type="float4x4"/></accessor></technique_common></source><source id="Spine1-Interpolations"><Name_array id="Spine1-Interpolations-array" count="30">
 LINEAR LINEAR LINEAR LINEAR LINEAR LINEAR LINEAR LINEAR LINEAR LINEAR LINEAR
LINEAR LINEAR LINEAR LINEAR LINEAR LINEAR LINEAR LINEAR LINEAR LINEAR LINEAR LINEAR
LINEAR LINEAR LINEAR LINEAR LINEAR LINEAR LINEAR</Name_array><technique_common><accessor source="#Spine1-Interpolations-array" count="30"><param type="name"/></accessor></technique_common></source><sampler id="Spine1-Matrix-animation-transform"><input semantic="INPUT" source="#Spine1-Matrix-animation-input"/><input semantic="OUTPUT" source="#Spine1-Matrix-animation-output-transform"/><input semantic="INTERPOLATION" source="#Spine1-Interpolations"/></sampler><channel source="#Spine1-Matrix-animation-transform" target="Spine1/matrix"/></animation>
    <animation id="Spine2-anim" name="Spine2"><source id="Spine2-Matrix-animation-input"><float_array id="Spine2-Matrix-animation-input-array" count="30">

0.000000 0.033333 0.066667 0.100000 0.133333 0.166667 0.200000 0.233333 0.266667 0.300000 0.333333 0.366667 0.400000 0.433333 0.466667 0.500000
0.533333 0.566667 0.600000 0.633333 0.666667 0.700000 0.733333 0.766667 0.800000 0.833333 0.866667 0.900000 0.933333 0.966667</float_array><technique_common><accessor source="#Spine2-Matrix-animation-input-array" count="30"><param name="TIME" type="float"/></accessor></technique_common></source><source id="Spine2-Matrix-animation-output-transform"><float_array id="Spine2-Matrix-animation-output-transform-array" count="480">

0.999195 -0.004393 -0.039871 0.000000 0.006425 0.998680 0.050966 13.639600 0.039595 -0.051181 0.997904 -1.292300 0.000000 0.000000 0.000000 1.000000
0.999754 0.004950 -0.021631 0.000000 -0.003729 0.998417 0.056119 13.639600 0.021874 -0.056025 0.998190 -1.292300 0.000000 0.000000 0.000000 1.000000
0.999955 0.009425 -0.001067 -0.000000 -0.009348 0.998286 0.057775 13.639600 0.001610 -0.057762 0.998329 -1.292300 0.000000 0.000000 0.000000 1.000000
0.999733 0.017862 0.014631 -0.000000 -0.018699 0.998069 0.059237 13.639600 -0.013545 -0.059495 0.998137 -1.292300 0.000000 0.000000 0.000000 1.000000
0.999304 0.024499 0.028133 0.000000 -0.026012 0.998161 0.054750 13.639600 -0.026740 -0.055444 0.998104 -1.292300 0.000000 0.000000 0.000000 1.000000
0.998849 0.030958 0.036650 0.000000 -0.032646 0.998389 0.046410 13.639600 -0.035154 -0.047553 0.998250 -1.292300 0.000000 0.000000 0.000000 1.000000
0.998388 0.036892 0.043131 0.000000 -0.038527 0.998546 0.037703 13.639600 -0.041678 -0.039304 0.998358 -1.292300 0.000000 0.000000 0.000000 1.000000
0.998132 0.036682 0.048851 0.000000 -0.038620 0.998480 0.039334 13.639600 -0.047333 -0.041147 0.998031 -1.292300 0.000000 0.000000 0.000000 1.000000
0.998201 0.032692 0.050254 0.000000 -0.035011 0.998329 0.045979 13.639600 -0.048667 -0.047656 0.997678 -1.292300 0.000000 0.000000 0.000000 1.000000
0.998341 0.030891 0.048584 -0.000000 -0.033396 0.998108 0.051617 13.639600 -0.046897 -0.053154 0.997485 -1.292300 0.000000 0.000000 0.000000 1.000000
0.998475 0.034838 0.042834 0.000000 -0.037313 0.997596 0.058401 13.639600 -0.040697 -0.059911 0.997374 -1.292300 0.000000 0.000000 0.000000 1.000000
0.998724 0.038715 0.032415 0.000000 -0.040587 0.997418 0.059249 13.639600 -0.030038 -0.060489 0.997717 -1.292300 0.000000 0.000000 0.000000 1.000000
0.998809 0.042646 0.023707 0.000000 -0.043911 0.997482 0.055689 13.639600 -0.021273 -0.056664 0.998167 -1.292300 0.000000 0.000000 0.000000 1.000000
0.998815 0.045094 0.018331 -0.000000 -0.046018 0.997501 0.053612 13.639600 -0.015868 -0.054392 0.998394 -1.292300 0.000000 0.000000 0.000000 1.000000
0.999087 0.041458 0.010285 0.000000 -0.041944 0.997730 0.052692 13.639600 -0.008077 -0.053075 0.998558 -1.292300 0.000000 0.000000 0.000000 1.000000
0.999346 0.035768 -0.005238 0.000000 -0.035429 0.997878 0.054629 13.639600 0.007181 -0.054407 0.998493 -1.292300 0.000000 0.000000 0.000000 1.000000
0.999282 0.029667 -0.023583 -0.000000 -0.028354 0.998128 0.054197 13.639600 0.025147 -0.053489 0.998252 -1.292300 0.000000 0.000000 0.000000 1.000000
0.998865 0.023541 -0.041413 0.000000 -0.021426 0.998478 0.050813 13.639600 0.042546 -0.049868 0.997849 -1.292300 0.000000 0.000000 0.000000 1.000000
0.998368 0.015709 -0.054910 0.000000 -0.013403 0.999022 0.042127 13.639600 0.055518 -0.041322 0.997602 -1.292300 0.000000 0.000000 0.000000 1.000000
0.997872 0.005224 -0.064995 -0.000000 -0.003298 0.999553 0.029704 13.639600 0.065122 -0.029427 0.997443 -1.292300 0.000000 0.000000 0.000000 1.000000
0.997196 -0.002927 -0.074774 0.000000 0.004478 0.999778 0.020580 13.639600 0.074697 -0.020857 0.996988 -1.292300 0.000000 0.000000 0.000000 1.000000
0.996655 -0.003828 -0.081630 0.000000 0.005642 0.999742 0.022002 13.639600 0.081524 -0.022389 0.996420 -1.292300 0.000000 0.000000 0.000000 1.000000
0.996446 0.001046 -0.084229 0.000000 0.001407 0.999577 0.029062 13.639600 0.084223 -0.029077 0.996023 -1.292300 0.000000 0.000000 0.000000 1.000000
0.996303 0.005895 -0.085711 0.000000 -0.002667 0.999285 0.037725 13.639600 0.085872 -0.037357 0.995606 -1.292300 0.000000 0.000000 0.000000 1.000000
0.996611 0.003318 -0.082187 0.000000 0.000457 0.998947 0.045868 13.639600 0.082253 -0.045750 0.995561 -1.292300 0.000000 0.000000 0.000000 1.000000
0.997044 0.001176 -0.076829 0.000000 0.002910 0.998588 0.053050 13.639600 0.076783 -0.053116 0.995632 -1.292300 0.000000 0.000000 0.000000 1.000000
0.997595 -0.005223 -0.069118 0.000000 0.008980 0.998492 0.054153 13.639600 0.068731 -0.054643 0.996138 -1.292300 0.000000 0.000000 0.000000 1.000000
0.998001 -0.012844 -0.061878 0.000000 0.015967 0.998609 0.050249 13.639600 0.061146 -0.051137 0.996818 -1.292300 0.000000 0.000000 0.000000 1.000000
0.998484 -0.014068 -0.053221 0.000000 0.016742 0.998602 0.050135 13.639600 0.052442 -0.050950 0.997323 -1.292300 0.000000 0.000000 0.000000 1.000000
0.999195 -0.004393 -0.039871 -0.000000 0.006425 0.998680 0.050966 13.639600 0.039595 -0.051181 0.997904 -1.292300 0.000000 0.000000 0.000000 1.000000</float_array><technique_common><accessor source="#Spine2-Matrix-animation-output-transform-array" count="30" stride="16"><param type="float4x4"/></accessor></technique_common></source><source id="Spine2-Interpolations"><Name_array id="Spine2-Interpolations-array" count="30">
 LINEAR LINEAR LINEAR LINEAR LINEAR LINEAR LINEAR LINEAR LINEAR LINEAR LINEAR
LINEAR LINEAR LINEAR LINEAR LINEAR LINEAR LINEAR LINEAR LINEAR LINEAR LINEAR LINEAR
LINEAR LINEAR LINEAR LINEAR LINEAR LINEAR LINEAR</Name_array><technique_common><accessor source="#Spine2-Interpolations-array" count="30"><param type="name"/></accessor></technique_common></source><sampler id="Spine2-Matrix-animation-transform"><input semantic="INPUT" source="#Spine2-Matrix-animation-input"/><input semantic="OUTPUT" source="#Spine2-Matrix-animation-output-transform"/><input semantic="INTERPOLATION" source="#Spine2-Interpolations"/></sampler><channel source="#Spine2-Matrix-animation-transform" target="Spine2/matrix"/></animation>
    <animation id="Neck-anim" name="Neck"><source id="Neck-Matrix-animation-input"><float_array id="Neck-Matrix-animation-input-array" count="30">

0.000000 0.033333 0.066667 0.100000 0.133333 0.166667 0.200000 0.233333 0.266667 0.300000 0.333333 0.366667 0.400000 0.433333 0.466667 0.500000
0.533333 0.566667 0.600000 0.633333 0.666667 0.700000 0.733333 0.766667 0.800000 0.833333 0.866667 0.900000 0.933333 0.966667</float_array><technique_common><accessor source="#Neck-Matrix-animation-input-array" count="30"><param name="TIME" type="float"/></accessor></technique_common></source><source id="Neck-Matrix-animation-output-transform"><float_array id="Neck-Matrix-animation-output-transform-array" count="480">

0.999651 0.017169 -0.020092 0.000000 -0.015963 0.998146 0.058730 13.877400 0.021063 -0.058388 0.998072 -4.354200 0.000000 0.000000 0.000000 1.000000
0.999657 0.012774 -0.022852 0.000000 -0.011595 0.998631 0.051004 13.877400 0.023473 -0.050721 0.998437 -4.354200 0.000000 0.000000 0.000000 1.000000
0.999580 0.019045 -0.021836 0.000000 -0.017833 0.998358 0.054439 13.877400 0.022837 -0.054027 0.998278 -4.354200 0.000000 0.000000 0.000000 1.000000
0.999497 0.026028 -0.018133 0.000000 -0.024876 0.997823 0.061084 13.877400 0.019684 -0.060603 0.997968 -4.354200 0.000000 0.000000 0.000000 1.000000
0.999148 0.039470 -0.012017 -0.000000 -0.038506 0.996664 0.071966 13.877400 0.014818 -0.071442 0.997335 -4.354200 0.000000 0.000000 0.000000 1.000000
0.998739 0.049698 -0.007127 -0.000000 -0.048931 0.995302 0.083543 13.877400 0.011245 -0.083089 0.996479 -4.354200 0.000000 0.000000 0.000000 1.000000
0.998585 0.052922 -0.005308 -0.000000 -0.052227 0.994534 0.090417 13.877400 0.010064 -0.090012 0.995890 -4.354200 0.000000 0.000000 0.000000 1.000000
0.998641 0.051890 -0.004908 0.000000 -0.051240 0.994641 0.089797 13.877400 0.009542 -0.089423 0.995948 -4.354200 0.000000 0.000000 0.000000 1.000000
0.998876 0.047037 -0.005929 0.000000 -0.046378 0.995425 0.083536 13.877400 0.009831 -0.083167 0.996487 -4.354200 0.000000 0.000000 0.000000 1.000000
0.999116 0.041379 -0.007393 0.000000 -0.040668 0.996054 0.078888 13.877400 0.010628 -0.078518 0.996856 -4.354200 0.000000 0.000000 0.000000 1.000000
0.999164 0.040216 -0.007352 0.000000 -0.039519 0.996154 0.078204 13.877400 0.010468 -0.077848 0.996910 -4.354200 0.000000 0.000000 0.000000 1.000000
0.998930 0.046016 -0.004576 0.000000 -0.045480 0.995529 0.082791 13.877400 0.008365 -0.082495 0.996556 -4.354200 0.000000 0.000000 0.000000 1.000000
0.998565 0.053524 -0.001513 -0.000000 -0.053175 0.994573 0.089427 13.877400 0.006291 -0.089218 0.995992 -4.354200 0.000000 0.000000 0.000000 1.000000
0.998250 0.059115 0.001656 0.000000 -0.059027 0.994281 0.088997 13.877400 0.003615 -0.088939 0.996031 -4.354200 0.000000 0.000000 0.000000 1.000000
0.998143 0.060620 0.005966 0.000000 -0.060906 0.994675 0.083137 13.877400 -0.000894 -0.083346 0.996520 -4.354200 0.000000 0.000000 0.000000 1.000000
0.998240 0.058502 0.009737 0.000000 -0.059059 0.995569 0.073168 13.877400 -0.005414 -0.073614 0.997272 -4.354200 0.000000 0.000000 0.000000 1.000000
0.998424 0.054899 0.011667 0.000000 -0.055550 0.996289 0.065745 13.877400 -0.008014 -0.066289 0.997768 -4.354200 0.000000 0.000000 0.000000 1.000000
0.998900 0.045869 0.009752 -0.000000 -0.046408 0.996795 0.065162 13.877400 -0.006732 -0.065543 0.997827 -4.354200 0.000000 0.000000 0.000000 1.000000
0.999237 0.038482 0.006669 0.000000 -0.038865 0.996605 0.072576 13.877400 -0.003853 -0.072779 0.997341 -4.354200 0.000000 0.000000 0.000000 1.000000
0.999424 0.033748 0.003636 -0.000000 -0.033936 0.995737 0.085768 13.877400 -0.000726 -0.085842 0.996308 -4.354200 0.000000 0.000000 0.000000 1.000000
0.999544 0.030172 0.001134 0.000000 -0.030140 0.994850 0.096770 13.877400 0.001792 -0.096760 0.995306 -4.354200 0.000000 0.000000 0.000000 1.000000
0.999581 0.028917 -0.000810 0.000000 -0.028705 0.994924 0.096452 13.877400 0.003595 -0.096389 0.995337 -4.354200 0.000000 0.000000 0.000000 1.000000
0.999545 0.030134 -0.001203 0.000000 -0.029917 0.995785 0.086706 13.877400 0.003811 -0.086631 0.996233 -4.354200 0.000000 0.000000 0.000000 1.000000
0.999470 0.032544 0.000049 0.000000 -0.032446 0.996368 0.078733 13.877400 0.002514 -0.078692 0.996896 -4.354200 0.000000 0.000000 0.000000 1.000000
0.999305 0.037272 0.000964 0.000000 -0.037234 0.996286 0.077645 13.877400 0.001934 -0.077627 0.996981 -4.354200 0.000000 0.000000 0.000000 1.000000
0.999280 0.037935 0.000671 0.000000 -0.037878 0.996478 0.074810 13.877400 0.002170 -0.074782 0.997198 -4.354200 0.000000 0.000000 0.000000 1.000000
0.999305 0.037254 -0.001210 -0.000000 -0.037054 0.996400 0.076247 13.877400 0.004046 -0.076149 0.997088 -4.354200 0.000000 0.000000 0.000000 1.000000
0.999437 0.033139 -0.005167 0.000000 -0.032661 0.996678 0.074608 13.877400 0.007622 -0.074397 0.997200 -4.354200 0.000000 0.000000 0.000000 1.000000
0.999485 0.029992 -0.011399 -0.000000 -0.029125 0.997133 0.069840 13.877400 0.013461 -0.069472 0.997493 -4.354200 0.000000 0.000000 0.000000 1.000000
0.999651 0.017169 -0.020092 0.000000 -0.015963 0.998146 0.058730 13.877400 0.021063 -0.058388 0.998072 -4.354200 0.000000 0.000000 0.000000 1.000000</float_array><technique_common><accessor source="#Neck-Matrix-animation-output-transform-array" count="30" stride="16"><param type="float4x4"/></accessor></technique_common></source><source id="Neck-Interpolations"><Name_array id="Neck-Interpolations-array" count="30">
 LINEAR LINEAR LINEAR LINEAR LINEAR LINEAR LINEAR LINEAR LINEAR LINEAR LINEAR
LINEAR LINEAR LINEAR LINEAR LINEAR LINEAR LINEAR LINEAR LINEAR LINEAR LINEAR LINEAR
LINEAR LINEAR LINEAR LINEAR LINEAR LINEAR LINEAR</Name_array><technique_common><accessor source="#Neck-Interpolations-array" count="30"><param type="name"/></accessor></technique_common></source><sampler id="Neck-Matrix-animation-transform"><input semantic="INPUT" source="#Neck-Matrix-animation-input"/><input semantic="OUTPUT" source="#Neck-Matrix-animation-output-transform"/><input semantic="INTERPOLATION" source="#Neck-Interpolations"/></sampler><channel source="#Neck-Matrix-animation-transform" target="Neck/matrix"/></animation>
    <animation id="Neck1-anim" name="Neck1"><source id="Neck1-Matrix-animation-input"><float_array id="Neck1-Matrix-animation-input-array" count="30">

0.000000 0.033333 0.066667 0.100000 0.133333 0.166667 0.200000 0.233333 0.266667 0.300000 0.333333 0.366667 0.400000 0.433333 0.466667 0.500000
0.533333 0.566667 0.600000 0.633333 0.666667 0.700000 0.733333 0.766667 0.800000 0.833333 0.866667 0.900000 0.933333 0.966667</float_array><technique_common><accessor source="#Neck1-Matrix-animation-input-array" count="30"><param name="TIME" type="float"/></accessor></technique_common></source><source id="Neck1-Matrix-animation-output-transform"><float_array id="Neck1-Matrix-animation-output-transform-array" count="480">

1.000000 0.000000 0.000000 0.000000 0.000000 1.000000 -0.000000 4.340000 0.000000 -0.000000 1.000000 0.926900 0.000000 0.000000 0.000000 1.000000
1.000000 0.000000 0.000000 -0.000000 0.000000 1.000000 0.000000 4.340000 0.000000 0.000000 1.000000 0.926900 0.000000 0.000000 0.000000 1.000000
1.000000 -0.000000 0.000000 0.000000 0.000000 1.000000 0.000000 4.340000 0.000000 -0.000000 1.000000 0.926900 0.000000 0.000000 0.000000 1.000000
1.000000 -0.000000 0.000000 0.000000 0.000000 1.000000 0.000000 4.340000 -0.000000 0.000000 1.000000 0.926900 0.000000 0.000000 0.000000 1.000000
1.000000 -0.000000 0.000000 0.000000 -0.000000 1.000000 -0.000000 4.340000 0.000000 0.000000 1.000000 0.926900 0.000000 0.000000 0.000000 1.000000
1.000000 -0.000000 -0.000000 -0.000000 -0.000000 1.000000 0.000000 4.340000 0.000000 0.000000 1.000000 0.926900 0.000000 0.000000 0.000000 1.000000
1.000000 -0.000000 -0.000000 0.000000 0.000000 1.000000 0.000000 4.340000 -0.000000 -0.000000 1.000000 0.926900 0.000000 0.000000 0.000000 1.000000
1.000000 -0.000000 0.000000 -0.000000 0.000000 1.000000 0.000000 4.340000 0.000000 -0.000000 1.000000 0.926900 0.000000 0.000000 0.000000 1.000000
1.000000 -0.000000 0.000000 0.000000 -0.000000 1.000000 0.000000 4.340000 0.000000 0.000000 1.000000 0.926900 0.000000 0.000000 0.000000 1.000000
1.000000 0.000000 0.000000 0.000000 0.000000 1.000000 -0.000000 4.340000 0.000000 0.000000 1.000000 0.926900 0.000000 0.000000 0.000000 1.000000
1.000000 -0.000000 0.000000 -0.000000 -0.000000 1.000000 0.000000 4.340000 0.000000 0.000000 1.000000 0.926900 0.000000 0.000000 0.000000 1.000000
1.000000 -0.000000 -0.000000 -0.000000 -0.000000 1.000000 0.000000 4.340000 0.000000 -0.000000 1.000000 0.926900 0.000000 0.000000 0.000000 1.000000
1.000000 -0.000000 0.000000 0.000000 0.000000 1.000000 -0.000000 4.340000 0.000000 0.000000 1.000000 0.926900 0.000000 0.000000 0.000000 1.000000
1.000000 0.000000 -0.000000 0.000000 0.000000 1.000000 -0.000000 4.340000 0.000000 0.000000 1.000000 0.926900 0.000000 0.000000 0.000000 1.000000
1.000000 0.000000 0.000000 0.000000 0.000000 1.000000 0.000000 4.340000 0.000000 0.000000 1.000000 0.926900 0.000000 0.000000 0.000000 1.000000
1.000000 -0.000000 -0.000000 -0.000000 0.000000 1.000000 0.000000 4.340000 -0.000000 -0.000000 1.000000 0.926900 0.000000 0.000000 0.000000 1.000000
1.000000 0.000000 -0.000000 0.000000 -0.000000 1.000000 -0.000000 4.340000 0.000000 -0.000000 1.000000 0.926900 0.000000 0.000000 0.000000 1.000000
1.000000 0.000000 0.000000 0.000000 0.000000 1.000000 0.000000 4.340000 0.000000 -0.000000 1.000000 0.926900 0.000000 0.000000 0.000000 1.000000
1.000000 0.000000 0.000000 -0.000000 -0.000000 1.000000 -0.000000 4.340000 0.000000 0.000000 1.000000 0.926900 0.000000 0.000000 0.000000 1.000000
1.000000 0.000000 -0.000000 0.000000 -0.000000 1.000000 0.000000 4.340000 0.000000 0.000000 1.000000 0.926900 0.000000 0.000000 0.000000 1.000000
1.000000 -0.000000 0.000000 -0.000000 0.000000 1.000000 0.000000 4.340000 0.000000 0.000000 1.000000 0.926900 0.000000 0.000000 0.000000 1.000000
1.000000 -0.000000 -0.000000 0.000000 -0.000000 1.000000 0.000000 4.340000 -0.000000 -0.000000 1.000000 0.926900 0.000000 0.000000 0.000000 1.000000
1.000000 -0.000000 -0.000000 0.000000 -0.000000 1.000000 -0.000000 4.340000 -0.000000 0.000000 1.000000 0.926900 0.000000 0.000000 0.000000 1.000000
1.000000 -0.000000 0.000000 0.000000 -0.000000 1.000000 0.000000 4.340000 0.000000 0.000000 1.000000 0.926900 0.000000 0.000000 0.000000 1.000000
1.000000 0.000000 0.000000 0.000000 0.000000 1.000000 -0.000000 4.340000 0.000000 0.000000 1.000000 0.926900 0.000000 0.000000 0.000000 1.000000
1.000000 -0.000000 0.000000 -0.000000 0.000000 1.000000 0.000000 4.340000 0.000000 0.000000 1.000000 0.926900 0.000000 0.000000 0.000000 1.000000
1.000000 0.000000 0.000000 0.000000 -0.000000 1.000000 0.000000 4.340000 -0.000000 0.000000 1.000000 0.926900 0.000000 0.000000 0.000000 1.000000
1.000000 -0.000000 -0.000000 -0.000000 0.000000 1.000000 -0.000000 4.340000 -0.000000 0.000000 1.000000 0.926900 0.000000 0.000000 0.000000 1.000000
1.000000 0.000000 0.000000 0.000000 -0.000000 1.000000 0.000000 4.340000 -0.000000 0.000000 1.000000 0.926900 0.000000 0.000000 0.000000 1.000000
1.000000 0.000000 0.000000 0.000000 -0.000000 1.000000 0.000000 4.340000 0.000000 0.000000 1.000000 0.926900 0.000000 0.000000 0.000000 1.000000</float_array><technique_common><accessor source="#Neck1-Matrix-animation-output-transform-array" count="30" stride="16"><param type="float4x4"/></accessor></technique_common></source><source id="Neck1-Interpolations"><Name_array id="Neck1-Interpolations-array" count="30">
 LINEAR LINEAR LINEAR LINEAR LINEAR LINEAR LINEAR LINEAR LINEAR LINEAR LINEAR
LINEAR LINEAR LINEAR LINEAR LINEAR LINEAR LINEAR LINEAR LINEAR LINEAR LINEAR LINEAR
LINEAR LINEAR LINEAR LINEAR LINEAR LINEAR LINEAR</Name_array><technique_common><accessor source="#Neck1-Interpolations-array" count="30"><param type="name"/></accessor></technique_common></source><sampler id="Neck1-Matrix-animation-transform"><input semantic="INPUT" source="#Neck1-Matrix-animation-input"/><input semantic="OUTPUT" source="#Neck1-Matrix-animation-output-transform"/><input semantic="INTERPOLATION" source="#Neck1-Interpolations"/></sampler><channel source="#Neck1-Matrix-animation-transform" target="Neck1/matrix"/></animation>
    <animation id="Head-anim" name="Head"><source id="Head-Matrix-animation-input"><float_array id="Head-Matrix-animation-input-array" count="30">

0.000000 0.033333 0.066667 0.100000 0.133333 0.166667 0.200000 0.233333 0.266667 0.300000 0.333333 0.366667 0.400000 0.433333 0.466667 0.500000
0.533333 0.566667 0.600000 0.633333 0.666667 0.700000 0.733333 0.766667 0.800000 0.833333 0.866667 0.900000 0.933333 0.966667</float_array><technique_common><accessor source="#Head-Matrix-animation-input-array" count="30"><param name="TIME" type="float"/></accessor></technique_common></source><source id="Head-Matrix-animation-output-transform"><float_array id="Head-Matrix-animation-output-transform-array" count="480">

0.997739 -0.005402 -0.066997 0.000000 0.006991 0.999699 0.023496 4.026600 0.066850 -0.023911 0.997476 0.858500 0.000000 0.000000 0.000000 1.000000
0.997133 -0.014698 -0.074225 0.000000 0.015232 0.999862 0.006634 4.026600 0.074117 -0.007745 0.997219 0.858500 0.000000 0.000000 0.000000 1.000000
0.996778 -0.016717 -0.078449 0.000000 0.016540 0.999859 -0.002910 4.026600 0.078486 0.001603 0.996914 0.858500 0.000000 0.000000 0.000000 1.000000
0.997361 -0.013776 -0.071277 0.000000 0.013481 0.999898 -0.004614 4.026600 0.071334 0.003640 0.997446 0.858500 0.000000 0.000000 0.000000 1.000000
0.997983 -0.007778 -0.062996 -0.000000 0.007746 0.999970 -0.000751 4.026600 0.063000 0.000262 0.998014 0.858500 0.000000 0.000000 0.000000 1.000000
0.998450 -0.001014 -0.055649 0.000000 0.001473 0.999965 0.008198 4.026600 0.055639 -0.008268 0.998417 0.858500 0.000000 0.000000 0.000000 1.000000
0.998653 0.008668 -0.051160 0.000000 -0.007715 0.999793 0.018810 4.026600 0.051313 -0.018390 0.998513 0.858500 0.000000 0.000000 0.000000 1.000000
0.998745 0.018962 -0.046357 0.000000 -0.018217 0.999699 0.016442 4.026600 0.046655 -0.015577 0.998790 0.858500 0.000000 0.000000 0.000000 1.000000
0.998765 0.025933 -0.042384 0.000000 -0.025757 0.999657 0.004687 4.026600 0.042491 -0.003589 0.999090 0.858500 0.000000 0.000000 0.000000 1.000000
0.998939 0.022368 -0.040254 0.000000 -0.022763 0.999697 -0.009374 4.026600 0.040032 0.010281 0.999146 0.858500 0.000000 0.000000 0.000000 1.000000
0.999106 0.017086 -0.038668 0.000000 -0.017586 0.999766 -0.012608 4.026600 0.038443 0.013277 0.999173 0.858500 0.000000 0.000000 0.000000 1.000000
0.999299 0.010978 -0.035798 0.000000 -0.010994 0.999940 -0.000265 4.026600 0.035793 0.000658 0.999359 0.858500 0.000000 0.000000 0.000000 1.000000
0.999393 0.004343 -0.034556 0.000000 -0.003813 0.999875 0.015376 4.026600 0.034618 -0.015235 0.999284 0.858500 0.000000 0.000000 0.000000 1.000000
