<?xml version="1.0" encoding="utf-8"?>
<COLLADA xmlns="http://www.collada.org/2005/11/COLLADASchema" version="1.4.1">
  <asset><contributor><author>Mixamo</author><authoring_tool>COLLADA Mixamo exporter</authoring_tool><comments></comments></contributor><created>2020-08-17T19:02:45Z</created><modified>2020-08-17T19:02:45Z</modified><revision></revision><title></title><unit meter="0.010000"/><up_axis>Y_UP</up_axis></asset>
  <library_animations>
    <animation id="Zombie_Hips-anim" name="Zombie_Hips"><source id="Zombie_Hips-Matrix-animation-input"><float_array id="Zombie_Hips-Matrix-animation-input-array" count="89">

0.000000 0.033333 0.066667 0.100000 0.133333 0.166667 0.200000 0.233333 0.266667 0.300000 0.333333 0.366667 0.400000 0.433333 0.466667 0.500000
0.533333 0.566667 0.600000 0.633333 0.666667 0.700000 0.733333 0.766667 0.800000 0.833333 0.866667 0.900000 0.933333 0.966667 1.000000 1.033333
1.066667 1.100000 1.133333 1.166667 1.200000 1.233333 1.266667 1.300000 1.333333 1.366667 1.400000 1.433333 1.466667 1.500000 1.533333 1.566667
1.600000 1.633333 1.666667 1.700000 1.733333 1.766667 1.800000 1.833333 1.866667 1.900000 1.933333 1.966667 2.000000 2.033333 2.066667 2.100000
2.133333 2.166667 2.200000 2.233333 2.266667 2.300000 2.333333 2.366667 2.400000 2.433333 2.466667 2.500000 2.533333 2.566667 2.600000 2.633333
2.666667 2.700000 2.733333 2.766667 2.800000 2.833333 2.866667 2.900000 2.933333</float_array><technique_common><accessor source="#Zombie_Hips-Matrix-animation-input-array" count="89"><param name="TIME" type="float"/></accessor></technique_common></source><source id="Zombie_Hips-Matrix-animation-output-transform"><float_array id="Zombie_Hips-Matrix-animation-output-transform-array" count="1424">

0.999617 0.022996 -0.015386 0.009768 -0.022743 0.999607 0.016385 96.027771 0.015757 -0.016029 0.999747 -0.022917 0.000000 0.000000 0.000000 1.000000
0.999632 0.025528 -0.009185 0.003890 -0.025354 0.999506 0.018551 95.990379 0.009654 -0.018311 0.999786 0.167614 0.000000 0.000000 0.000000 1.000000
0.999617 0.027323 -0.004377 0.012750 -0.027222 0.999395 0.021653 95.916466 0.004966 -0.021526 0.999756 0.388081 0.000000 0.000000 0.000000 1.000000
0.999595 0.028425 -0.001633 0.008432 -0.028375 0.999278 0.025277 95.892281 0.002350 -0.025221 0.999679 0.609118 0.000000 0.000000 0.000000 1.000000
0.999570 0.029303 -0.000539 -0.024474 -0.029275 0.999150 0.029032 96.023705 0.001389 -0.029004 0.999578 0.802217 0.000000 0.000000 0.000000 1.000000
0.999533 0.030550 -0.000316 -0.058290 -0.030524 0.999002 0.032620 96.392685 0.001312 -0.032596 0.999468 0.987646 0.000000 0.000000 0.000000 1.000000
0.999497 0.031706 -0.000688 -0.080060 -0.031661 0.998854 0.035905 96.962288 0.001825 -0.035865 0.999355 1.185619 0.000000 0.000000 0.000000 1.000000
0.999465 0.032656 -0.001613 -0.114792 -0.032569 0.998710 0.038961 97.585213 0.002883 -0.038888 0.999239 1.366491 0.000000 0.000000 0.000000 1.000000
0.999426 0.033750 -0.002982 -0.186362 -0.033596 0.998560 0.041825 98.130539 0.004389 -0.041700 0.999121 1.511135 0.000000 0.000000 0.000000 1.000000
0.999375 0.035033 -0.004640 -0.258036 -0.034798 0.998439 0.043696 98.525787 0.006164 -0.043507 0.999034 1.613912 0.000000 0.000000 0.000000 1.000000
0.999337 0.035826 -0.006514 -0.291992 -0.035516 0.998456 0.042713 98.776657 0.008034 -0.042453 0.999066 1.718488 0.000000 0.000000 0.000000 1.000000
0.999348 0.035059 -0.008647 -0.289035 -0.034711 0.998693 0.037518 98.794228 0.009951 -0.037193 0.999259 1.868078 0.000000 0.000000 0.000000 1.000000
0.999414 0.032416 -0.010971 -0.268087 -0.032089 0.999070 0.028816 98.344200 0.011895 -0.028447 0.999525 2.035772 0.000000 0.000000 0.000000 1.000000
0.999507 0.028591 -0.012980 -0.248221 -0.028349 0.999428 0.018428 97.381371 0.013500 -0.018051 0.999746 2.162299 0.000000 0.000000 0.000000 1.000000
0.999608 0.024637 -0.013317 -0.230038 -0.024535 0.999669 0.007795 96.276276 0.013504 -0.007465 0.999881 2.183670 0.000000 0.000000 0.000000 1.000000
0.999722 0.022171 -0.008038 -0.179936 -0.022181 0.999753 -0.001222 95.512909 0.008008 0.001400 0.999967 2.022356 0.000000 0.000000 0.000000 1.000000
0.999696 0.022556 0.009980 -0.142236 -0.022508 0.999735 -0.004873 95.323219 -0.010087 0.004647 0.999938 1.685986 0.000000 0.000000 0.000000 1.000000
0.998666 0.025649 0.044816 -0.162695 -0.025675 0.999670 0.000008 95.641586 -0.044801 -0.001159 0.998995 1.551685 0.000000 0.000000 0.000000 1.000000
0.995660 0.027729 0.088837 -0.156602 -0.028810 0.999525 0.010914 96.283936 -0.088493 -0.013426 0.995986 1.672351 0.000000 0.000000 0.000000 1.000000
0.991452 0.024491 0.128155 -0.127176 -0.027383 0.999407 0.020855 97.007240 -0.127568 -0.024186 0.991535 1.761545 0.000000 0.000000 0.000000 1.000000
0.987272 0.018258 0.157989 -0.112654 -0.022613 0.999411 0.025813 97.695503 -0.157425 -0.029057 0.987103 1.801437 0.000000 0.000000 0.000000 1.000000
0.983027 0.010304 0.183170 -0.089796 -0.015606 0.999499 0.027529 98.231873 -0.182795 -0.029921 0.982696 1.826973 0.000000 0.000000 0.000000 1.000000
0.978345 0.000425 0.206981 -0.066117 -0.006571 0.999558 0.029007 98.553352 -0.206878 -0.029739 0.977915 1.839300 0.000000 0.000000 0.000000 1.000000
0.974010 -0.010399 0.226265 -0.060911 0.003572 0.999527 0.030559 98.629753 -0.226476 -0.028957 0.973586 1.839637 0.000000 0.000000 0.000000 1.000000
0.971331 -0.019342 0.236942 -0.098927 0.012464 0.999457 0.030490 98.385368 -0.237404 -0.026662 0.971045 1.866985 0.000000 0.000000 0.000000 1.000000
0.970823 -0.024343 0.238560 -0.219898 0.018299 0.999454 0.027515 97.808441 -0.239099 -0.022347 0.970738 1.910403 0.000000 0.000000 0.000000 1.000000
0.972611 -0.025301 0.231056 -0.391447 0.020698 0.999536 0.022325 97.040840 -0.231514 -0.016931 0.972684 1.883524 0.000000 0.000000 0.000000 1.000000
0.977413 -0.023067 0.210077 -0.558115 0.019754 0.999645 0.017854 96.273735 -0.210415 -0.013301 0.977522 1.727821 0.000000 0.000000 0.000000 1.000000
0.985104 -0.017909 0.171022 -0.744993 0.015107 0.999730 0.017666 95.705643 -0.171292 -0.014819 0.985109 1.498587 0.000000 0.000000 0.000000 1.000000
0.992814 -0.011285 0.119132 -0.948302 0.008594 0.999697 0.023080 95.496323 -0.119356 -0.021890 0.992610 1.380824 0.000000 0.000000 0.000000 1.000000
0.997518 -0.006422 0.070114 -1.103915 0.004218 0.999494 0.031535 95.672638 -0.070281 -0.031161 0.997040 1.471357 0.000000 0.000000 0.000000 1.000000
0.999329 -0.003853 0.036413 -1.204420 0.002452 0.999258 0.038425 96.182144 -0.036534 -0.038310 0.998598 1.610342 0.000000 0.000000 0.000000 1.000000
0.999869 -0.001049 0.016126 -1.279038 0.000389 0.999164 0.040888 96.871017 -0.016156 -0.040877 0.999034 1.675028 0.000000 0.000000 0.000000 1.000000
0.999990 0.004320 -0.001473 -1.324601 -0.004258 0.999208 0.039568 97.539703 0.001643 -0.039561 0.999216 1.693061 0.000000 0.000000 0.000000 1.000000
0.999653 0.012090 -0.023394 -1.315068 -0.011211 0.999240 0.037330 98.018669 0.023827 -0.037054 0.999029 1.665344 0.000000 0.000000 0.000000 1.000000
0.998614 0.021391 -0.048085 -1.251685 -0.019644 0.999140 0.036519 98.234039 0.048825 -0.035524 0.998175 1.620779 0.000000 0.000000 0.000000 1.000000
0.997038 0.031500 -0.070170 -1.157657 -0.028960 0.998898 0.036924 98.167961 0.071256 -0.034783 0.996851 1.595780 0.000000 0.000000 0.000000 1.000000
0.995413 0.040496 -0.086680 -1.053894 -0.037470 0.998640 0.036259 97.778015 0.088030 -0.032845 0.995576 1.584525 0.000000 0.000000 0.000000 1.000000
0.994004 0.046911 -0.098771 -0.919496 -0.043845 0.998493 0.032997 97.126450 0.100171 -0.028468 0.994563 1.567825 0.000000 0.000000 0.000000 1.000000
0.992634 0.051654 -0.109586 -0.722871 -0.048778 0.998395 0.028760 96.434563 0.110895 -0.023203 0.993561 1.497406 0.000000 0.000000 0.000000 1.000000
0.991102 0.054444 -0.121459 -0.519220 -0.051500 0.998301 0.027248 95.886513 0.122736 -0.020750 0.992222 1.375925 0.000000 0.000000 0.000000 1.000000
0.989400 0.055219 -0.134305 -0.300296 -0.051614 0.998211 0.030181 95.615234 0.135731 -0.022929 0.990480 1.271028 0.000000 0.000000 0.000000 1.000000
0.987488 0.056844 -0.147091 -0.026842 -0.052176 0.998010 0.035405 95.676888 0.148811 -0.027288 0.988489 1.213502 0.000000 0.000000 0.000000 1.000000
0.985200 0.061993 -0.159808 0.246255 -0.056369 0.997629 0.039494 96.042358 0.161878 -0.029901 0.986358 1.115486 0.000000 0.000000 0.000000 1.000000
0.982681 0.068777 -0.172070 0.501220 -0.062712 0.997212 0.040444 96.577354 0.174372 -0.028953 0.984254 0.963341 0.000000 0.000000 0.000000 1.000000
0.980768 0.072717 -0.181124 0.749208 -0.066929 0.997039 0.037876 97.075317 0.183342 -0.025025 0.982731 0.760271 0.000000 0.000000 0.000000 1.000000
0.980371 0.072548 -0.183330 0.976374 -0.067616 0.997165 0.033024 97.401131 0.185206 -0.019980 0.982497 0.525694 0.000000 0.000000 0.000000 1.000000
0.981559 0.071096 -0.177448 1.164932 -0.067145 0.997345 0.028181 97.524864 0.178980 -0.015746 0.983727 0.299294 0.000000 0.000000 0.000000 1.000000
0.983645 0.070826 -0.165611 1.321667 -0.067722 0.997408 0.024325 97.440788 0.166905 -0.012712 0.985891 0.092494 0.000000 0.000000 0.000000 1.000000
0.986004 0.071077 -0.150810 1.467573 -0.068822 0.997426 0.020123 97.138138 0.151852 -0.009462 0.988358 -0.125419 0.000000 0.000000 0.000000 1.000000
0.988529 0.068723 -0.134494 1.604729 -0.067424 0.997623 0.014195 96.654152 0.135150 -0.004964 0.990813 -0.376416 0.000000 0.000000 0.000000 1.000000
0.991196 0.061158 -0.117433 1.721244 -0.060718 0.998128 0.007321 96.066795 0.117661 -0.000126 0.993054 -0.688952 0.000000 0.000000 0.000000 1.000000
0.993516 0.051124 -0.101548 1.824160 -0.051213 0.998686 0.001728 95.493904 0.101503 0.003484 0.994829 -1.062058 0.000000 0.000000 0.000000 1.000000
0.994967 0.045268 -0.089397 1.871928 -0.045504 0.998964 -0.000600 95.064857 0.089277 0.004665 0.995996 -1.324435 0.000000 0.000000 0.000000 1.000000
0.995617 0.045806 -0.081544 1.799164 -0.045839 0.998948 0.001464 94.866791 0.081525 0.002280 0.996669 -1.286500 0.000000 0.000000 0.000000 1.000000
0.996029 0.048403 -0.074720 1.622712 -0.048011 0.998822 0.007027 94.893127 0.074973 -0.003412 0.997180 -1.055399 0.000000 0.000000 0.000000 1.000000
0.996785 0.048222 -0.063990 1.414047 -0.047513 0.998792 0.012552 95.046585 0.064518 -0.009472 0.997872 -0.863072 0.000000 0.000000 0.000000 1.000000
0.997835 0.045191 -0.047776 1.208614 -0.044517 0.998895 0.015089 95.243919 0.048405 -0.012930 0.998744 -0.745661 0.000000 0.000000 0.000000 1.000000
0.998717 0.040928 -0.029808 1.001063 -0.040488 0.999064 0.015237 95.462006 0.030404 -0.014011 0.999439 -0.653378 0.000000 0.000000 0.000000 1.000000
0.999247 0.035729 -0.015120 0.807277 -0.035501 0.999256 0.015093 95.690598 0.015648 -0.014545 0.999772 -0.545568 0.000000 0.000000 0.000000 1.000000
0.999548 0.029521 -0.005639 0.636954 -0.029433 0.999454 0.015016 95.898766 0.006079 -0.014844 0.999871 -0.417359 0.000000 0.000000 0.000000 1.000000
0.999738 0.022905 -0.000156 0.482320 -0.022901 0.999637 0.014221 96.046272 0.000482 -0.014214 0.999899 -0.295802 0.000000 0.000000 0.000000 1.000000
0.999860 0.016358 0.003568 0.342474 -0.016402 0.999782 0.012917 96.119362 -0.003356 -0.012974 0.999910 -0.186559 0.000000 0.000000 0.000000 1.000000
0.999921 0.010151 0.007447 0.215025 -0.010239 0.999877 0.011840 96.122307 -0.007326 -0.011915 0.999902 -0.093562 0.000000 0.000000 0.000000 1.000000
0.999913 0.005725 0.011915 0.096074 -0.005852 0.999926 0.010674 96.041061 -0.011853 -0.010743 0.999872 -0.071465 0.000000 0.000000 0.000000 1.000000
0.999867 0.005247 0.015465 -0.026252 -0.005379 0.999950 0.008484 95.854073 -0.015420 -0.008566 0.999844 -0.164143 0.000000 0.000000 0.000000 1.000000
0.999826 0.008006 0.016868 -0.163290 -0.008102 0.999951 0.005621 95.597862 -0.016822 -0.005757 0.999842 -0.335780 0.000000 0.000000 0.000000 1.000000
0.999779 0.010001 0.018499 -0.280688 -0.010094 0.999937 0.004973 95.377274 -0.018448 -0.005158 0.999817 -0.550165 0.000000 0.000000 0.000000 1.000000
0.999638 0.008868 0.025394 -0.374329 -0.009128 0.999907 0.010151 95.389404 -0.025302 -0.010379 0.999626 -0.580358 0.000000 0.000000 0.000000 1.000000
0.999235 0.004890 0.038810 -0.461492 -0.005680 0.999778 0.020268 95.653709 -0.038702 -0.020473 0.999041 -0.389393 0.000000 0.000000 0.000000 1.000000
0.998604 0.000047 0.052814 -0.512841 -0.001556 0.999592 0.028527 95.986183 -0.052791 -0.028569 0.998197 -0.204797 0.000000 0.000000 0.000000 1.000000
0.998209 -0.003700 0.059716 -0.522408 0.001947 0.999567 0.029375 96.179611 -0.059799 -0.029206 0.997783 -0.121990 0.000000 0.000000 0.000000 1.000000
0.998312 -0.005040 0.057865 -0.519856 0.003660 0.999707 0.023925 96.184189 -0.057969 -0.023673 0.998038 -0.077000 0.000000 0.000000 0.000000 1.000000
0.998629 -0.004017 0.052192 -0.541289 0.003163 0.999860 0.016442 96.094574 -0.052251 -0.016254 0.998502 -0.069137 0.000000 0.000000 0.000000 1.000000
0.998857 -0.002306 0.047737 -0.593967 0.001845 0.999951 0.009697 95.997940 -0.047757 -0.009598 0.998813 -0.113604 0.000000 0.000000 0.000000 1.000000
0.999007 -0.001051 0.044550 -0.641007 0.000829 0.999987 0.004993 95.937515 -0.044555 -0.004952 0.998995 -0.162500 0.000000 0.000000 0.000000 1.000000
0.999232 -0.000046 0.039193 -0.672112 -0.000071 0.999996 0.002967 95.918404 -0.039193 -0.002968 0.999227 -0.157551 0.000000 0.000000 0.000000 1.000000
0.999559 0.001599 0.029666 -0.683231 -0.001683 0.999995 0.002798 95.927757 -0.029661 -0.002847 0.999556 -0.097110 0.000000 0.000000 0.000000 1.000000
0.999837 0.004186 0.017546 -0.685208 -0.004234 0.999987 0.002705 95.945648 -0.017534 -0.002779 0.999842 -0.032990 0.000000 0.000000 0.000000 1.000000
0.999956 0.007200 0.005981 -0.673071 -0.007213 0.999972 0.002171 95.955299 -0.005965 -0.002214 0.999980 -0.006397 0.000000 0.000000 0.000000 1.000000
0.999945 0.010004 -0.003056 -0.632940 -0.009996 0.999947 0.002371 95.953659 0.003080 -0.002340 0.999993 0.014124 0.000000 0.000000 0.000000 1.000000
0.999878 0.012406 -0.009449 -0.568134 -0.012368 0.999915 0.004042 95.949623 0.009498 -0.003925 0.999947 0.038371 0.000000 0.000000 0.000000 1.000000
0.999798 0.014489 -0.013941 -0.489929 -0.014400 0.999875 0.006495 95.951866 0.014034 -0.006293 0.999882 0.049979 0.000000 0.000000 0.000000 1.000000
0.999721 0.016404 -0.017002 -0.391942 -0.016255 0.999829 0.008846 95.961121 0.017144 -0.008567 0.999816 0.061785 0.000000 0.000000 0.000000 1.000000
0.999660 0.018354 -0.018541 -0.284522 -0.018155 0.999777 0.010831 95.977440 0.018736 -0.010491 0.999769 0.086637 0.000000 0.000000 0.000000 1.000000
0.999623 0.020237 -0.018559 -0.201503 -0.020006 0.999722 0.012507 95.999146 0.018807 -0.012131 0.999750 0.070547 0.000000 0.000000 0.000000 1.000000
0.999612 0.021570 -0.017628 -0.116721 -0.021325 0.999675 0.013952 96.017090 0.017923 -0.013570 0.999747 0.046673 0.000000 0.000000 0.000000 1.000000
0.999616 0.022289 -0.016456 -0.038001 -0.022039 0.999641 0.015215 96.025223 0.016790 -0.014847 0.999749 0.018395 0.000000 0.000000 0.000000 1.000000
0.999617 0.022997 -0.015386 0.009785 -0.022745 0.999607 0.016385 96.027725 0.015757 -0.016029 0.999747 -0.022933 0.000000 0.000000 0.000000 1.000000</float_array><technique_common><accessor source="#Zombie_Hips-Matrix-animation-output-transform-array" count="89" stride="16"><param type="float4x4"/></accessor></technique_common></source><source id="Zombie_Hips-Interpolations"><Name_array id="Zombie_Hips-Interpolations-array" count="89">
 LINEAR LINEAR LINEAR LINEAR LINEAR LINEAR LINEAR LINEAR LINEAR LINEAR LINEAR
LINEAR LINEAR LINEAR LINEAR LINEAR LINEAR LINEAR LINEAR LINEAR LINEAR LINEAR LINEAR
LINEAR LINEAR LINEAR LINEAR LINEAR LINEAR LINEAR LINEAR LINEAR LINEAR LINEAR LINEAR
LINEAR LINEAR LINEAR LINEAR LINEAR LINEAR LINEAR LINEAR LINEAR LINEAR LINEAR LINEAR
LINEAR LINEAR LINEAR LINEAR LINEAR LINEAR LINEAR LINEAR LINEAR LINEAR LINEAR LINEAR
LINEAR LINEAR LINEAR LINEAR LINEAR LINEAR LINEAR LINEAR LINEAR LINEAR LINEAR LINEAR
LINEAR LINEAR LINEAR LINEAR LINEAR LINEAR LINEAR LINEAR LINEAR LINEAR LINEAR LINEAR
LINEAR LINEAR LINEAR LINEAR LINEAR LINEAR</Name_array><technique_common><accessor source="#Zombie_Hips-Interpolations-array" count="89"><param type="name"/></accessor></technique_common></source><sampler id="Zombie_Hips-Matrix-animation-transform"><input semantic="INPUT" source="#Zombie_Hips-Matrix-animation-input"/><input semantic="OUTPUT" source="#Zombie_Hips-Matrix-animation-output-transform"/><input semantic="INTERPOLATION" source="#Zombie_Hips-Interpolations"/></sampler><channel source="#Zombie_Hips-Matrix-animation-transform" target="Zombie_Hips/matrix"/></animation>
    <animation id="Zombie_Spine-anim" name="Zombie_Spine"><source id="Zombie_Spine-Matrix-animation-input"><float_array id="Zombie_Spine-Matrix-animation-input-array" count="89">

0.000000 0.033333 0.066667 0.100000 0.133333 0.166667 0.200000 0.233333 0.266667 0.300000 0.333333 0.366667 0.400000 0.433333 0.466667 0.500000
0.533333 0.566667 0.600000 0.633333 0.666667 0.700000 0.733333 0.766667 0.800000 0.833333 0.866667 0.900000 0.933333 0.966667 1.000000 1.033333
1.066667 1.100000 1.133333 1.166667 1.200000 1.233333 1.266667 1.300000 1.333333 1.366667 1.400000 1.433333 1.466667 1.500000 1.533333 1.566667
1.600000 1.633333 1.666667 1.700000 1.733333 1.766667 1.800000 1.833333 1.866667 1.900000 1.933333 1.966667 2.000000 2.033333 2.066667 2.100000
2.133333 2.166667 2.200000 2.233333 2.266667 2.300000 2.333333 2.366667 2.400000 2.433333 2.466667 2.500000 2.533333 2.566667 2.600000 2.633333
2.666667 2.700000 2.733333 2.766667 2.800000 2.833333 2.866667 2.900000 2.933333</float_array><technique_common><accessor source="#Zombie_Spine-Matrix-animation-input-array" count="89"><param name="TIME" type="float"/></accessor></technique_common></source><source id="Zombie_Spine-Matrix-animation-output-transform"><float_array id="Zombie_Spine-Matrix-animation-output-transform-array" count="1424">

0.999539 0.030086 -0.004050 0.000000 -0.030156 0.999372 -0.018612 9.226300 0.003488 0.018726 0.999819 1.577100 0.000000 0.000000 0.000000 1.000000
0.999594 0.027678 -0.006795 0.000000 -0.027785 0.999482 -0.016212 9.226300 0.006343 0.016394 0.999845 1.577100 0.000000 0.000000 0.000000 1.000000
0.999602 0.026377 -0.010004 0.000000 -0.026540 0.999512 -0.016500 9.226300 0.009564 0.016759 0.999814 1.577100 0.000000 0.000000 0.000000 1.000000
0.999546 0.025925 -0.015334 0.000000 -0.026232 0.999452 -0.020197 9.226300 0.014802 0.020590 0.999678 1.577100 0.000000 0.000000 0.000000 1.000000
0.999399 0.025485 -0.023481 -0.000000 -0.026110 0.999302 -0.026702 9.226300 0.022785 0.027299 0.999368 1.577100 0.000000 0.000000 0.000000 1.000000
0.999179 0.024357 -0.032375 -0.000000 -0.025459 0.999095 -0.034064 9.226300 0.031516 0.034860 0.998895 1.577100 0.000000 0.000000 0.000000 1.000000
0.998996 0.023785 -0.037969 0.000000 -0.025316 0.998864 -0.040380 9.226300 0.036965 0.041301 0.998463 1.577100 0.000000 0.000000 0.000000 1.000000
0.998964 0.025193 -0.037909 0.000000 -0.026887 0.998631 -0.044859 9.226300 0.036727 0.045832 0.998274 1.577100 0.000000 0.000000 0.000000 1.000000
0.999019 0.028655 -0.033763 0.000000 -0.030254 0.998397 -0.047838 9.226300 0.032338 0.048813 0.998284 1.577100 0.000000 0.000000 0.000000 1.000000
0.999044 0.032507 -0.029223 0.000000 -0.033942 0.998172 -0.050006 9.226300 0.027544 0.050950 0.998321 1.577100 0.000000 0.000000 0.000000 1.000000
0.999061 0.034235 -0.026542 -0.000000 -0.035566 0.998045 -0.051401 9.226300 0.024731 0.052297 0.998325 1.577100 0.000000 0.000000 0.000000 1.000000
0.999160 0.032538 -0.024929 0.000000 -0.033773 0.998135 -0.050857 9.226300 0.023228 0.051656 0.998395 1.577100 0.000000 0.000000 0.000000 1.000000
0.999348 0.028996 -0.021522 0.000000 -0.029974 0.998463 -0.046616 9.226300 0.020138 0.047231 0.998681 1.577100 0.000000 0.000000 0.000000 1.000000
0.999522 0.027882 -0.013323 0.000000 -0.028372 0.998871 -0.038111 9.226300 0.012245 0.038470 0.999185 1.577100 0.000000 0.000000 0.000000 1.000000
0.999451 0.033126 0.000694 0.000000 -0.033095 0.999073 -0.027530 9.226300 -0.001606 0.027492 0.999621 1.577100 0.000000 0.000000 0.000000 1.000000
0.998880 0.043793 0.017909 0.000000 -0.043447 0.998869 -0.019297 9.226300 -0.018733 0.018497 0.999653 1.577100 0.000000 0.000000 0.000000 1.000000
0.997976 0.054195 0.033259 0.000000 -0.053642 0.998411 -0.017286 9.226300 -0.034143 0.015467 0.999297 1.577100 0.000000 0.000000 0.000000 1.000000
0.997336 0.058422 0.043677 0.000000 -0.057483 0.998094 -0.022443 9.226300 -0.044905 0.019873 0.998794 1.577100 0.000000 0.000000 0.000000 1.000000
0.997109 0.056288 0.051046 -0.000000 -0.054656 0.997966 -0.032823 9.226300 -0.052789 0.029938 0.998157 1.577100 0.000000 0.000000 0.000000 1.000000
0.996873 0.052555 0.059016 0.000000 -0.049938 0.997739 -0.044973 9.226300 -0.061246 0.041885 0.997243 1.577100 0.000000 0.000000 0.000000 1.000000
0.996559 0.048224 0.067407 0.000000 -0.044521 0.997471 -0.055401 9.226300 -0.069908 0.052210 0.996186 1.577100 0.000000 0.000000 0.000000 1.000000
0.996364 0.044181 0.072842 0.000000 -0.039672 0.997274 -0.062223 9.226300 -0.075393 0.059107 0.995401 1.577100 0.000000 0.000000 0.000000 1.000000
0.996439 0.041123 0.073609 0.000000 -0.036339 0.997211 -0.065192 9.226300 -0.076085 0.062285 0.995154 1.577100 0.000000 0.000000 0.000000 1.000000
0.996622 0.039979 0.071742 0.000000 -0.035343 0.997275 -0.064764 9.226300 -0.074135 0.062009 0.995318 1.577100 0.000000 0.000000 0.000000 1.000000
0.996709 0.041137 0.069854 -0.000000 -0.036855 0.997426 -0.061510 9.226300 -0.072204 0.058733 0.995659 1.577100 0.000000 0.000000 0.000000 1.000000
0.996739 0.043161 0.068175 0.000000 -0.039337 0.997629 -0.056473 9.226300 -0.070450 0.053607 0.996074 1.577100 0.000000 0.000000 0.000000 1.000000
0.996915 0.043147 0.065571 0.000000 -0.039786 0.997869 -0.051716 9.226300 -0.067662 0.048947 0.996507 1.577100 0.000000 0.000000 0.000000 1.000000
0.997284 0.039681 0.062043 -0.000000 -0.036611 0.998085 -0.049852 9.226300 -0.063902 0.047445 0.996828 1.577100 0.000000 0.000000 0.000000 1.000000
0.997701 0.033570 0.058875 0.000000 -0.030505 0.998170 -0.052216 9.226300 -0.060520 0.050300 0.996899 1.577100 0.000000 0.000000 0.000000 1.000000
0.998013 0.027577 0.056653 0.000000 -0.024307 0.998043 -0.057609 9.226300 -0.058131 0.056117 0.996730 1.577100 0.000000 0.000000 0.000000 1.000000
0.998220 0.025661 0.053836 -0.000000 -0.022238 0.997751 -0.063239 9.226300 -0.055338 0.061930 0.996545 1.577100 0.000000 0.000000 0.000000 1.000000
0.998440 0.029184 0.047600 -0.000000 -0.025977 0.997438 -0.066651 9.226300 -0.049423 0.065310 0.996640 1.577100 0.000000 0.000000 0.000000 1.000000
0.998684 0.035702 0.036827 0.000000 -0.033182 0.997207 -0.066912 9.226300 -0.039113 0.065602 0.997079 1.577100 0.000000 0.000000 0.000000 1.000000
0.998868 0.041059 0.024027 -0.000000 -0.039430 0.997122 -0.064748 9.226300 -0.026616 0.063727 0.997612 1.577100 0.000000 0.000000 0.000000 1.000000
0.998975 0.043215 0.013450 0.000000 -0.042307 0.997194 -0.061762 9.226300 -0.016081 0.061129 0.998000 1.577100 0.000000 0.000000 0.000000 1.000000
0.999069 0.042552 0.007063 0.000000 -0.042064 0.997384 -0.058791 9.226300 -0.009547 0.058439 0.998245 1.577100 0.000000 0.000000 0.000000 1.000000
0.999173 0.040520 0.003335 -0.000000 -0.040276 0.997678 -0.054921 9.226300 -0.005553 0.054741 0.998485 1.577100 0.000000 0.000000 0.000000 1.000000
0.999229 0.039257 -0.000097 0.000000 -0.039215 0.998058 -0.048398 9.226300 -0.001804 0.048365 0.998828 1.577100 0.000000 0.000000 0.000000 1.000000
0.999191 0.040021 -0.003954 0.000000 -0.040145 0.998445 -0.038682 9.226300 0.002400 0.038809 0.999244 1.577100 0.000000 0.000000 0.000000 1.000000
0.999077 0.042219 -0.007952 -0.000000 -0.042424 0.998720 -0.027550 9.226300 0.006779 0.027862 0.999589 1.577100 0.000000 0.000000 0.000000 1.000000
0.998878 0.045757 -0.012245 0.000000 -0.045975 0.998779 -0.018094 9.226300 0.011402 0.018637 0.999761 1.577100 0.000000 0.000000 0.000000 1.000000
0.998648 0.048989 -0.017365 0.000000 -0.049213 0.998707 -0.012714 9.226300 0.016720 0.013551 0.999768 1.577100 0.000000 0.000000 0.000000 1.000000
0.998537 0.048950 -0.022974 0.000000 -0.049236 0.998714 -0.012066 9.226300 0.022354 0.013180 0.999663 1.577100 0.000000 0.000000 0.000000 1.000000
0.998592 0.045162 -0.027829 -0.000000 -0.045598 0.998843 -0.015258 9.226300 0.027108 0.016506 0.999496 1.577100 0.000000 0.000000 0.000000 1.000000
0.998681 0.040596 -0.031423 0.000000 -0.041251 0.998939 -0.020489 9.226300 0.030558 0.021758 0.999296 1.577100 0.000000 0.000000 0.000000 1.000000
0.998640 0.039020 -0.034565 -0.000000 -0.039923 0.998869 -0.025830 9.226300 0.033518 0.027174 0.999069 1.577100 0.000000 0.000000 0.000000 1.000000
0.998423 0.041303 -0.038034 0.000000 -0.042456 0.998648 -0.030011 9.226300 0.036743 0.031578 0.998826 1.577100 0.000000 0.000000 0.000000 1.000000
0.998142 0.044686 -0.041428 0.000000 -0.046051 0.998407 -0.032613 9.226300 0.039905 0.034461 0.998609 1.577100 0.000000 0.000000 0.000000 1.000000
0.997963 0.046552 -0.043632 0.000000 -0.048037 0.998280 -0.033609 9.226300 0.041992 0.035636 0.998482 1.577100 0.000000 0.000000 0.000000 1.000000
0.997904 0.047732 -0.043687 0.000000 -0.049200 0.998238 -0.033168 9.226300 0.042027 0.035248 0.998495 1.577100 0.000000 0.000000 0.000000 1.000000
0.997861 0.051361 -0.040438 -0.000000 -0.052670 0.998099 -0.031994 9.226300 0.038718 0.034055 0.998670 1.577100 0.000000 0.000000 0.000000 1.000000
0.997763 0.058708 -0.031975 0.000000 -0.059701 0.997734 -0.031029 9.226300 0.030081 0.032869 0.999007 1.577100 0.000000 0.000000 0.000000 1.000000
0.997656 0.066235 -0.017208 -0.000000 -0.066736 0.997306 -0.030440 9.226300 0.015145 0.031517 0.999388 1.577100 0.000000 0.000000 0.000000 1.000000
0.997608 0.069115 0.001380 0.000000 -0.069045 0.997175 -0.029564 9.226300 -0.003420 0.029398 0.999562 1.577100 0.000000 0.000000 0.000000 1.000000
0.997624 0.066583 0.017690 0.000000 -0.066060 0.997404 -0.028661 9.226300 -0.019552 0.027425 0.999433 1.577100 0.000000 0.000000 0.000000 1.000000
0.997762 0.061542 0.026133 -0.000000 -0.060758 0.997708 -0.029791 9.226300 -0.027906 0.028137 0.999214 1.577100 0.000000 0.000000 0.000000 1.000000
0.998010 0.057444 0.026022 0.000000 -0.056532 0.997804 -0.034504 9.226300 -0.027947 0.032964 0.999066 1.577100 0.000000 0.000000 0.000000 1.000000
0.998261 0.054946 0.021329 0.000000 -0.054029 0.997680 -0.041420 9.226300 -0.023556 0.040195 0.998914 1.577100 0.000000 0.000000 0.000000 1.000000
0.998458 0.052952 0.016691 0.000000 -0.052111 0.997517 -0.047364 9.226300 -0.019158 0.046421 0.998738 1.577100 0.000000 0.000000 0.000000 1.000000
0.998602 0.050864 0.014374 0.000000 -0.050085 0.997485 -0.050160 9.226300 -0.016889 0.049370 0.998638 1.577100 0.000000 0.000000 0.000000 1.000000
0.998687 0.049136 0.014457 0.000000 -0.048364 0.997596 -0.049639 9.226300 -0.016861 0.048875 0.998663 1.577100 0.000000 0.000000 0.000000 1.000000
0.998704 0.048204 0.016307 0.000000 -0.047395 0.997779 -0.046796 9.226300 -0.018526 0.045962 0.998771 1.577100 0.000000 0.000000 0.000000 1.000000
0.998673 0.047745 0.019300 -0.000000 -0.046883 0.997980 -0.042869 9.226300 -0.021307 0.041907 0.998894 1.577100 0.000000 0.000000 0.000000 1.000000
0.998645 0.046715 0.022938 -0.000000 -0.045797 0.998188 -0.039038 9.226300 -0.024720 0.037935 0.998974 1.577100 0.000000 0.000000 0.000000 1.000000
0.998688 0.043651 0.026778 -0.000000 -0.042669 0.998433 -0.036218 9.226300 -0.028317 0.035028 0.998985 1.577100 0.000000 0.000000 0.000000 1.000000
0.998841 0.037691 0.029929 0.000000 -0.036644 0.998723 -0.034791 9.226300 -0.031202 0.033654 0.998946 1.577100 0.000000 0.000000 0.000000 1.000000
0.999066 0.030392 0.030724 0.000000 -0.029321 0.998966 -0.034734 9.226300 -0.031747 0.033801 0.998924 1.577100 0.000000 0.000000 0.000000 1.000000
0.999306 0.024926 0.027696 0.000000 -0.023920 0.999063 -0.036081 9.226300 -0.028569 0.035393 0.998965 1.577100 0.000000 0.000000 0.000000 1.000000
0.999515 0.022720 0.021295 -0.000000 -0.021879 0.999003 -0.038916 9.226300 -0.022158 0.038431 0.999016 1.577100 0.000000 0.000000 0.000000 1.000000
0.999620 0.023579 0.014287 0.000000 -0.022948 0.998821 -0.042783 9.226300 -0.015279 0.042439 0.998982 1.577100 0.000000 0.000000 0.000000 1.000000
0.999625 0.025583 0.009757 0.000000 -0.025104 0.998609 -0.046362 9.226300 -0.010929 0.046100 0.998877 1.577100 0.000000 0.000000 0.000000 1.000000
0.999606 0.026621 0.008875 0.000000 -0.026164 0.998496 -0.048185 9.226300 -0.010144 0.047934 0.998799 1.577100 0.000000 0.000000 0.000000 1.000000
0.999613 0.025794 0.010410 0.000000 -0.025271 0.998545 -0.047630 9.226300 -0.011624 0.047348 0.998811 1.577100 0.000000 0.000000 0.000000 1.000000
0.999647 0.023757 0.011878 0.000000 -0.023199 0.998712 -0.045116 9.226300 -0.012935 0.044825 0.998911 1.577100 0.000000 0.000000 0.000000 1.000000
0.999691 0.022190 0.011208 0.000000 -0.021706 0.998899 -0.041579 9.226300 -0.012118 0.041323 0.999072 1.577100 0.000000 0.000000 0.000000 1.000000
0.999729 0.021838 0.008006 0.000000 -0.021520 0.999053 -0.037828 9.226300 -0.008824 0.037645 0.999252 1.577100 0.000000 0.000000 0.000000 1.000000
0.999744 0.022293 0.003739 0.000000 -0.022153 0.999172 -0.034135 9.226300 -0.004497 0.034043 0.999410 1.577100 0.000000 0.000000 0.000000 1.000000
0.999741 0.022736 0.000424 0.000000 -0.022713 0.999284 -0.030266 9.226300 -0.001111 0.030248 0.999542 1.577100 0.000000 0.000000 0.000000 1.000000
0.999737 0.022896 -0.001084 0.000000 -0.022917 0.999397 -0.026090 9.226300 0.000486 0.026108 0.999659 1.577100 0.000000 0.000000 0.000000 1.000000
0.999733 0.023071 -0.001521 0.000000 -0.023099 0.999487 -0.022196 9.226300 0.001008 0.022225 0.999752 1.577100 0.000000 0.000000 0.000000 1.000000
0.999719 0.023611 -0.002080 -0.000000 -0.023648 0.999529 -0.019561 9.226300 0.001617 0.019605 0.999807 1.577100 0.000000 0.000000 0.000000 1.000000
0.999694 0.024546 -0.003147 0.000000 -0.024600 0.999525 -0.018538 9.226300 0.002691 0.018609 0.999823 1.577100 0.000000 0.000000 0.000000 1.000000
0.999662 0.025638 -0.004228 0.000000 -0.025712 0.999498 -0.018511 9.226300 0.003751 0.018614 0.999820 1.577100 0.000000 0.000000 0.000000 1.000000
0.999635 0.026603 -0.004780 0.000000 -0.026688 0.999470 -0.018634 9.226300 0.004282 0.018754 0.999815 1.577100 0.000000 0.000000 0.000000 1.000000
0.999615 0.027322 -0.004793 0.000000 -0.027406 0.999452 -0.018570 9.226300 0.004283 0.018694 0.999816 1.577100 0.000000 0.000000 0.000000 1.000000
0.999600 0.027910 -0.004598 0.000000 -0.027990 0.999438 -0.018450 9.226300 0.004080 0.018571 0.999819 1.577100 0.000000 0.000000 0.000000 1.000000
0.999583 0.028549 -0.004425 0.000000 -0.028626 0.999420 -0.018421 9.226300 0.003897 0.018540 0.999821 1.577100 0.000000 0.000000 0.000000 1.000000
0.999561 0.029312 -0.004271 0.000000 -0.029386 0.999398 -0.018457 9.226300 0.003727 0.018574 0.999821 1.577100 0.000000 0.000000 0.000000 1.000000
0.999539 0.030085 -0.004051 0.000000 -0.030155 0.999375 -0.018466 9.226300 0.003492 0.018580 0.999821 1.577100 0.000000 0.000000 0.000000 1.000000</float_array><technique_common><accessor source="#Zombie_Spine-Matrix-animation-output-transform-array" count="89" stride="16"><param type="float4x4"/></accessor></technique_common></source><source id="Zombie_Spine-Interpolations"><Name_array id="Zombie_Spine-Interpolations-array" count="89">
 LINEAR LINEAR LINEAR LINEAR LINEAR LINEAR LINEAR LINEAR LINEAR LINEAR LINEAR
LINEAR LINEAR LINEAR LINEAR LINEAR LINEAR LINEAR LINEAR LINEAR LINEAR LINEAR LINEAR
LINEAR LINEAR LINEAR LINEAR LINEAR LINEAR LINEAR LINEAR LINEAR LINEAR LINEAR LINEAR
LINEAR LINEAR LINEAR LINEAR LINEAR LINEAR LINEAR LINEAR LINEAR LINEAR LINEAR LINEAR
LINEAR LINEAR LINEAR LINEAR LINEAR LINEAR LINEAR LINEAR LINEAR LINEAR LINEAR LINEAR
LINEAR LINEAR LINEAR LINEAR LINEAR LINEAR LINEAR LINEAR LINEAR LINEAR LINEAR LINEAR
LINEAR LINEAR LINEAR LINEAR LINEAR LINEAR LINEAR LINEAR LINEAR LINEAR LINEAR LINEAR
LINEAR LINEAR LINEAR LINEAR LINEAR LINEAR</Name_array><technique_common><accessor source="#Zombie_Spine-Interpolations-array" count="89"><param type="name"/></accessor></technique_common></source><sampler id="Zombie_Spine-Matrix-animation-transform"><input semantic="INPUT" source="#Zombie_Spine-Matrix-animation-input"/><input semantic="OUTPUT" source="#Zombie_Spine-Matrix-animation-output-transform"/><input semantic="INTERPOLATION" source="#Zombie_Spine-Interpolations"/></sampler><channel source="#Zombie_Spine-Matrix-animation-transform" target="Zombie_Spine/matrix"/></animation>
    <animation id="Zombie_Spine1-anim" name="Zombie_Spine1"><source id="Zombie_Spine1-Matrix-animation-input"><float_array id="Zombie_Spine1-Matrix-animation-input-array" count="89">

0.000000 0.033333 0.066667 0.100000 0.133333 0.166667 0.200000 0.233333 0.266667 0.300000 0.333333 0.366667 0.400000 0.433333 0.466667 0.500000
0.533333 0.566667 0.600000 0.633333 0.666667 0.700000 0.733333 0.766667 0.800000 0.833333 0.866667 0.900000 0.933333 0.966667 1.000000 1.033333
1.066667 1.100000 1.133333 1.166667 1.200000 1.233333 1.266667 1.300000 1.333333 1.366667 1.400000 1.433333 1.466667 1.500000 1.533333 1.566667
1.600000 1.633333 1.666667 1.700000 1.733333 1.766667 1.800000 1.833333 1.866667 1.900000 1.933333 1.966667 2.000000 2.033333 2.066667 2.100000
2.133333 2.166667 2.200000 2.233333 2.266667 2.300000 2.333333 2.366667 2.400000 2.433333 2.466667 2.500000 2.533333 2.566667 2.600000 2.633333
2.666667 2.700000 2.733333 2.766667 2.800000 2.833333 2.866667 2.900000 2.933333</float_array><technique_common><accessor source="#Zombie_Spine1-Matrix-animation-input-array" count="89"><param name="TIME" type="float"/></accessor></technique_common></source><source id="Zombie_Spine1-Matrix-animation-output-transform"><float_array id="Zombie_Spine1-Matrix-animation-output-transform-array" count="1424">

0.999998 0.001739 0.001288 0.000000 -0.001821 0.997751 0.067008 16.254000 -0.001168 -0.067010 0.997752 -0.165600 0.000000 0.000000 0.000000 1.000000
1.000000 0.000625 0.000469 0.000000 -0.000655 0.997872 0.065206 16.254000 -0.000427 -0.065206 0.997872 -0.165600 0.000000 0.000000 0.000000 1.000000
1.000000 -0.000273 -0.000463 0.000000 0.000302 0.997999 0.063223 16.254000 0.000445 -0.063223 0.997999 -0.165600 0.000000 0.000000 0.000000 1.000000
0.999998 -0.001074 -0.001958 0.000000 0.001192 0.998121 0.061268 16.254000 0.001888 -0.061270 0.998119 -0.165600 0.000000 0.000000 0.000000 1.000000
0.999989 -0.001875 -0.004216 0.000000 0.002123 0.998219 0.059614 16.254000 0.004097 -0.059622 0.998213 -0.165600 0.000000 0.000000 0.000000 1.000000
0.999975 -0.002517 -0.006675 0.000000 0.002904 0.998282 0.058527 16.254000 0.006516 -0.058545 0.998264 -0.165600 0.000000 0.000000 0.000000 1.000000
0.999963 -0.002555 -0.008221 0.000000 0.003029 0.998300 0.058204 16.254000 0.008058 -0.058227 0.998271 -0.165600 0.000000 0.000000 0.000000 1.000000
0.999965 -0.001656 -0.008165 -0.000000 0.002132 0.998276 0.058663 16.254000 0.008054 -0.058679 0.998244 -0.165600 0.000000 0.000000 0.000000 1.000000
0.999976 -0.000002 -0.006918 -0.000000 0.000414 0.998225 0.059562 16.254000 0.006906 -0.059564 0.998201 -0.165600 0.000000 0.000000 0.000000 1.000000
0.999983 0.001742 -0.005546 0.000000 -0.001405 0.998181 0.060275 16.254000 0.005641 -0.060266 0.998166 -0.165600 0.000000 0.000000 0.000000 1.000000
0.999985 0.002822 -0.004759 -0.000000 -0.002530 0.998171 0.060404 16.254000 0.004921 -0.060391 0.998163 -0.165600 0.000000 0.000000 0.000000 1.000000
0.999986 0.002868 -0.004388 -0.000000 -0.002599 0.998178 0.060284 16.254000 0.004553 -0.060271 0.998172 -0.165600 0.000000 0.000000 0.000000 1.000000
0.999991 0.002275 -0.003594 0.000000 -0.002053 0.998151 0.060748 16.254000 0.003725 -0.060741 0.998147 -0.165600 0.000000 0.000000 0.000000 1.000000
0.999997 0.002144 -0.001410 0.000000 -0.002052 0.998061 0.062202 16.254000 0.001541 -0.062199 0.998063 -0.165600 0.000000 0.000000 0.000000 1.000000
0.999991 0.003414 0.002566 0.000000 -0.003571 0.997946 0.063953 16.254000 -0.002342 -0.063962 0.997950 -0.165600 0.000000 0.000000 0.000000 1.000000
0.999954 0.005779 0.007597 0.000000 -0.006259 0.997883 0.064729 16.254000 -0.007207 -0.064774 0.997874 -0.165600 0.000000 0.000000 0.000000 1.000000
0.999896 0.007807 0.012138 0.000000 -0.008568 0.997917 0.063946 16.254000 -0.011614 -0.064043 0.997880 -0.165600 0.000000 0.000000 0.000000 1.000000
0.999849 0.008401 0.015213 -0.000000 -0.009334 0.998015 0.062289 16.254000 -0.014659 -0.062421 0.997942 -0.165600 0.000000 0.000000 0.000000 1.000000
0.999820 0.007808 0.017309 0.000000 -0.008850 0.998103 0.060928 16.254000 -0.016801 -0.061070 0.997992 -0.165600 0.000000 0.000000 0.000000 1.000000
0.999787 0.006928 0.019453 0.000000 -0.008091 0.998144 0.060351 16.254000 -0.018999 -0.060496 0.997988 -0.165600 0.000000 0.000000 0.000000 1.000000
0.999746 0.006175 0.021664 0.000000 -0.007468 0.998162 0.060144 16.254000 -0.021253 -0.060290 0.997955 -0.165600 0.000000 0.000000 0.000000 1.000000
0.999720 0.005441 0.023027 0.000000 -0.006810 0.998188 0.059778 16.254000 -0.022660 -0.059918 0.997946 -0.165600 0.000000 0.000000 0.000000 1.000000
0.999722 0.004739 0.023118 0.000000 -0.006103 0.998220 0.059329 16.254000 -0.022795 -0.059454 0.997971 -0.165600 0.000000 0.000000 0.000000 1.000000
0.999736 0.004286 0.022561 0.000000 -0.005618 0.998223 0.059328 16.254000 -0.022267 -0.059440 0.997984 -0.165600 0.000000 0.000000 0.000000 1.000000
0.999748 0.004107 0.022083 0.000000 -0.005427 0.998179 0.060083 16.254000 -0.021796 -0.060187 0.997949 -0.165600 0.000000 0.000000 0.000000 1.000000
0.999757 0.003828 0.021694 0.000000 -0.005150 0.998111 0.061212 16.254000 -0.021419 -0.061309 0.997889 -0.165600 0.000000 0.000000 0.000000 1.000000
0.999775 0.002826 0.021016 0.000000 -0.004120 0.998083 0.061752 16.254000 -0.020801 -0.061824 0.997870 -0.165600 0.000000 0.000000 0.000000 1.000000
0.999800 0.000574 0.019984 0.000000 -0.001788 0.998147 0.060824 16.254000 -0.019912 -0.060847 0.997948 -0.165600 0.000000 0.000000 0.000000 1.000000
0.999817 -0.002800 0.018947 -0.000000 0.001686 0.998282 0.058562 16.254000 -0.019079 -0.058519 0.998104 -0.165600 0.000000 0.000000 0.000000 1.000000
0.999816 -0.006152 0.018172 0.000000 0.005119 0.998396 0.056377 16.254000 -0.018490 -0.056273 0.998244 -0.165600 0.000000 0.000000 0.000000 1.000000
0.999818 -0.007874 0.017359 0.000000 0.006892 0.998411 0.055922 16.254000 -0.017772 -0.055792 0.998284 -0.165600 0.000000 0.000000 0.000000 1.000000
0.999850 -0.007117 0.015771 0.000000 0.006197 0.998321 0.057599 16.254000 -0.016155 -0.057492 0.998215 -0.165600 0.000000 0.000000 0.000000 1.000000
0.999905 -0.004494 0.013022 0.000000 0.003702 0.998177 0.060244 16.254000 -0.013269 -0.060191 0.998099 -0.165600 0.000000 0.000000 0.000000 1.000000
0.999952 -0.001510 0.009682 0.000000 0.000904 0.998056 0.062311 16.254000 -0.009757 -0.062299 0.998010 -0.165600 0.000000 0.000000 0.000000 1.000000
0.999976 0.000659 0.006835 0.000000 -0.001090 0.998002 0.063171 16.254000 -0.006779 -0.063177 0.997979 -0.165600 0.000000 0.000000 0.000000 1.000000
0.999986 0.001854 0.005021 0.000000 -0.002168 0.997990 0.063333 16.254000 -0.004894 -0.063343 0.997980 -0.165600 0.000000 0.000000 0.000000 1.000000
0.999989 0.002639 0.003882 0.000000 -0.002881 0.997966 0.063689 16.254000 -0.003706 -0.063700 0.997962 -0.165600 0.000000 0.000000 0.000000 1.000000
0.999990 0.003534 0.002830 0.000000 -0.003710 0.997901 0.064650 16.254000 -0.002595 -0.064659 0.997904 -0.165600 0.000000 0.000000 0.000000 1.000000
0.999988 0.004597 0.001702 0.000000 -0.004699 0.997820 0.065826 16.254000 -0.001396 -0.065833 0.997830 -0.165600 0.000000 0.000000 0.000000 1.000000
0.999984 0.005671 0.000604 -0.000000 -0.005698 0.997774 0.066449 16.254000 -0.000226 -0.066452 0.997790 -0.165600 0.000000 0.000000 0.000000 1.000000
0.999977 0.006760 -0.000542 0.000000 -0.006709 0.997782 0.066226 16.254000 0.000989 -0.066221 0.997805 -0.165600 0.000000 0.000000 0.000000 1.000000
0.999967 0.007929 -0.001952 0.000000 -0.007784 0.997804 0.065769 16.254000 0.002469 -0.065752 0.997833 -0.165600 0.000000 0.000000 0.000000 1.000000
