<?xml version="1.0" encoding="utf-8"?>
<COLLADA xmlns="http://www.collada.org/2005/11/COLLADASchema" version="1.4.1">
  <asset><contributor><author>Mixamo</author><authoring_tool>COLLADA Mixamo exporter</authoring_tool><comments></comments></contributor><created>2020-08-17T19:01:42Z</created><modified>2020-08-17T19:01:42Z</modified><revision></revision><title></title><unit meter="0.010000"/><up_axis>Y_UP</up_axis></asset>
  <library_animations>
    <animation id="Zombie_Hips-anim" name="Zombie_Hips"><source id="Zombie_Hips-Matrix-animation-input"><float_array id="Zombie_Hips-Matrix-animation-input-array" count="226">

0.000000 0.033333 0.066667 0.100000 0.133333 0.166667 0.200000 0.233333 0.266667 0.300000 0.333333 0.366667 0.400000 0.433333 0.466667 0.500000
0.533333 0.566667 0.600000 0.633333 0.666667 0.700000 0.733333 0.766667 0.800000 0.833333 0.866667 0.900000 0.933333 0.966667 1.000000 1.033333
1.066667 1.100000 1.133333 1.166667 1.200000 1.233333 1.266667 1.300000 1.333333 1.366667 1.400000 1.433333 1.466667 1.500000 1.533333 1.566667
1.600000 1.633333 1.666667 1.700000 1.733333 1.766667 1.800000 1.833333 1.866667 1.900000 1.933333 1.966667 2.000000 2.033333 2.066667 2.100000
2.133333 2.166667 2.200000 2.233333 2.266667 2.300000 2.333333 2.366667 2.400000 2.433333 2.466667 2.500000 2.533333 2.566667 2.600000 2.633333
2.666667 2.700000 2.733333 2.766667 2.800000 2.833333 2.866667 2.900000 2.933333 2.966667 3.000000 3.033333 3.066667 3.100000 3.133333 3.166667
3.200000 3.233333 3.266667 3.300000 3.333333 3.366667 3.400000 3.433333 3.466667 3.500000 3.533333 3.566667 3.600000 3.633333 3.666667 3.700000
3.733333 3.766667 3.800000 3.833333 3.866667 3.900000 3.933333 3.966667 4.000000 4.033333 4.066667 4.100000 4.133333 4.166667 4.200000 4.233333
4.266667 4.300000 4.333333 4.366667 4.400000 4.433333 4.466667 4.500000 4.533333 4.566667 4.600000 4.633333 4.666667 4.700000 4.733333 4.766667
4.800000 4.833333 4.866667 4.900000 4.933333 4.966667 5.000000 5.033333 5.066667 5.100000 5.133333 5.166667 5.200000 5.233333 5.266667 5.300000
5.333333 5.366667 5.400000 5.433333 5.466667 5.500000 5.533333 5.566667 5.600000 5.633333 5.666667 5.700000 5.733333 5.766667 5.800000 5.833333
5.866667 5.900000 5.933333 5.966667 6.000000 6.033333 6.066667 6.100000 6.133333 6.166667 6.200000 6.233333 6.266667 6.300000 6.333333 6.366667
6.400000 6.433333 6.466667 6.500000 6.533333 6.566667 6.600000 6.633333 6.666667 6.700000 6.733333 6.766667 6.800000 6.833333 6.866667 6.900000
6.933333 6.966667 7.000000 7.033333 7.066667 7.100000 7.133333 7.166667 7.200000 7.233333 7.266667 7.300000 7.333333 7.366667 7.400000 7.433333
7.466667 7.500000</float_array><technique_common><accessor source="#Zombie_Hips-Matrix-animation-input-array" count="226"><param name="TIME" type="float"/></accessor></technique_common></source><source id="Zombie_Hips-Matrix-animation-output-transform"><float_array id="Zombie_Hips-Matrix-animation-output-transform-array" count="3616">

0.989329 -0.087708 -0.116339 -0.092500 0.081854 0.995170 -0.054184 90.409874 0.120530 0.044083 0.991730 -0.058507 0.000000 0.000000 0.000000 1.000000
0.990755 -0.080397 -0.109277 0.372158 0.075350 0.995925 -0.049556 90.222969 0.112816 0.040864 0.992775 -0.141376 0.000000 0.000000 0.000000 1.000000
0.992889 -0.065238 -0.099575 0.756761 0.061093 0.997156 -0.044123 90.136871 0.102170 0.037726 0.994051 -0.353276 0.000000 0.000000 0.000000 1.000000
0.995619 -0.040715 -0.084177 1.051389 0.037265 0.998415 -0.042167 90.163986 0.085761 0.038845 0.995558 -0.762951 0.000000 0.000000 0.000000 1.000000
0.998136 -0.005168 -0.060806 1.265221 0.002192 0.998801 -0.048906 90.267609 0.060986 0.048682 0.996951 -1.453323 0.000000 0.000000 0.000000 1.000000
0.998650 0.040485 -0.032540 1.426381 -0.042613 0.996802 -0.067597 90.332062 0.029699 0.068892 0.997182 -2.508204 0.000000 0.000000 0.000000 1.000000
0.995992 0.088921 -0.009687 1.542205 -0.089442 0.991277 -0.096803 90.125977 0.000995 0.097281 0.995256 -3.978176 0.000000 0.000000 0.000000 1.000000
0.991464 0.130317 -0.004013 1.628163 -0.129718 0.982880 -0.130845 89.470810 -0.013107 0.130249 0.991395 -5.785056 0.000000 0.000000 0.000000 1.000000
0.987543 0.156186 -0.019085 1.664591 -0.157191 0.973881 -0.163852 88.272026 -0.007005 0.164811 0.986300 -7.695538 0.000000 0.000000 0.000000 1.000000
0.985258 0.164511 -0.046941 1.617734 -0.170523 0.966443 -0.192122 86.679291 0.013760 0.197294 0.980248 -9.438265 0.000000 0.000000 0.000000 1.000000
0.984433 0.159496 -0.073842 1.466789 -0.171797 0.961911 -0.212634 85.088058 0.037115 0.222010 0.974338 -10.869397 0.000000 0.000000 0.000000 1.000000
0.984634 0.150516 -0.088549 1.239297 -0.166878 0.960397 -0.223136 83.999588 0.051457 0.234484 0.970757 -11.983850 0.000000 0.000000 0.000000 1.000000
0.984974 0.149755 -0.086017 1.058318 -0.165588 0.960400 -0.224083 83.876534 0.049053 0.234960 0.970767 -12.779997 0.000000 0.000000 0.000000 1.000000
0.984891 0.160693 -0.064561 1.041444 -0.171038 0.961019 -0.217230 84.872681 0.027137 0.224990 0.973983 -13.219913 0.000000 0.000000 0.000000 1.000000
0.984465 0.173725 -0.025479 1.227892 -0.175268 0.963601 -0.201877 86.783386 -0.010519 0.203206 0.979079 -13.282442 0.000000 0.000000 0.000000 1.000000
0.984091 0.176117 0.023384 1.599029 -0.169390 0.969802 -0.175476 89.196541 -0.053582 0.168723 0.984206 -12.957857 0.000000 0.000000 0.000000 1.000000
0.984071 0.163677 0.069379 2.087133 -0.152943 0.978422 -0.138921 91.529160 -0.090620 0.126097 0.987870 -12.194664 0.000000 0.000000 0.000000 1.000000
0.984307 0.142975 0.103426 2.591217 -0.132856 0.986188 -0.098902 93.178696 -0.116138 0.083609 0.989708 -10.973948 0.000000 0.000000 0.000000 1.000000
0.984299 0.123884 0.125734 3.039881 -0.116682 0.991160 -0.063144 93.785538 -0.132445 0.047482 0.990052 -9.449267 0.000000 0.000000 0.000000 1.000000
0.983782 0.109830 0.141809 3.433310 -0.105828 0.993751 -0.035483 93.361824 -0.144820 0.019900 0.989258 -7.899078 0.000000 0.000000 0.000000 1.000000
0.983357 0.096981 0.153632 3.777780 -0.095613 0.995285 -0.016284 92.221130 -0.154487 0.001324 0.987994 -6.580626 0.000000 0.000000 0.000000 1.000000
0.984153 0.079946 0.158275 4.030903 -0.080219 0.996766 -0.004673 90.851570 -0.158137 -0.008098 0.987384 -5.645974 0.000000 0.000000 0.000000 1.000000
0.986147 0.058466 0.155231 4.154365 -0.059130 0.998250 -0.000341 89.762718 -0.154979 -0.008842 0.987878 -5.239159 0.000000 0.000000 0.000000 1.000000
0.987830 0.039329 0.150480 4.179921 -0.038847 0.999226 -0.006144 89.366417 -0.150605 0.000223 0.988594 -5.582307 0.000000 0.000000 0.000000 1.000000
0.988373 0.029119 0.149236 4.176804 -0.025042 0.999262 -0.029128 89.801598 -0.149974 0.025052 0.988372 -6.805737 0.000000 0.000000 0.000000 1.000000
0.988441 0.026690 0.149241 4.195235 -0.015575 0.997050 -0.075157 90.713341 -0.150807 0.071964 0.985940 -8.711157 0.000000 0.000000 0.000000 1.000000
0.989309 0.021341 0.144268 4.271859 -0.000963 0.990170 -0.139867 91.347618 -0.145835 0.138233 0.979604 -10.800552 0.000000 0.000000 0.000000 1.000000
0.991254 0.002045 0.131952 4.485658 0.025696 0.977751 -0.208191 91.064453 -0.129442 0.209761 0.969147 -12.568242 0.000000 0.000000 0.000000 1.000000
0.992802 -0.035138 0.114496 4.913879 0.064574 0.962184 -0.264635 89.829994 -0.100867 0.270124 0.957527 -13.760132 0.000000 0.000000 0.000000 1.000000
0.992113 -0.081125 0.095549 5.500504 0.106480 0.947659 -0.301006 88.242859 -0.066128 0.308806 0.948823 -14.456770 0.000000 0.000000 0.000000 1.000000
0.990025 -0.117574 0.077632 6.029660 0.136270 0.939044 -0.315639 87.115097 -0.035789 0.323069 0.945698 -14.925880 0.000000 0.000000 0.000000 1.000000
0.989582 -0.130551 0.060690 6.336500 0.143049 0.939206 -0.312137 86.969353 -0.016250 0.317567 0.948097 -15.404211 0.000000 0.000000 0.000000 1.000000
0.991331 -0.123936 0.043613 6.394495 0.131320 0.945191 -0.298946 87.979027 -0.004173 0.302082 0.953273 -15.925289 0.000000 0.000000 0.000000 1.000000
0.993397 -0.112013 0.024828 6.237056 0.114443 0.952099 -0.283568 89.982864 0.008125 0.284537 0.958631 -16.329376 0.000000 0.000000 0.000000 1.000000
0.994933 -0.100520 0.002007 6.011786 0.097436 0.959100 -0.265769 92.282837 0.024790 0.264618 0.964035 -16.411661 0.000000 0.000000 0.000000 1.000000
0.995899 -0.086501 -0.026524 5.835198 0.077597 0.967356 -0.241251 94.036407 0.046527 0.238203 0.970100 -15.954642 0.000000 0.000000 0.000000 1.000000
0.995687 -0.070462 -0.060358 5.770153 0.056231 0.975761 -0.211489 94.668907 0.073797 0.207183 0.975515 -14.796888 0.000000 0.000000 0.000000 1.000000
0.993705 -0.058709 -0.095411 5.821703 0.040310 0.982018 -0.184434 94.046982 0.104523 0.179427 0.978203 -13.071390 0.000000 0.000000 0.000000 1.000000
0.990645 -0.054625 -0.125051 5.906759 0.033355 0.985518 -0.166260 92.508240 0.132322 0.160534 0.978121 -11.228708 0.000000 0.000000 0.000000 1.000000
0.987959 -0.055248 -0.144512 5.908580 0.032212 0.987050 -0.157143 90.671661 0.151322 0.150595 0.976946 -9.767093 0.000000 0.000000 0.000000 1.000000
0.986734 -0.054626 -0.152879 5.778276 0.030715 0.987498 -0.154608 89.205040 0.159414 0.147861 0.976076 -8.959415 0.000000 0.000000 0.000000 1.000000
0.987325 -0.048742 -0.151039 5.558105 0.024720 0.987287 -0.157012 88.549980 0.156771 0.151288 0.975979 -8.846884 0.000000 0.000000 0.000000 1.000000
0.989382 -0.037024 -0.140543 5.311372 0.013530 0.986273 -0.164567 88.771980 0.144707 0.160918 0.976302 -9.420426 0.000000 0.000000 0.000000 1.000000
0.991931 -0.021408 -0.124960 5.057305 -0.001380 0.983758 -0.179495 89.613495 0.126773 0.178220 0.975790 -10.641649 0.000000 0.000000 0.000000 1.000000
0.994043 -0.004367 -0.108901 4.778028 -0.017962 0.978970 -0.203211 90.591782 0.107498 0.203957 0.973060 -12.255155 0.000000 0.000000 0.000000 1.000000
0.995512 0.013839 -0.093614 4.459606 -0.035337 0.972056 -0.232073 91.171783 0.087786 0.234339 0.968183 -13.731456 0.000000 0.000000 0.000000 1.000000
0.996474 0.035245 -0.076135 4.100114 -0.053881 0.964444 -0.258737 91.091827 0.064309 0.261927 0.962943 -14.617297 0.000000 0.000000 0.000000 1.000000
0.996608 0.061545 -0.054627 3.702427 -0.074395 0.957584 -0.278386 90.557404 0.035177 0.281506 0.958915 -14.918872 0.000000 0.000000 0.000000 1.000000
0.995517 0.089338 -0.031043 3.271248 -0.094512 0.951953 -0.291296 90.146500 0.003527 0.292924 0.956129 -15.016148 0.000000 0.000000 0.000000 1.000000
0.993737 0.111537 -0.006726 2.818139 -0.108391 0.947579 -0.300574 90.458115 -0.027152 0.299421 0.953735 -15.261176 0.000000 0.000000 0.000000 1.000000
0.992188 0.122825 0.021838 2.352609 -0.110042 0.944151 -0.310596 91.781067 -0.058767 0.305767 0.950291 -15.767993 0.000000 0.000000 0.000000 1.000000
0.990779 0.122136 0.058642 1.885090 -0.096813 0.941019 -0.324209 93.977806 -0.094781 0.315542 0.944166 -16.449604 0.000000 0.000000 0.000000 1.000000
0.988683 0.110739 0.101204 1.449132 -0.070663 0.938853 -0.336988 96.541321 -0.132333 0.326023 0.936054 -17.042154 0.000000 0.000000 0.000000 1.000000
0.985530 0.091506 0.142679 1.081625 -0.038326 0.940260 -0.338293 98.780464 -0.165112 0.327930 0.930161 -17.131147 0.000000 0.000000 0.000000 1.000000
0.981082 0.067936 0.181280 0.756647 -0.006163 0.946889 -0.321502 100.155304 -0.193494 0.314303 0.929394 -16.348137 0.000000 0.000000 0.000000 1.000000
0.974526 0.044437 0.219829 0.377780 0.021623 0.956992 -0.289309 100.454140 -0.223231 0.286692 0.931652 -14.649453 0.000000 0.000000 0.000000 1.000000
0.965889 0.025178 0.257731 -0.135410 0.041146 0.967697 -0.248734 99.734741 -0.255668 0.250854 0.933652 -12.423563 0.000000 0.000000 0.000000 1.000000
0.957410 0.012464 0.288462 -0.752140 0.049414 0.977255 -0.206232 98.253891 -0.284471 0.211702 0.935018 -10.340957 0.000000 0.000000 0.000000 1.000000
0.952784 0.008071 0.303542 -1.339541 0.045388 0.984631 -0.168650 96.386887 -0.300238 0.174464 0.937774 -9.067491 0.000000 0.000000 0.000000 1.000000
0.954819 0.009307 0.297043 -1.806452 0.034800 0.989132 -0.142853 94.589844 -0.295144 0.146736 0.944118 -8.944266 0.000000 0.000000 0.000000 1.000000
0.963850 0.007867 0.266329 -2.169968 0.028573 0.990748 -0.132671 93.288963 -0.264909 0.135485 0.954708 -9.918507 0.000000 0.000000 0.000000 1.000000
0.976571 -0.005594 0.215122 -2.500107 0.036548 0.989450 -0.140187 92.565872 -0.212069 0.144765 0.966473 -11.665803 0.000000 0.000000 0.000000 1.000000
0.987027 -0.031467 0.157439 -2.822265 0.058112 0.984137 -0.167623 92.334465 -0.149667 0.174598 0.973199 -13.733725 0.000000 0.000000 0.000000 1.000000
0.992088 -0.061072 0.109692 -3.114269 0.083429 0.973594 -0.212496 92.455750 -0.093818 0.219966 0.970986 -15.626531 0.000000 0.000000 0.000000 1.000000
0.993433 -0.085159 0.076413 -3.344828 0.102612 0.958559 -0.265774 92.747711 -0.050613 0.271870 0.961002 -17.023846 0.000000 0.000000 0.000000 1.000000
0.993747 -0.100552 0.048545 -3.490439 0.110805 0.941688 -0.317719 93.047073 -0.013767 0.321111 0.946941 -17.910215 0.000000 0.000000 0.000000 1.000000
0.993800 -0.109915 0.016752 -3.519404 0.108580 0.927025 -0.358935 93.364639 0.023923 0.358528 0.933212 -18.459303 0.000000 0.000000 0.000000 1.000000
0.993000 -0.116400 -0.020027 -3.392013 0.100251 0.920295 -0.378162 93.913315 0.062449 0.373508 0.925523 -18.840492 0.000000 0.000000 0.000000 1.000000
0.990761 -0.121698 -0.059857 -3.100940 0.091394 0.925200 -0.368310 94.841393 0.100203 0.359436 0.927774 -19.078932 0.000000 0.000000 0.000000 1.000000
0.986646 -0.123554 -0.106137 -2.673321 0.081683 0.939079 -0.333853 96.153198 0.140920 0.320725 0.936631 -19.045347 0.000000 0.000000 0.000000 1.000000
0.979323 -0.116093 -0.165677 -2.183171 0.064986 0.956081 -0.285807 97.782951 0.191580 0.269130 0.943857 -18.564493 0.000000 0.000000 0.000000 1.000000
0.966098 -0.094794 -0.240144 -1.746601 0.037777 0.972047 -0.231728 99.569611 0.255398 0.214800 0.942673 -17.554857 0.000000 0.000000 0.000000 1.000000
0.944572 -0.063422 -0.322120 -1.473372 0.005522 0.984094 -0.177563 100.941818 0.328258 0.165942 0.929898 -16.112717 0.000000 0.000000 0.000000 1.000000
0.916200 -0.033274 -0.399337 -1.383949 -0.022297 0.990770 -0.133709 100.843758 0.400100 0.131408 0.907002 -14.475765 0.000000 0.000000 0.000000 1.000000
0.887340 -0.014315 -0.460894 -1.383998 -0.040050 0.993348 -0.107960 98.548027 0.459374 0.114256 0.880864 -12.911434 0.000000 0.000000 0.000000 1.000000
0.866065 -0.005803 -0.499897 -1.334226 -0.048816 0.994173 -0.096114 94.852226 0.497542 0.107644 0.860735 -11.607221 0.000000 0.000000 0.000000 1.000000
0.858213 -0.000443 -0.513293 -1.177796 -0.051604 0.994859 -0.087139 91.849121 0.510693 0.101271 0.853778 -10.728160 0.000000 0.000000 0.000000 1.000000
0.865526 0.008051 -0.500799 -0.957482 -0.052657 0.995792 -0.074998 91.119713 0.498088 0.091284 0.862308 -10.460242 0.000000 0.000000 0.000000 1.000000
0.885827 0.021817 -0.463503 -0.727470 -0.057606 0.996337 -0.063196 92.229782 0.460427 0.082682 0.883839 -10.985257 0.000000 0.000000 0.000000 1.000000
0.912959 0.038297 -0.406250 -0.533947 -0.068812 0.995777 -0.060767 93.519867 0.402208 0.083433 0.911739 -12.371743 0.000000 0.000000 0.000000 1.000000
0.938861 0.053663 -0.340088 -0.436042 -0.083800 0.993690 -0.074546 93.964912 0.333942 0.098487 0.937434 -14.371654 0.000000 0.000000 0.000000 1.000000
0.958688 0.065257 -0.276872 -0.490238 -0.097121 0.989932 -0.102967 93.707962 0.267365 0.125603 0.955374 -16.499439 0.000000 0.000000 0.000000 1.000000
0.972622 0.075942 -0.219636 -0.683417 -0.107936 0.984598 -0.137540 93.124878 0.205808 0.157481 0.965838 -18.290764 0.000000 0.000000 0.000000 1.000000
0.982284 0.091135 -0.163743 -0.964797 -0.119147 0.978156 -0.170337 92.340729 0.144643 0.186828 0.971686 -19.576727 0.000000 0.000000 0.000000 1.000000
0.988116 0.110309 -0.107045 -1.320432 -0.129912 0.971550 -0.198023 91.463890 0.082156 0.209576 0.974335 -20.526960 0.000000 0.000000 0.000000 1.000000
0.990519 0.127004 -0.052364 -1.763423 -0.135485 0.966155 -0.219517 90.897537 0.022712 0.224530 0.974202 -21.401049 0.000000 0.000000 0.000000 1.000000
0.990842 0.135026 0.000962 -2.281196 -0.131009 0.963040 -0.235353 91.109528 -0.032705 0.233071 0.971910 -22.339828 0.000000 0.000000 0.000000 1.000000
0.989229 0.133472 0.060098 -2.826484 -0.114567 0.961531 -0.249664 92.277977 -0.091109 0.240089 0.966466 -23.306030 0.000000 0.000000 0.000000 1.000000
0.983879 0.123732 0.129124 -3.357497 -0.085936 0.960301 -0.265400 94.112366 -0.156836 0.250025 0.955453 -24.074423 0.000000 0.000000 0.000000 1.000000
0.973434 0.107086 0.202384 -3.839091 -0.047786 0.959443 -0.277823 95.963234 -0.223927 0.260771 0.939071 -24.261045 0.000000 0.000000 0.000000 1.000000
0.958281 0.088734 0.271706 -4.201973 -0.009473 0.959929 -0.280083 97.131073 -0.285671 0.265824 0.920722 -23.614964 0.000000 0.000000 0.000000 1.000000
0.938659 0.075531 0.336472 -4.405260 0.020526 0.961751 -0.273154 97.228516 -0.344234 0.263305 0.901207 -22.251930 0.000000 0.000000 0.000000 1.000000
0.914960 0.071601 0.397141 -4.503230 0.038963 0.963861 -0.263542 96.142532 -0.401658 0.256604 0.879105 -20.583347 0.000000 0.000000 0.000000 1.000000
0.891868 0.073045 0.446357 -4.615255 0.048380 0.965804 -0.254721 94.096436 -0.449700 0.248772 0.857836 -19.023046 0.000000 0.000000 0.000000 1.000000
0.878175 0.074761 0.472461 -4.794240 0.050095 0.967905 -0.246272 91.584534 -0.475709 0.239938 0.846245 -17.894897 0.000000 0.000000 0.000000 1.000000
0.879116 0.076065 0.470499 -4.988045 0.043646 0.970186 -0.238399 89.176781 -0.474605 0.230116 0.849586 -17.454779 0.000000 0.000000 0.000000 1.000000
0.892045 0.078326 0.445107 -5.124802 0.030107 0.972381 -0.231450 87.331390 -0.450943 0.219864 0.865049 -17.834442 0.000000 0.000000 0.000000 1.000000
0.911207 0.079407 0.404223 -5.176832 0.014697 0.974355 -0.224536 86.272766 -0.411687 0.210539 0.886672 -18.972130 0.000000 0.000000 0.000000 1.000000
0.932452 0.075091 0.353405 -5.118514 0.004849 0.975474 -0.220062 86.000893 -0.361262 0.206911 0.909218 -20.678019 0.000000 0.000000 0.000000 1.000000
0.952839 0.063461 0.296767 -4.902762 0.005383 0.974203 -0.225609 86.323166 -0.303428 0.216567 0.927917 -22.690615 0.000000 0.000000 0.000000 1.000000
0.969944 0.043920 0.239332 -4.522122 0.016732 0.969209 -0.245671 86.913612 -0.242753 0.242292 0.939343 -24.651268 0.000000 0.000000 0.000000 1.000000
0.982744 0.014642 0.184388 -4.044851 0.037292 0.960707 -0.275049 87.481010 -0.181170 0.277179 0.943583 -26.209631 0.000000 0.000000 0.000000 1.000000
0.991087 -0.025337 0.130781 -3.549849 0.064569 0.950080 -0.305252 87.865685 -0.116519 0.310976 0.943248 -27.233826 0.000000 0.000000 0.000000 1.000000
0.994533 -0.071242 0.076342 -3.040494 0.092709 0.938847 -0.331620 88.060837 -0.048048 0.336885 0.940319 -27.854725 0.000000 0.000000 0.000000 1.000000
0.993276 -0.113444 0.023084 -2.461136 0.114337 0.930030 -0.349245 88.258232 0.018151 0.349536 0.936747 -28.332409 0.000000 0.000000 0.000000 1.000000
0.989113 -0.145022 -0.025000 -1.780842 0.127162 0.927771 -0.350814 88.754753 0.074070 0.343815 0.936111 -28.847326 0.000000 0.000000 0.000000 1.000000
0.984153 -0.163416 -0.068836 -1.029192 0.131444 0.932873 -0.335367 89.771744 0.119020 0.321004 0.939569 -29.374348 0.000000 0.000000 0.000000 1.000000
0.979498 -0.165035 -0.115532 -0.265735 0.122210 0.942688 -0.310491 91.294174 0.160153 0.290006 0.943529 -29.690100 0.000000 0.000000 0.000000 1.000000
0.974169 -0.146039 -0.172243 0.442555 0.093541 0.955189 -0.280826 93.008667 0.205536 0.257460 0.944176 -29.491377 0.000000 0.000000 0.000000 1.000000
0.964473 -0.110808 -0.239820 1.002605 0.050580 0.968443 -0.244050 94.415024 0.259295 0.223250 0.939641 -28.588301 0.000000 0.000000 0.000000 1.000000
0.947324 -0.074051 -0.311600 1.344383 0.009944 0.979236 -0.202481 95.091980 0.320123 0.188717 0.928389 -27.064390 0.000000 0.000000 0.000000 1.000000
0.924853 -0.051046 -0.376882 1.531673 -0.013537 0.985906 -0.166753 94.818390 0.380083 0.159324 0.911127 -25.232979 0.000000 0.000000 0.000000 1.000000
0.903552 -0.044837 -0.426126 1.750330 -0.018315 0.989559 -0.142957 93.683907 0.428087 0.136974 0.893297 -23.383438 0.000000 0.000000 0.000000 1.000000
0.889414 -0.047775 -0.454599 2.110111 -0.011583 0.991848 -0.126899 92.070084 0.456955 0.118131 0.881610 -21.669735 0.000000 0.000000 0.000000 1.000000
0.884993 -0.050804 -0.462823 2.543526 -0.002465 0.993504 -0.113772 90.591301 0.465597 0.101829 0.879119 -20.222458 0.000000 0.000000 0.000000 1.000000
0.889839 -0.049675 -0.453563 2.937219 0.002342 0.994540 -0.104329 89.856720 0.456269 0.091774 0.885097 -19.261053 0.000000 0.000000 0.000000 1.000000
0.902318 -0.042058 -0.429014 3.273181 -0.001532 0.994910 -0.100756 90.153870 0.431068 0.091571 0.897661 -18.964121 0.000000 0.000000 0.000000 1.000000
0.919663 -0.026707 -0.391801 3.561631 -0.015889 0.994338 -0.105073 91.318977 0.392388 0.102857 0.914031 -19.379114 0.000000 0.000000 0.000000 1.000000
0.937881 -0.008085 -0.346862 3.760539 -0.036489 0.991886 -0.121782 92.735756 0.345032 0.126874 0.929976 -20.454018 0.000000 0.000000 0.000000 1.000000
0.954207 0.005510 -0.299098 3.863462 -0.053694 0.986748 -0.153121 93.643265 0.294290 0.162169 0.941857 -21.910225 0.000000 0.000000 0.000000 1.000000
0.968195 0.011784 -0.249921 3.958054 -0.061226 0.979679 -0.190996 93.601501 0.242592 0.200223 0.949242 -23.243231 0.000000 0.000000 0.000000 1.000000
0.980056 0.018842 -0.197826 4.115762 -0.063363 0.973163 -0.221220 92.700516 0.188349 0.229343 0.954949 -24.029133 0.000000 0.000000 0.000000 1.000000
0.989348 0.033279 -0.141714 4.263015 -0.066403 0.969504 -0.235908 91.426514 0.129542 0.242805 0.961387 -24.244238 0.000000 0.000000 0.000000 1.000000
0.995303 0.049801 -0.083017 4.237032 -0.068171 0.969414 -0.235774 90.355881 0.068736 0.240326 0.968256 -24.189749 0.000000 0.000000 0.000000 1.000000
0.997837 0.060454 -0.025804 3.942404 -0.064706 0.972469 -0.223867 90.027283 0.011560 0.225053 0.974278 -24.221109 0.000000 0.000000 0.000000 1.000000
0.997458 0.066378 0.025923 3.420692 -0.059633 0.976671 -0.206294 90.835907 -0.039011 0.204224 0.978147 -24.576164 0.000000 0.000000 0.000000 1.000000
0.994806 0.073567 0.070346 2.793296 -0.058676 0.979195 -0.194254 92.801422 -0.083173 0.189117 0.978426 -25.265686 0.000000 0.000000 0.000000 1.000000
0.990738 0.082937 0.107519 2.187858 -0.060892 0.979080 -0.194150 95.530251 -0.121372 0.185805 0.975062 -26.021263 0.000000 0.000000 0.000000 1.000000
0.985927 0.088956 0.141542 1.671103 -0.059618 0.978096 -0.199435 98.278511 -0.156183 0.188190 0.969635 -26.328817 0.000000 0.000000 0.000000 1.000000
0.979314 0.088950 0.181749 1.250805 -0.051723 0.978401 -0.200143 100.245689 -0.195626 0.186602 0.962762 -25.767477 0.000000 0.000000 0.000000 1.000000
0.967913 0.086711 0.235850 0.873698 -0.040156 0.979889 -0.195462 100.997406 -0.248055 0.179719 0.951929 -24.390335 0.000000 0.000000 0.000000 1.000000
0.950035 0.086499 0.299920 0.467953 -0.029183 0.981242 -0.190557 100.334381 -0.310777 0.172284 0.934738 -22.632019 0.000000 0.000000 0.000000 1.000000
0.929201 0.086096 0.359405 0.004101 -0.019315 0.982471 -0.185414 98.442764 -0.369069 0.165345 0.914576 -20.942381 0.000000 0.000000 0.000000 1.000000
0.913000 0.081654 0.399704 -0.453085 -0.011540 0.984542 -0.174770 95.884117 -0.407796 0.154952 0.899829 -19.609873 0.000000 0.000000 0.000000 1.000000
0.907030 0.073968 0.414517 -0.779090 -0.008529 0.987475 -0.157547 93.264999 -0.420979 0.139364 0.896301 -18.866142 0.000000 0.000000 0.000000 1.000000
0.912093 0.065209 0.404764 -0.883839 -0.009164 0.990266 -0.138886 91.088364 -0.409880 0.122968 0.903813 -18.922844 0.000000 0.000000 0.000000 1.000000
0.925832 0.054812 0.373939 -0.777591 -0.008319 0.992143 -0.124832 89.640518 -0.377843 0.112463 0.919014 -19.815298 0.000000 0.000000 0.000000 1.000000
0.944011 0.043409 0.327045 -0.540267 -0.004008 0.992742 -0.120198 88.895218 -0.329889 0.112157 0.937333 -21.313959 0.000000 0.000000 0.000000 1.000000
0.961834 0.036231 0.271224 -0.258176 -0.001122 0.991709 -0.128496 88.525398 -0.273631 0.123288 0.953901 -22.973524 0.000000 0.000000 0.000000 1.000000
0.976572 0.035881 0.212177 0.008333 -0.004040 0.988884 -0.148635 88.103195 -0.215151 0.144295 0.965862 -24.260290 0.000000 0.000000 0.000000 1.000000
0.988085 0.033952 0.150115 0.230222 -0.007514 0.984843 -0.173284 87.393951 -0.153723 0.170091 0.973364 -24.828016 0.000000 0.000000 0.000000 1.000000
0.996345 0.017164 0.083675 0.421327 -0.000606 0.980998 -0.194015 86.570160 -0.085415 0.193255 0.977424 -24.761856 0.000000 0.000000 0.000000 1.000000
0.999697 -0.017038 0.017782 0.660655 0.020358 0.978037 -0.207435 86.021667 -0.013857 0.207734 0.978087 -24.508160 0.000000 0.000000 0.000000 1.000000
0.997839 -0.053274 -0.038455 1.090752 0.043802 0.975628 -0.215013 86.194717 0.048973 0.212864 0.975854 -24.539606 0.000000 0.000000 0.000000 1.000000
0.993752 -0.075558 -0.082146 1.811589 0.055776 0.973705 -0.220879 87.355095 0.096675 0.214917 0.971836 -25.050861 0.000000 0.000000 0.000000 1.000000
0.989460 -0.080646 -0.120273 2.777946 0.051299 0.971916 -0.229668 89.528053 0.135417 0.221077 0.965809 -25.954952 0.000000 0.000000 0.000000 1.000000
0.983815 -0.076741 -0.161923 3.812459 0.036098 0.970003 -0.240398 92.296837 0.175514 0.230662 0.957074 -26.905828 0.000000 0.000000 0.000000 1.000000
0.974494 -0.071428 -0.212741 4.711872 0.017505 0.969300 -0.245256 94.874092 0.223728 0.235277 0.945828 -27.354609 0.000000 0.000000 0.000000 1.000000
0.958817 -0.065330 -0.276408 5.346206 -0.002445 0.971252 -0.238042 96.502731 0.284013 0.228915 0.931093 -26.887018 0.000000 0.000000 0.000000 1.000000
0.933930 -0.055712 -0.353088 5.720061 -0.024954 0.975209 -0.219876 96.858398 0.356584 0.214160 0.909386 -25.582516 0.000000 0.000000 0.000000 1.000000
0.900551 -0.043109 -0.432607 5.954278 -0.047233 0.979480 -0.195930 96.076553 0.432177 0.196878 0.880035 -23.896467 0.000000 0.000000 0.000000 1.000000
0.866280 -0.033804 -0.498413 6.165251 -0.060049 0.983427 -0.171070 94.511757 0.495936 0.178124 0.849894 -22.324871 0.000000 0.000000 0.000000 1.000000
0.840931 -0.031779 -0.540209 6.407635 -0.058036 0.987220 -0.148420 92.788109 0.538022 0.156163 0.828339 -21.038954 0.000000 0.000000 0.000000 1.000000
0.828838 -0.036449 -0.558300 6.703647 -0.043093 0.990753 -0.128656 91.562317 0.557827 0.130693 0.819603 -20.039524 0.000000 0.000000 0.000000 1.000000
0.828693 -0.042512 -0.558086 7.080972 -0.023476 0.993594 -0.110547 91.058647 0.559210 0.104711 0.822386 -19.334963 0.000000 0.000000 0.000000 1.000000
0.837532 -0.043642 -0.544643 7.537243 -0.008472 0.995648 -0.092808 91.039833 0.546323 0.082344 0.833517 -18.945562 0.000000 0.000000 0.000000 1.000000
0.851830 -0.036841 -0.522521 7.953159 -0.003431 0.997110 -0.075895 91.071480 0.523807 0.066442 0.849242 -18.868025 0.000000 0.000000 0.000000 1.000000
0.868087 -0.024512 -0.495806 8.150120 -0.007384 0.998032 -0.062269 90.795639 0.496357 0.057715 0.866198 -19.098948 0.000000 0.000000 0.000000 1.000000
0.884912 -0.013178 -0.465572 8.069174 -0.013635 0.998438 -0.054177 90.075241 0.465559 0.054290 0.883350 -19.630972 0.000000 0.000000 0.000000 1.000000
0.902807 -0.007590 -0.429979 7.815862 -0.015836 0.998579 -0.050875 88.974129 0.429754 0.052740 0.901404 -20.360008 0.000000 0.000000 0.000000 1.000000
0.921181 -0.007537 -0.389061 7.524143 -0.012347 0.998743 -0.048580 87.699455 0.388938 0.049554 0.919930 -21.089697 0.000000 0.000000 0.000000 1.000000
0.937872 -0.009602 -0.346849 7.244595 -0.006133 0.999002 -0.044240 86.568764 0.346928 0.043619 0.936877 -21.640638 0.000000 0.000000 0.000000 1.000000
0.951730 -0.010015 -0.306773 6.968628 -0.002150 0.999226 -0.039291 85.937279 0.306929 0.038054 0.950971 -21.928257 0.000000 0.000000 0.000000 1.000000
0.963360 -0.004581 -0.268174 6.684477 -0.006016 0.999234 -0.038679 86.052628 0.268146 0.038875 0.962594 -21.941519 0.000000 0.000000 0.000000 1.000000
0.973157 0.011234 -0.229870 6.375499 -0.022509 0.998665 -0.046486 86.908096 0.229041 0.050412 0.972111 -21.710863 0.000000 0.000000 0.000000 1.000000
0.980319 0.038963 -0.193538 6.010796 -0.051931 0.996700 -0.062390 88.249390 0.190468 0.071212 0.979107 -21.281054 0.000000 0.000000 0.000000 1.000000
0.984372 0.072300 -0.160573 5.559930 -0.086212 0.992944 -0.081424 89.701965 0.153553 0.093994 0.983660 -20.694393 0.000000 0.000000 0.000000 1.000000
0.986928 0.097777 -0.128114 4.987045 -0.110650 0.989062 -0.097536 90.957283 0.117176 0.110437 0.986952 -19.962255 0.000000 0.000000 0.000000 1.000000
0.990465 0.102899 -0.091603 4.288255 -0.112553 0.987830 -0.107350 91.851097 0.079442 0.116636 0.989992 -19.069939 0.000000 0.000000 0.000000 1.000000
0.995024 0.085906 -0.050467 3.515047 -0.091028 0.989761 -0.109939 92.330772 0.040506 0.113986 0.992656 -17.989914 0.000000 0.000000 0.000000 1.000000
0.998332 0.056836 -0.010142 2.705399 -0.057590 0.992739 -0.105606 92.419189 0.004067 0.106014 0.994356 -16.698811 0.000000 0.000000 0.000000 1.000000
0.999374 0.028473 0.020995 1.838816 -0.026322 0.994991 -0.096433 92.233543 -0.023636 0.095820 0.995118 -15.208199 0.000000 0.000000 0.000000 1.000000
0.999310 0.005974 0.036650 0.879811 -0.002803 0.996293 -0.085976 91.952873 -0.037027 0.085814 0.995623 -13.591141 0.000000 0.000000 0.000000 1.000000
0.999287 -0.013132 0.035386 -0.168758 0.015849 0.996856 -0.077628 91.755081 -0.034256 0.078133 0.996354 -11.954570 0.000000 0.000000 0.000000 1.000000
0.999326 -0.030316 0.020708 -1.274940 0.031759 0.996801 -0.073339 91.700951 -0.018418 0.073947 0.997092 -10.371664 0.000000 0.000000 0.000000 1.000000
0.999015 -0.044379 -0.000041 -2.419865 0.044258 0.996371 -0.072706 91.737305 0.003267 0.072633 0.997353 -8.871755 0.000000 0.000000 0.000000 1.000000
0.998400 -0.053366 -0.018681 -3.603067 0.051865 0.995965 -0.073232 91.775536 0.022514 0.072145 0.997140 -7.473288 0.000000 0.000000 0.000000 1.000000
0.997929 -0.057217 -0.029376 -4.835369 0.054965 0.995856 -0.072457 91.733887 0.033400 0.070692 0.996939 -6.199760 0.000000 0.000000 0.000000 1.000000
0.997888 -0.057493 -0.030241 -6.106867 0.055265 0.996018 -0.069959 91.568176 0.034143 0.068140 0.997091 -5.070819 0.000000 0.000000 0.000000 1.000000
0.998156 -0.056221 -0.022897 -7.369431 0.054568 0.996236 -0.067355 91.290474 0.026598 0.065981 0.997466 -4.093944 0.000000 0.000000 0.000000 1.000000
0.998409 -0.055292 -0.011030 -8.557645 0.054437 0.996284 -0.066741 90.960556 0.014680 0.066035 0.997709 -3.264432 0.000000 0.000000 0.000000 1.000000
0.998424 -0.056110 0.001095 -9.622369 0.056051 0.996035 -0.069086 90.652039 0.002786 0.069038 0.997610 -2.560937 0.000000 0.000000 0.000000 1.000000
0.998197 -0.059209 0.009865 -10.535610 0.059776 0.995485 -0.073728 90.424538 -0.005455 0.074185 0.997230 -1.940306 0.000000 0.000000 0.000000 1.000000
0.997846 -0.064254 0.013240 -11.265865 0.065103 0.994742 -0.079062 90.314636 -0.008090 0.079754 0.996782 -1.354968 0.000000 0.000000 0.000000 1.000000
0.997468 -0.070234 0.011151 -11.762422 0.070923 0.993972 -0.083603 90.337662 -0.005212 0.084183 0.996437 -0.789614 0.000000 0.000000 0.000000 1.000000
0.997120 -0.075673 0.005020 -11.982319 0.075824 0.993350 -0.086645 90.487114 0.001570 0.086776 0.996227 -0.272195 0.000000 0.000000 0.000000 1.000000
0.996860 -0.079106 -0.003482 -11.938656 0.078493 0.993010 -0.088142 90.724121 0.010430 0.087592 0.996102 0.162223 0.000000 0.000000 0.000000 1.000000
0.996735 -0.079639 -0.013294 -11.709738 0.078168 0.993038 -0.088125 90.978134 0.020220 0.086798 0.996021 0.508873 0.000000 0.000000 0.000000 1.000000
0.996730 -0.077234 -0.023741 -11.388764 0.074919 0.993434 -0.086460 91.184013 0.030263 0.084399 0.995972 0.785122 0.000000 0.000000 0.000000 1.000000
0.996763 -0.072798 -0.034108 -11.024998 0.069756 0.994088 -0.083200 91.326294 0.039963 0.080552 0.995949 0.999029 0.000000 0.000000 0.000000 1.000000
0.996717 -0.067978 -0.043991 -10.612587 0.064372 0.994814 -0.078747 91.431305 0.049116 0.075657 0.995924 1.141188 0.000000 0.000000 0.000000 1.000000
0.996466 -0.064486 -0.053829 -10.124938 0.060453 0.995464 -0.073461 91.514008 0.058322 0.069947 0.995844 1.198975 0.000000 0.000000 0.000000 1.000000
0.995892 -0.063482 -0.064570 -9.549827 0.059108 0.995965 -0.067533 91.546898 0.068596 0.063439 0.995625 1.164279 0.000000 0.000000 0.000000 1.000000
0.994902 -0.065475 -0.076705 -8.895795 0.060839 0.996264 -0.061298 91.485931 0.080432 0.056318 0.995168 1.031386 0.000000 0.000000 0.000000 1.000000
0.993469 -0.070548 -0.089676 -8.184874 0.065782 0.996315 -0.055038 91.307259 0.093228 0.048779 0.994449 0.801575 0.000000 0.000000 0.000000 1.000000
0.991684 -0.078240 -0.102178 -7.451774 0.073603 0.996113 -0.048394 91.017838 0.105567 0.040471 0.993588 0.496403 0.000000 0.000000 0.000000 1.000000
0.989779 -0.087087 -0.112934 -6.742842 0.082988 0.995727 -0.040510 90.655243 0.115979 0.030724 0.992776 0.163286 0.000000 0.000000 0.000000 1.000000
0.988108 -0.094656 -0.121176 -6.104140 0.091546 0.995319 -0.030990 90.285141 0.123542 0.019529 0.992147 -0.137717 0.000000 0.000000 0.000000 1.000000
0.987059 -0.098465 -0.126565 -5.567606 0.096633 0.995108 -0.020551 89.983482 0.127970 0.008055 0.991745 -0.356944 0.000000 0.000000 0.000000 1.000000
0.986896 -0.097109 -0.128867 -5.144532 0.096520 0.995272 -0.010824 89.808929 0.129308 -0.001756 0.991603 -0.470512 0.000000 0.000000 0.000000 1.000000
0.987616 -0.090891 -0.127881 -4.825458 0.091182 0.995828 -0.003587 89.780090 0.127673 -0.008118 0.991783 -0.482288 0.000000 0.000000 0.000000 1.000000
0.988939 -0.081684 -0.123803 -4.582607 0.082333 0.996605 0.000128 89.868797 0.123372 -0.010320 0.992307 -0.417407 0.000000 0.000000 0.000000 1.000000
0.990426 -0.072183 -0.117669 -4.375865 0.072756 0.997350 0.000572 90.014595 0.117316 -0.009127 0.993053 -0.311965 0.000000 0.000000 0.000000 1.000000
0.991645 -0.064942 -0.111460 -4.165299 0.065240 0.997869 -0.000976 90.155167 0.111286 -0.006304 0.993768 -0.200625 0.000000 0.000000 0.000000 1.000000
0.992281 -0.061576 -0.107639 -3.927720 0.061608 0.998096 -0.003033 90.253525 0.107621 -0.003622 0.994185 -0.105929 0.000000 0.000000 0.000000 1.000000
0.992175 -0.062292 -0.108210 -3.665833 0.062154 0.998056 -0.004651 90.305580 0.108289 -0.002111 0.994117 -0.034493 0.000000 0.000000 0.000000 1.000000
0.991334 -0.065815 -0.113690 -3.400355 0.065597 0.997830 -0.005657 90.330063 0.113816 -0.001850 0.993500 0.018715 0.000000 0.000000 0.000000 1.000000
0.989980 -0.069943 -0.122667 -3.151889 0.069673 0.997549 -0.006492 90.352402 0.122821 -0.002120 0.992427 0.061732 0.000000 0.000000 0.000000 1.000000
0.988532 -0.072716 -0.132350 -2.930098 0.072307 0.997351 -0.007902 90.390137 0.132574 -0.001758 0.991172 0.098168 0.000000 0.000000 0.000000 1.000000
0.987444 -0.073433 -0.139868 -2.735729 0.072663 0.997300 -0.010606 90.445206 0.140269 0.000310 0.990113 0.124821 0.000000 0.000000 0.000000 1.000000
0.986976 -0.072736 -0.143484 -2.565124 0.071328 0.997341 -0.014938 90.506157 0.144189 0.004510 0.989540 0.133984 0.000000 0.000000 0.000000 1.000000
0.987095 -0.071869 -0.143101 -2.409526 0.069632 0.997360 -0.020590 90.557198 0.144203 0.010360 0.989494 0.118029 0.000000 0.000000 0.000000 1.000000
0.987536 -0.071868 -0.140026 -2.254458 0.068792 0.997274 -0.026691 90.587181 0.141563 0.016725 0.989788 0.074587 0.000000 0.000000 0.000000 1.000000
0.987968 -0.073172 -0.136251 -2.085845 0.069398 0.997067 -0.032256 90.593674 0.138212 0.022412 0.990149 0.009406 0.000000 0.000000 0.000000 1.000000
0.988163 -0.075614 -0.133479 -1.898425 0.071322 0.996779 -0.036662 90.581558 0.135822 0.026708 0.990373 -0.065504 0.000000 0.000000 0.000000 1.000000
0.988089 -0.078605 -0.132290 -1.697523 0.073943 0.996468 -0.039800 90.559052 0.134951 0.029544 0.990412 -0.136537 0.000000 0.000000 0.000000 1.000000
0.987896 -0.081435 -0.132023 -1.493822 0.076515 0.996187 -0.041925 90.533806 0.134933 0.031316 0.990360 -0.192589 0.000000 0.000000 0.000000 1.000000
0.987788 -0.083589 -0.131485 -1.297571 0.078494 0.995966 -0.043473 90.510574 0.134588 0.032621 0.990364 -0.227809 0.000000 0.000000 0.000000 1.000000
0.987888 -0.084933 -0.129863 -1.115661 0.079707 0.995805 -0.044932 90.491325 0.133134 0.034037 0.990513 -0.242460 0.000000 0.000000 0.000000 1.000000
0.988184 -0.085649 -0.127109 -0.949935 0.080299 0.995679 -0.046646 90.476707 0.130555 0.035888 0.990791 -0.240834 0.000000 0.000000 0.000000 1.000000
0.988582 -0.086003 -0.123729 -0.795838 0.080523 0.995565 -0.048639 90.466660 0.127363 0.038120 0.991123 -0.227801 0.000000 0.000000 0.000000 1.000000
0.988982 -0.086158 -0.120383 -0.644854 0.080556 0.995462 -0.050659 90.460052 0.124202 0.040403 0.991434 -0.206934 0.000000 0.000000 0.000000 1.000000
0.989302 -0.086215 -0.117681 -0.491920 0.080513 0.995376 -0.052387 90.454048 0.121654 0.042351 0.991669 -0.179953 0.000000 0.000000 0.000000 1.000000
0.989480 -0.086349 -0.116072 -0.341889 0.080573 0.995308 -0.053579 90.444931 0.120153 0.043663 0.991795 -0.146616 0.000000 0.000000 0.000000 1.000000
0.989488 -0.086791 -0.115677 -0.205771 0.080964 0.995245 -0.054158 90.430328 0.119827 0.044223 0.991809 -0.106148 0.000000 0.000000 0.000000 1.000000
0.989329 -0.087708 -0.116339 -0.092500 0.081854 0.995170 -0.054184 90.409874 0.120530 0.044083 0.991730 -0.058507 0.000000 0.000000 0.000000 1.000000</float_array><technique_common><accessor source="#Zombie_Hips-Matrix-animation-output-transform-array" count="226" stride="16"><param type="float4x4"/></accessor></technique_common></source><source id="Zombie_Hips-Interpolations"><Name_array id="Zombie_Hips-Interpolations-array" count="226">
 LINEAR LINEAR LINEAR LINEAR LINEAR LINEAR LINEAR LINEAR LINEAR LINEAR LINEAR
LINEAR LINEAR LINEAR LINEAR LINEAR LINEAR LINEAR LINEAR LINEAR LINEAR LINEAR LINEAR
LINEAR LINEAR LINEAR LINEAR LINEAR LINEAR LINEAR LINEAR LINEAR LINEAR LINEAR LINEAR
LINEAR LINEAR LINEAR LINEAR LINEAR LINEAR LINEAR LINEAR LINEAR LINEAR LINEAR LINEAR
LINEAR LINEAR LINEAR LINEAR LINEAR LINEAR LINEAR LINEAR LINEAR LINEAR LINEAR LINEAR
LINEAR LINEAR LINEAR LINEAR LINEAR LINEAR LINEAR LINEAR LINEAR LINEAR LINEAR LINEAR
LINEAR LINEAR LINEAR LINEAR LINEAR LINEAR LINEAR LINEAR LINEAR LINEAR LINEAR LINEAR
LINEAR LINEAR LINEAR LINEAR LINEAR LINEAR LINEAR LINEAR LINEAR LINEAR LINEAR LINEAR
LINEAR LINEAR LINEAR LINEAR LINEAR LINEAR LINEAR LINEAR LINEAR LINEAR LINEAR LINEAR
LINEAR LINEAR LINEAR LINEAR LINEAR LINEAR LINEAR LINEAR LINEAR LINEAR LINEAR LINEAR
LINEAR LINEAR LINEAR LINEAR LINEAR LINEAR LINEAR LINEAR LINEAR LINEAR LINEAR LINEAR
LINEAR LINEAR LINEAR LINEAR LINEAR LINEAR LINEAR LINEAR LINEAR LINEAR LINEAR LINEAR
LINEAR LINEAR LINEAR LINEAR LINEAR LINEAR LINEAR LINEAR LINEAR LINEAR LINEAR LINEAR
LINEAR LINEAR LINEAR LINEAR LINEAR LINEAR LINEAR LINEAR LINEAR LINEAR LINEAR LINEAR
LINEAR LINEAR LINEAR LINEAR LINEAR LINEAR LINEAR LINEAR LINEAR LINEAR LINEAR LINEAR
LINEAR LINEAR LINEAR LINEAR LINEAR LINEAR LINEAR LINEAR LINEAR LINEAR LINEAR LINEAR
LINEAR LINEAR LINEAR LINEAR LINEAR LINEAR LINEAR LINEAR LINEAR LINEAR LINEAR LINEAR
LINEAR LINEAR LINEAR LINEAR LINEAR LINEAR LINEAR LINEAR LINEAR LINEAR LINEAR LINEAR
LINEAR LINEAR LINEAR LINEAR LINEAR LINEAR LINEAR LINEAR LINEAR LINEAR LINEAR</Name_array><technique_common><accessor source="#Zombie_Hips-Interpolations-array" count="226"><param type="name"/></accessor></technique_common></source><sampler id="Zombie_Hips-Matrix-animation-transform"><input semantic="INPUT" source="#Zombie_Hips-Matrix-animation-input"/><input semantic="OUTPUT" source="#Zombie_Hips-Matrix-animation-output-transform"/><input semantic="INTERPOLATION" source="#Zombie_Hips-Interpolations"/></sampler><channel source="#Zombie_Hips-Matrix-animation-transform" target="Zombie_Hips/matrix"/></animation>
    <animation id="Zombie_Spine-anim" name="Zombie_Spine"><source id="Zombie_Spine-Matrix-animation-input"><float_array id="Zombie_Spine-Matrix-animation-input-array" count="226">

0.000000 0.033333 0.066667 0.100000 0.133333 0.166667 0.200000 0.233333 0.266667 0.300000 0.333333 0.366667 0.400000 0.433333 0.466667 0.500000
0.533333 0.566667 0.600000 0.633333 0.666667 0.700000 0.733333 0.766667 0.800000 0.833333 0.866667 0.900000 0.933333 0.966667 1.000000 1.033333
1.066667 1.100000 1.133333 1.166667 1.200000 1.233333 1.266667 1.300000 1.333333 1.366667 1.400000 1.433333 1.466667 1.500000 1.533333 1.566667
