<?xml version="1.0" encoding="utf-8"?>
<COLLADA xmlns="http://www.collada.org/2005/11/COLLADASchema" version="1.4.1">
  <asset><contributor><author>Mixamo</author><authoring_tool>COLLADA Mixamo exporter</authoring_tool><comments></comments></contributor><created>2020-08-17T19:04:40Z</created><modified>2020-08-17T19:04:40Z</modified><revision></revision><title></title><unit meter="0.010000"/><up_axis>Y_UP</up_axis></asset>
  <library_animations>
    <animation id="Zombie_Hips-anim" name="Zombie_Hips"><source id="Zombie_Hips-Matrix-animation-input"><float_array id="Zombie_Hips-Matrix-animation-input-array" count="32">

0.000000 0.033333 0.066667 0.100000 0.133333 0.166667 0.200000 0.233333 0.266667 0.300000 0.333333 0.366667 0.400000 0.433333 0.466667 0.500000
0.533333 0.566667 0.600000 0.633333 0.666667 0.700000 0.733333 0.766667 0.800000 0.833333 0.866667 0.900000 0.933333 0.966667 1.000000 1.033333</float_array><technique_common><accessor source="#Zombie_Hips-Matrix-animation-input-array" count="32"><param name="TIME" type="float"/></accessor></technique_common></source><source id="Zombie_Hips-Matrix-animation-output-transform"><float_array id="Zombie_Hips-Matrix-animation-output-transform-array" count="512">

0.998417 0.030412 0.047322 -0.198991 -0.029599 0.999404 -0.017769 94.530518 -0.047834 0.016341 0.998722 0.003169 0.000000 0.000000 0.000000 1.000000
0.999273 0.029715 0.023872 -0.305268 -0.029294 0.999412 -0.017802 95.104767 -0.024387 0.017089 0.999557 -0.288760 0.000000 0.000000 0.000000 1.000000
0.999449 0.032930 0.004162 -0.387562 -0.032861 0.999338 -0.015606 95.105804 -0.004674 0.015460 0.999870 -0.649498 0.000000 0.000000 0.000000 1.000000
0.999318 0.035592 -0.009836 -0.407056 -0.035709 0.999290 -0.012038 94.641068 0.009400 0.012381 0.999879 -0.789104 0.000000 0.000000 0.000000 1.000000
0.999181 0.035170 -0.019996 -0.411327 -0.035379 0.999322 -0.010154 93.806976 0.019625 0.010853 0.999749 -1.088373 0.000000 0.000000 0.000000 1.000000
0.998957 0.033496 -0.031022 -0.344849 -0.033865 0.999361 -0.011416 92.794861 0.030620 0.012455 0.999454 -1.432372 0.000000 0.000000 0.000000 1.000000
0.998489 0.032431 -0.044354 -0.184361 -0.033057 0.999363 -0.013466 91.729744 0.043889 0.014912 0.998925 -1.645149 0.000000 0.000000 0.000000 1.000000
0.997835 0.031981 -0.057464 0.083559 -0.032790 0.999375 -0.013204 90.513046 0.057006 0.015059 0.998260 -1.434092 0.000000 0.000000 0.000000 1.000000
0.997298 0.029611 -0.067231 0.570149 -0.030502 0.999459 -0.012269 89.174194 0.066831 0.014287 0.997662 -0.638743 0.000000 0.000000 0.000000 1.000000
0.997158 0.022509 -0.071895 1.070078 -0.023709 0.999593 -0.015881 88.405304 0.071509 0.017540 0.997286 0.298594 0.000000 0.000000 0.000000 1.000000
0.997443 0.012123 -0.070435 1.611355 -0.013838 0.999618 -0.023917 88.180672 0.070118 0.024831 0.997230 0.928098 0.000000 0.000000 0.000000 1.000000
0.997999 0.002895 -0.063169 2.102063 -0.004729 0.999571 -0.028898 88.420303 0.063058 0.029139 0.997584 1.085879 0.000000 0.000000 0.000000 1.000000
0.998508 -0.000606 -0.054597 2.596121 -0.000830 0.999655 -0.026268 89.590431 0.054594 0.026274 0.998163 1.102162 0.000000 0.000000 0.000000 1.000000
0.998895 0.002600 -0.046929 2.994184 -0.003528 0.999800 -0.019707 91.335312 0.046868 0.019851 0.998704 1.001596 0.000000 0.000000 0.000000 1.000000
0.999334 0.011255 -0.034709 3.226593 -0.011780 0.999818 -0.014976 93.035919 0.034534 0.015374 0.999285 0.727228 0.000000 0.000000 0.000000 1.000000
0.999720 0.020900 -0.011120 3.407043 -0.021067 0.999663 -0.015195 94.526459 0.010798 0.015425 0.999823 0.565171 0.000000 0.000000 0.000000 1.000000
0.999470 0.024341 0.021598 3.528094 -0.023903 0.999508 -0.020297 95.392014 -0.022082 0.019770 0.999561 0.034409 0.000000 0.000000 0.000000 1.000000
0.998422 0.018177 0.053129 3.598571 -0.016760 0.999495 -0.026994 95.517487 -0.053593 0.026061 0.998223 -0.596624 0.000000 0.000000 0.000000 1.000000
0.997146 0.006159 0.075247 3.648077 -0.003803 0.999499 -0.031418 94.967621 -0.075403 0.031043 0.996670 -0.983302 0.000000 0.000000 0.000000 1.000000
0.996108 -0.005598 0.087965 3.710789 0.008491 0.999434 -0.032548 93.882271 -0.087733 0.033168 0.995592 -1.266122 0.000000 0.000000 0.000000 1.000000
0.995123 -0.014286 0.097601 3.719996 0.017504 0.999328 -0.032195 92.618622 -0.097075 0.033746 0.994705 -1.479824 0.000000 0.000000 0.000000 1.000000
0.993750 -0.019945 0.109837 3.671347 0.023648 0.999192 -0.032512 91.160561 -0.109099 0.034906 0.993418 -1.565302 0.000000 0.000000 0.000000 1.000000
0.991886 -0.022230 0.125170 3.506466 0.026733 0.999050 -0.034405 89.762970 -0.124286 0.037472 0.991539 -1.637149 0.000000 0.000000 0.000000 1.000000
0.990101 -0.019026 0.139060 3.090163 0.024566 0.998967 -0.038236 88.542404 -0.138189 0.041273 0.989546 -1.253688 0.000000 0.000000 0.000000 1.000000
0.989436 -0.008270 0.144737 2.549553 0.014903 0.998885 -0.044806 87.950485 -0.144205 0.046489 0.988455 -0.616723 0.000000 0.000000 0.000000 1.000000
0.990201 0.009461 0.139328 1.943515 -0.002056 0.998582 -0.053195 87.875740 -0.139634 0.052387 0.988816 -0.289464 0.000000 0.000000 0.000000 1.000000
0.991326 0.028836 0.128222 1.380241 -0.021485 0.998065 -0.058354 88.546440 -0.129657 0.055093 0.990027 -0.105898 0.000000 0.000000 0.000000 1.000000
0.991804 0.043814 0.120022 0.728520 -0.037427 0.997787 -0.054960 89.650772 -0.122164 0.050018 0.991249 -0.110501 0.000000 0.000000 0.000000 1.000000
0.992374 0.048836 0.113175 0.336619 -0.044137 0.998071 -0.043655 91.072876 -0.115089 0.038327 0.992616 -0.162907 0.000000 0.000000 0.000000 1.000000
0.993944 0.044660 0.100404 0.092282 -0.041773 0.998656 -0.030675 92.505081 -0.101639 0.026295 0.994474 0.024848 0.000000 0.000000 0.000000 1.000000
0.996288 0.036793 0.077819 -0.077408 -0.035213 0.999147 -0.021581 93.697517 -0.078547 0.018760 0.996734 0.184622 0.000000 0.000000 0.000000 1.000000
0.998417 0.030412 0.047322 -0.198992 -0.029599 0.999404 -0.017769 94.530510 -0.047834 0.016341 0.998722 0.003172 0.000000 0.000000 0.000000 1.000000</float_array><technique_common><accessor source="#Zombie_Hips-Matrix-animation-output-transform-array" count="32" stride="16"><param type="float4x4"/></accessor></technique_common></source><source id="Zombie_Hips-Interpolations"><Name_array id="Zombie_Hips-Interpolations-array" count="32">
 LINEAR LINEAR LINEAR LINEAR LINEAR LINEAR LINEAR LINEAR LINEAR LINEAR LINEAR
LINEAR LINEAR LINEAR LINEAR LINEAR LINEAR LINEAR LINEAR LINEAR LINEAR LINEAR LINEAR
LINEAR LINEAR LINEAR LINEAR LINEAR LINEAR LINEAR LINEAR LINEAR</Name_array><technique_common><accessor source="#Zombie_Hips-Interpolations-array" count="32"><param type="name"/></accessor></technique_common></source><sampler id="Zombie_Hips-Matrix-animation-transform"><input semantic="INPUT" source="#Zombie_Hips-Matrix-animation-input"/><input semantic="OUTPUT" source="#Zombie_Hips-Matrix-animation-output-transform"/><input semantic="INTERPOLATION" source="#Zombie_Hips-Interpolations"/></sampler><channel source="#Zombie_Hips-Matrix-animation-transform" target="Zombie_Hips/matrix"/></animation>
    <animation id="Zombie_Spine-anim" name="Zombie_Spine"><source id="Zombie_Spine-Matrix-animation-input"><float_array id="Zombie_Spine-Matrix-animation-input-array" count="32">

0.000000 0.033333 0.066667 0.100000 0.133333 0.166667 0.200000 0.233333 0.266667 0.300000 0.333333 0.366667 0.400000 0.433333 0.466667 0.500000
0.533333 0.566667 0.600000 0.633333 0.666667 0.700000 0.733333 0.766667 0.800000 0.833333 0.866667 0.900000 0.933333 0.966667 1.000000 1.033333</float_array><technique_common><accessor source="#Zombie_Spine-Matrix-animation-input-array" count="32"><param name="TIME" type="float"/></accessor></technique_common></source><source id="Zombie_Spine-Matrix-animation-output-transform"><float_array id="Zombie_Spine-Matrix-animation-output-transform-array" count="512">

0.999949 -0.008237 0.005796 -0.000000 0.008256 0.999960 -0.003350 9.226300 -0.005769 0.003397 0.999978 1.577100 0.000000 0.000000 0.000000 1.000000
0.999922 -0.004475 0.011631 -0.000000 0.004518 0.999983 -0.003679 9.226300 -0.011615 0.003731 0.999926 1.577100 0.000000 0.000000 0.000000 1.000000
0.999860 -0.002131 0.016600 0.000000 0.002225 0.999982 -0.005610 9.226300 -0.016588 0.005647 0.999846 1.577100 0.000000 0.000000 0.000000 1.000000
0.999792 -0.000868 0.020361 -0.000000 0.001002 0.999978 -0.006570 9.226300 -0.020354 0.006589 0.999771 1.577100 0.000000 0.000000 0.000000 1.000000
0.999729 0.001023 0.023251 -0.000000 -0.000839 0.999968 -0.007918 9.226300 -0.023258 0.007896 0.999698 1.577100 0.000000 0.000000 0.000000 1.000000
0.999646 0.003056 0.026430 0.000000 -0.002841 0.999962 -0.008195 9.226300 -0.026455 0.008117 0.999617 1.577100 0.000000 0.000000 0.000000 1.000000
0.999530 0.005346 0.030172 0.000000 -0.005106 0.999955 -0.008021 9.226300 -0.030213 0.007863 0.999513 1.577100 0.000000 0.000000 0.000000 1.000000
0.999395 0.007436 0.033973 0.000000 -0.007181 0.999945 -0.007630 9.226300 -0.034028 0.007381 0.999394 1.577100 0.000000 0.000000 0.000000 1.000000
0.999274 0.009362 0.036933 0.000000 -0.009126 0.999937 -0.006558 9.226300 -0.036992 0.006216 0.999296 1.577100 0.000000 0.000000 0.000000 1.000000
0.999203 0.011814 0.038123 -0.000000 -0.011717 0.999928 -0.002774 9.226300 -0.038153 0.002325 0.999269 1.577100 0.000000 0.000000 0.000000 1.000000
0.999196 0.015133 0.037126 0.000000 -0.015234 0.999881 0.002445 9.226300 -0.037084 -0.003009 0.999308 1.577100 0.000000 0.000000 0.000000 1.000000
0.999274 0.017670 0.033761 -0.000000 -0.017831 0.999831 0.004479 9.226300 -0.033676 -0.005078 0.999420 1.577100 0.000000 0.000000 0.000000 1.000000
0.999426 0.017274 0.029128 -0.000000 -0.017366 0.999845 0.002899 9.226300 -0.029073 -0.003403 0.999571 1.577100 0.000000 0.000000 0.000000 1.000000
0.999590 0.015849 0.023853 -0.000000 -0.015864 0.999874 0.000461 9.226300 -0.023842 -0.000839 0.999715 1.577100 0.000000 0.000000 0.000000 1.000000
0.999770 0.012561 0.017366 0.000000 -0.012538 0.999920 -0.001392 9.226300 -0.017382 0.001174 0.999848 1.577100 0.000000 0.000000 0.000000 1.000000
0.999927 0.007917 0.009133 0.000000 -0.007900 0.999967 -0.001860 9.226300 -0.009148 0.001788 0.999957 1.577100 0.000000 0.000000 0.000000 1.000000
0.999990 0.004563 0.000165 -0.000000 -0.004562 0.999986 -0.002598 9.226300 -0.000177 0.002597 0.999997 1.577100 0.000000 0.000000 0.000000 1.000000
0.999966 0.003608 -0.007403 -0.000000 -0.003633 0.999988 -0.003318 9.226300 0.007391 0.003344 0.999967 1.577100 0.000000 0.000000 0.000000 1.000000
0.999915 0.004117 -0.012389 0.000000 -0.004166 0.999984 -0.003943 9.226300 0.012372 0.003995 0.999915 1.577100 0.000000 0.000000 0.000000 1.000000
0.999877 0.003644 -0.015254 -0.000000 -0.003729 0.999978 -0.005567 9.226300 0.015233 0.005623 0.999868 1.577100 0.000000 0.000000 0.000000 1.000000
0.999840 0.003192 -0.017624 0.000000 -0.003319 0.999969 -0.007179 9.226300 0.017600 0.007236 0.999819 1.577100 0.000000 0.000000 0.000000 1.000000
0.999785 0.001801 -0.020644 0.000000 -0.001967 0.999966 -0.008062 9.226300 0.020628 0.008101 0.999754 1.577100 0.000000 0.000000 0.000000 1.000000
0.999706 -0.000514 -0.024242 0.000000 0.000315 0.999966 -0.008225 9.226300 0.024245 0.008215 0.999672 1.577100 0.000000 0.000000 0.000000 1.000000
0.999624 -0.002835 -0.027266 0.000000 0.002667 0.999977 -0.006182 9.226300 0.027283 0.006107 0.999609 1.577100 0.000000 0.000000 0.000000 1.000000
0.999587 -0.005708 -0.028155 0.000000 0.005667 0.999983 -0.001528 9.226300 0.028164 0.001368 0.999602 1.577100 0.000000 0.000000 0.000000 1.000000
0.999612 -0.009075 -0.026344 0.000000 0.009164 0.999953 0.003280 9.226300 0.026313 -0.003520 0.999648 1.577100 0.000000 0.000000 0.000000 1.000000
0.999653 -0.013503 -0.022617 0.000000 0.013634 0.999891 0.005635 9.226300 0.022539 -0.005941 0.999728 1.577100 0.000000 0.000000 0.000000 1.000000
0.999666 -0.017199 -0.019277 -0.000000 0.017287 0.999841 0.004416 9.226300 0.019198 -0.004748 0.999804 1.577100 0.000000 0.000000 0.000000 1.000000
0.999700 -0.019039 -0.015421 0.000000 0.019061 0.999817 0.001312 9.226300 0.015393 -0.001605 0.999880 1.577100 0.000000 0.000000 0.000000 1.000000
0.999806 -0.017066 -0.009884 0.000000 0.017054 0.999854 -0.001217 9.226300 0.009903 0.001048 0.999950 1.577100 0.000000 0.000000 0.000000 1.000000
0.999917 -0.012622 -0.002519 0.000000 0.012617 0.999918 -0.002196 9.226300 0.002547 0.002164 0.999994 1.577100 0.000000 0.000000 0.000000 1.000000
0.999949 -0.008237 0.005796 0.000000 0.008256 0.999960 -0.003349 9.226300 -0.005769 0.003397 0.999978 1.577100 0.000000 0.000000 0.000000 1.000000</float_array><technique_common><accessor source="#Zombie_Spine-Matrix-animation-output-transform-array" count="32" stride="16"><param type="float4x4"/></accessor></technique_common></source><source id="Zombie_Spine-Interpolations"><Name_array id="Zombie_Spine-Interpolations-array" count="32">
 LINEAR LINEAR LINEAR LINEAR LINEAR LINEAR LINEAR LINEAR LINEAR LINEAR LINEAR
LINEAR LINEAR LINEAR LINEAR LINEAR LINEAR LINEAR LINEAR LINEAR LINEAR LINEAR LINEAR
LINEAR LINEAR LINEAR LINEAR LINEAR LINEAR LINEAR LINEAR LINEAR</Name_array><technique_common><accessor source="#Zombie_Spine-Interpolations-array" count="32"><param type="name"/></accessor></technique_common></source><sampler id="Zombie_Spine-Matrix-animation-transform"><input semantic="INPUT" source="#Zombie_Spine-Matrix-animation-input"/><input semantic="OUTPUT" source="#Zombie_Spine-Matrix-animation-output-transform"/><input semantic="INTERPOLATION" source="#Zombie_Spine-Interpolations"/></sampler><channel source="#Zombie_Spine-Matrix-animation-transform" target="Zombie_Spine/matrix"/></animation>
    <animation id="Zombie_Spine1-anim" name="Zombie_Spine1"><source id="Zombie_Spine1-Matrix-animation-input"><float_array id="Zombie_Spine1-Matrix-animation-input-array" count="32">

0.000000 0.033333 0.066667 0.100000 0.133333 0.166667 0.200000 0.233333 0.266667 0.300000 0.333333 0.366667 0.400000 0.433333 0.466667 0.500000
0.533333 0.566667 0.600000 0.633333 0.666667 0.700000 0.733333 0.766667 0.800000 0.833333 0.866667 0.900000 0.933333 0.966667 1.000000 1.033333</float_array><technique_common><accessor source="#Zombie_Spine1-Matrix-animation-input-array" count="32"><param name="TIME" type="float"/></accessor></technique_common></source><source id="Zombie_Spine1-Matrix-animation-output-transform"><float_array id="Zombie_Spine1-Matrix-animation-output-transform-array" count="512">

0.999889 -0.008672 0.012085 0.000000 0.008754 0.999939 -0.006719 16.254000 -0.012026 0.006824 0.999904 -0.165600 0.000000 0.000000 0.000000 1.000000
0.999723 -0.002610 0.023377 -0.000000 0.002784 0.999969 -0.007415 16.254000 -0.023357 0.007478 0.999699 -0.165600 0.000000 0.000000 0.000000 1.000000
0.999450 0.000762 0.033156 0.000000 -0.000388 0.999936 -0.011306 16.254000 -0.033163 0.011286 0.999386 -0.165600 0.000000 0.000000 0.000000 1.000000
0.999167 0.002412 0.040744 0.000000 -0.001874 0.999911 -0.013241 16.254000 -0.040772 0.013154 0.999082 -0.165600 0.000000 0.000000 0.000000 1.000000
0.998865 0.005285 0.047338 0.000000 -0.004534 0.999862 -0.015960 16.254000 -0.047416 0.015728 0.998751 -0.165600 0.000000 0.000000 0.000000 1.000000
0.998454 0.009311 0.054799 -0.000000 -0.008413 0.999827 -0.016585 16.254000 -0.054944 0.016098 0.998360 -0.165600 0.000000 0.000000 0.000000 1.000000
0.997879 0.013702 0.063641 -0.000000 -0.012687 0.999786 -0.016329 16.254000 -0.063851 0.015487 0.997839 -0.165600 0.000000 0.000000 0.000000 1.000000
0.997228 0.017380 0.072346 0.000000 -0.016290 0.999745 -0.015632 16.254000 -0.072600 0.014410 0.997257 -0.165600 0.000000 0.000000 0.000000 1.000000
0.996679 0.020531 0.078799 -0.000000 -0.019522 0.999717 -0.013559 16.254000 -0.079055 0.011976 0.996798 -0.165600 0.000000 0.000000 0.000000 1.000000
0.996396 0.024177 0.081299 0.000000 -0.023764 0.999699 -0.006050 16.254000 -0.081421 0.004096 0.996671 -0.165600 0.000000 0.000000 0.000000 1.000000
0.996446 0.030180 0.078644 -0.000000 -0.030612 0.999522 0.004285 16.254000 -0.078477 -0.006677 0.996894 -0.165600 0.000000 0.000000 0.000000 1.000000
0.996911 0.034275 0.070662 0.000000 -0.034952 0.999354 0.008370 16.254000 -0.070329 -0.010814 0.997465 -0.165600 0.000000 0.000000 0.000000 1.000000
0.997703 0.032269 0.059556 0.000000 -0.032646 0.999453 0.005374 16.254000 -0.059350 -0.007306 0.998210 -0.165600 0.000000 0.000000 0.000000 1.000000
0.998475 0.027923 0.047614 0.000000 -0.027987 0.999608 0.000678 16.254000 -0.047576 -0.002010 0.998866 -0.165600 0.000000 0.000000 0.000000 1.000000
0.999203 0.020599 0.034197 -0.000000 -0.020512 0.999785 -0.002881 16.254000 -0.034249 0.002177 0.999411 -0.165600 0.000000 0.000000 0.000000 1.000000
0.999763 0.012330 0.017928 -0.000000 -0.012265 0.999918 -0.003743 16.254000 -0.017973 0.003522 0.999832 -0.165600 0.000000 0.000000 0.000000 1.000000
0.999973 0.007383 0.000239 -0.000000 -0.007382 0.999959 -0.005196 16.254000 -0.000277 0.005194 0.999986 -0.165600 0.000000 0.000000 0.000000 1.000000
0.999868 0.006547 -0.014877 0.000000 -0.006646 0.999956 -0.006615 16.254000 0.014833 0.006713 0.999867 -0.165600 0.000000 0.000000 0.000000 1.000000
0.999659 0.007813 -0.024918 0.000000 -0.008011 0.999937 -0.007842 16.254000 0.024855 0.008038 0.999659 -0.165600 0.000000 0.000000 0.000000 1.000000
0.999496 0.006441 -0.031079 0.000000 -0.006789 0.999915 -0.011092 16.254000 0.031005 0.011298 0.999455 -0.165600 0.000000 0.000000 0.000000 1.000000
0.999319 0.004626 -0.036620 0.000000 -0.005154 0.999884 -0.014339 16.254000 0.036550 0.014518 0.999226 -0.165600 0.000000 0.000000 0.000000 1.000000
0.999040 0.001341 -0.043787 0.000000 -0.002050 0.999868 -0.016144 16.254000 0.043760 0.016218 0.998910 -0.165600 0.000000 0.000000 0.000000 1.000000
0.998636 -0.002923 -0.052133 0.000000 0.002064 0.999861 -0.016519 16.254000 0.052174 0.016389 0.998504 -0.165600 0.000000 0.000000 0.000000 1.000000
0.998240 -0.006535 -0.058937 0.000000 0.005809 0.999905 -0.012468 16.254000 0.059013 0.012103 0.998184 -0.165600 0.000000 0.000000 0.000000 1.000000
0.998082 -0.011059 -0.060903 0.000000 0.010883 0.999936 -0.003211 16.254000 0.060935 0.002542 0.998139 -0.165600 0.000000 0.000000 0.000000 1.000000
0.998264 -0.016369 -0.056585 0.000000 0.016756 0.999839 0.006367 16.254000 0.056472 -0.007304 0.998377 -0.165600 0.000000 0.000000 0.000000 1.000000
0.998541 -0.024261 -0.048245 0.000000 0.024821 0.999631 0.011030 16.254000 0.047959 -0.012211 0.998775 -0.165600 0.000000 0.000000 0.000000 1.000000
0.998840 -0.028126 -0.039073 0.000000 0.028485 0.999557 0.008673 16.254000 0.038811 -0.009776 0.999199 -0.165600 0.000000 0.000000 0.000000 1.000000
0.999166 -0.028057 -0.029660 0.000000 0.028146 0.999601 0.002566 16.254000 0.029576 -0.003398 0.999557 -0.165600 0.000000 0.000000 0.000000 1.000000
0.999563 -0.023243 -0.018239 0.000000 0.023202 0.999728 -0.002436 16.254000 0.018291 0.002012 0.999831 -0.165600 0.000000 0.000000 0.000000 1.000000
0.999866 -0.015886 -0.003969 0.000000 0.015869 0.999864 -0.004386 16.254000 0.004038 0.004323 0.999983 -0.165600 0.000000 0.000000 0.000000 1.000000
0.999889 -0.008672 0.012085 0.000000 0.008754 0.999939 -0.006718 16.254000 -0.012026 0.006823 0.999904 -0.165600 0.000000 0.000000 0.000000 1.000000</float_array><technique_common><accessor source="#Zombie_Spine1-Matrix-animation-output-transform-array" count="32" stride="16"><param type="float4x4"/></accessor></technique_common></source><source id="Zombie_Spine1-Interpolations"><Name_array id="Zombie_Spine1-Interpolations-array" count="32">
 LINEAR LINEAR LINEAR LINEAR LINEAR LINEAR LINEAR LINEAR LINEAR LINEAR LINEAR
LINEAR LINEAR LINEAR LINEAR LINEAR LINEAR LINEAR LINEAR LINEAR LINEAR LINEAR LINEAR
LINEAR LINEAR LINEAR LINEAR LINEAR LINEAR LINEAR LINEAR LINEAR</Name_array><technique_common><accessor source="#Zombie_Spine1-Interpolations-array" count="32"><param type="name"/></accessor></technique_common></source><sampler id="Zombie_Spine1-Matrix-animation-transform"><input semantic="INPUT" source="#Zombie_Spine1-Matrix-animation-input"/><input semantic="OUTPUT" source="#Zombie_Spine1-Matrix-animation-output-transform"/><input semantic="INTERPOLATION" source="#Zombie_Spine1-Interpolations"/></sampler><channel source="#Zombie_Spine1-Matrix-animation-transform" target="Zombie_Spine1/matrix"/></animation>
    <animation id="Zombie_Spine2-anim" name="Zombie_Spine2"><source id="Zombie_Spine2-Matrix-animation-input"><float_array id="Zombie_Spine2-Matrix-animation-input-array" count="32">

0.000000 0.033333 0.066667 0.100000 0.133333 0.166667 0.200000 0.233333 0.266667 0.300000 0.333333 0.366667 0.400000 0.433333 0.466667 0.500000
0.533333 0.566667 0.600000 0.633333 0.666667 0.700000 0.733333 0.766667 0.800000 0.833333 0.866667 0.900000 0.933333 0.966667 1.000000 1.033333</float_array><technique_common><accessor source="#Zombie_Spine2-Matrix-animation-input-array" count="32"><param name="TIME" type="float"/></accessor></technique_common></source><source id="Zombie_Spine2-Matrix-animation-output-transform"><float_array id="Zombie_Spine2-Matrix-animation-output-transform-array" count="512">

0.999889 -0.008672 0.012085 0.000000 0.008754 0.999939 -0.006719 13.639600 -0.012026 0.006824 0.999904 -1.292300 0.000000 0.000000 0.000000 1.000000
0.999723 -0.002609 0.023377 0.000000 0.002784 0.999969 -0.007415 13.639600 -0.023357 0.007478 0.999699 -1.292300 0.000000 0.000000 0.000000 1.000000
0.999450 0.000762 0.033156 0.000000 -0.000388 0.999936 -0.011306 13.639600 -0.033163 0.011286 0.999386 -1.292300 0.000000 0.000000 0.000000 1.000000
0.999167 0.002412 0.040744 0.000000 -0.001874 0.999911 -0.013241 13.639600 -0.040772 0.013154 0.999082 -1.292300 0.000000 0.000000 0.000000 1.000000
0.998865 0.005285 0.047338 -0.000000 -0.004534 0.999862 -0.015960 13.639600 -0.047416 0.015728 0.998751 -1.292300 0.000000 0.000000 0.000000 1.000000
0.998454 0.009311 0.054799 0.000000 -0.008413 0.999827 -0.016585 13.639600 -0.054944 0.016098 0.998360 -1.292300 0.000000 0.000000 0.000000 1.000000
0.997879 0.013702 0.063641 -0.000000 -0.012687 0.999786 -0.016329 13.639600 -0.063851 0.015487 0.997839 -1.292300 0.000000 0.000000 0.000000 1.000000
0.997228 0.017380 0.072346 -0.000000 -0.016290 0.999745 -0.015632 13.639600 -0.072600 0.014410 0.997257 -1.292300 0.000000 0.000000 0.000000 1.000000
0.996679 0.020531 0.078799 0.000000 -0.019522 0.999717 -0.013559 13.639600 -0.079055 0.011976 0.996798 -1.292300 0.000000 0.000000 0.000000 1.000000
0.996396 0.024177 0.081299 0.000000 -0.023764 0.999699 -0.006050 13.639600 -0.081421 0.004096 0.996671 -1.292300 0.000000 0.000000 0.000000 1.000000
0.996446 0.030180 0.078644 0.000000 -0.030612 0.999522 0.004285 13.639600 -0.078477 -0.006677 0.996894 -1.292300 0.000000 0.000000 0.000000 1.000000
0.996911 0.034275 0.070662 0.000000 -0.034952 0.999354 0.008370 13.639600 -0.070329 -0.010814 0.997465 -1.292300 0.000000 0.000000 0.000000 1.000000
0.997703 0.032269 0.059556 0.000000 -0.032646 0.999453 0.005374 13.639600 -0.059350 -0.007306 0.998210 -1.292300 0.000000 0.000000 0.000000 1.000000
0.998475 0.027923 0.047614 -0.000000 -0.027987 0.999608 0.000678 13.639600 -0.047576 -0.002010 0.998866 -1.292300 0.000000 0.000000 0.000000 1.000000
0.999203 0.020599 0.034197 -0.000000 -0.020512 0.999785 -0.002881 13.639600 -0.034249 0.002177 0.999411 -1.292300 0.000000 0.000000 0.000000 1.000000
0.999763 0.012330 0.017928 0.000000 -0.012265 0.999918 -0.003743 13.639600 -0.017973 0.003522 0.999832 -1.292300 0.000000 0.000000 0.000000 1.000000
0.999973 0.007383 0.000239 -0.000000 -0.007382 0.999959 -0.005196 13.639600 -0.000277 0.005194 0.999986 -1.292300 0.000000 0.000000 0.000000 1.000000
0.999868 0.006547 -0.014877 -0.000000 -0.006646 0.999956 -0.006615 13.639600 0.014833 0.006713 0.999867 -1.292300 0.000000 0.000000 0.000000 1.000000
0.999659 0.007813 -0.024918 -0.000000 -0.008011 0.999937 -0.007842 13.639600 0.024855 0.008038 0.999659 -1.292300 0.000000 0.000000 0.000000 1.000000
0.999496 0.006441 -0.031079 0.000000 -0.006789 0.999915 -0.011092 13.639600 0.031005 0.011298 0.999455 -1.292300 0.000000 0.000000 0.000000 1.000000
0.999319 0.004626 -0.036620 0.000000 -0.005154 0.999884 -0.014339 13.639600 0.036550 0.014518 0.999226 -1.292300 0.000000 0.000000 0.000000 1.000000
0.999040 0.001341 -0.043787 0.000000 -0.002050 0.999868 -0.016144 13.639600 0.043760 0.016218 0.998910 -1.292300 0.000000 0.000000 0.000000 1.000000
0.998636 -0.002923 -0.052133 -0.000000 0.002064 0.999861 -0.016519 13.639600 0.052174 0.016389 0.998504 -1.292300 0.000000 0.000000 0.000000 1.000000
0.998240 -0.006534 -0.058937 0.000000 0.005809 0.999905 -0.012468 13.639600 0.059013 0.012103 0.998184 -1.292300 0.000000 0.000000 0.000000 1.000000
0.998082 -0.011059 -0.060903 0.000000 0.010883 0.999936 -0.003211 13.639600 0.060935 0.002542 0.998139 -1.292300 0.000000 0.000000 0.000000 1.000000
0.998264 -0.016369 -0.056585 0.000000 0.016756 0.999839 0.006367 13.639600 0.056472 -0.007304 0.998377 -1.292300 0.000000 0.000000 0.000000 1.000000
0.998541 -0.024261 -0.048245 0.000000 0.024821 0.999631 0.011030 13.639600 0.047959 -0.012211 0.998775 -1.292300 0.000000 0.000000 0.000000 1.000000
0.998840 -0.028126 -0.039072 0.000000 0.028485 0.999557 0.008673 13.639600 0.038811 -0.009776 0.999199 -1.292300 0.000000 0.000000 0.000000 1.000000
0.999166 -0.028057 -0.029660 0.000000 0.028146 0.999601 0.002566 13.639600 0.029576 -0.003398 0.999557 -1.292300 0.000000 0.000000 0.000000 1.000000
0.999563 -0.023243 -0.018239 0.000000 0.023202 0.999728 -0.002436 13.639600 0.018291 0.002012 0.999831 -1.292300 0.000000 0.000000 0.000000 1.000000
0.999866 -0.015886 -0.003969 -0.000000 0.015869 0.999864 -0.004386 13.639600 0.004038 0.004323 0.999983 -1.292300 0.000000 0.000000 0.000000 1.000000
0.999889 -0.008672 0.012085 -0.000000 0.008754 0.999939 -0.006718 13.639600 -0.012026 0.006823 0.999904 -1.292300 0.000000 0.000000 0.000000 1.000000</float_array><technique_common><accessor source="#Zombie_Spine2-Matrix-animation-output-transform-array" count="32" stride="16"><param type="float4x4"/></accessor></technique_common></source><source id="Zombie_Spine2-Interpolations"><Name_array id="Zombie_Spine2-Interpolations-array" count="32">
 LINEAR LINEAR LINEAR LINEAR LINEAR LINEAR LINEAR LINEAR LINEAR LINEAR LINEAR
LINEAR LINEAR LINEAR LINEAR LINEAR LINEAR LINEAR LINEAR LINEAR LINEAR LINEAR LINEAR
LINEAR LINEAR LINEAR LINEAR LINEAR LINEAR LINEAR LINEAR LINEAR</Name_array><technique_common><accessor source="#Zombie_Spine2-Interpolations-array" count="32"><param type="name"/></accessor></technique_common></source><sampler id="Zombie_Spine2-Matrix-animation-transform"><input semantic="INPUT" source="#Zombie_Spine2-Matrix-animation-input"/><input semantic="OUTPUT" source="#Zombie_Spine2-Matrix-animation-output-transform"/><input semantic="INTERPOLATION" source="#Zombie_Spine2-Interpolations"/></sampler><channel source="#Zombie_Spine2-Matrix-animation-transform" target="Zombie_Spine2/matrix"/></animation>
    <animation id="Zombie_Neck-anim" name="Zombie_Neck"><source id="Zombie_Neck-Matrix-animation-input"><float_array id="Zombie_Neck-Matrix-animation-input-array" count="32">

0.000000 0.033333 0.066667 0.100000 0.133333 0.166667 0.200000 0.233333 0.266667 0.300000 0.333333 0.366667 0.400000 0.433333 0.466667 0.500000
0.533333 0.566667 0.600000 0.633333 0.666667 0.700000 0.733333 0.766667 0.800000 0.833333 0.866667 0.900000 0.933333 0.966667 1.000000 1.033333</float_array><technique_common><accessor source="#Zombie_Neck-Matrix-animation-input-array" count="32"><param name="TIME" type="float"/></accessor></technique_common></source><source id="Zombie_Neck-Matrix-animation-output-transform"><float_array id="Zombie_Neck-Matrix-animation-output-transform-array" count="512">

0.999984 0.005273 -0.001991 -0.000000 -0.005273 0.999986 0.000003 13.877400 0.001991 0.000007 0.999998 -4.354200 0.000000 0.000000 0.000000 1.000000
0.999994 0.002035 -0.002690 0.000000 -0.002042 0.999995 -0.002359 13.877400 0.002685 0.002365 0.999994 -4.354200 0.000000 0.000000 0.000000 1.000000
0.999991 -0.002251 -0.003725 -0.000000 0.002242 0.999994 -0.002602 13.877400 0.003730 0.002594 0.999990 -4.354200 0.000000 0.000000 0.000000 1.000000
0.999977 -0.005211 -0.004390 0.000000 0.005181 0.999964 -0.006729 13.877400 0.004425 0.006707 0.999968 -4.354200 0.000000 0.000000 0.000000 1.000000
0.999948 -0.008804 -0.005215 0.000000 0.008757 0.999921 -0.008992 13.877400 0.005294 0.008945 0.999946 -4.354200 0.000000 0.000000 0.000000 1.000000
0.999891 -0.013285 -0.006415 0.000000 0.013213 0.999851 -0.011140 13.877400 0.006562 0.011054 0.999917 -4.354200 0.000000 0.000000 0.000000 1.000000
0.999805 -0.018101 -0.007920 0.000000 0.018011 0.999774 -0.011265 13.877400 0.008122 0.011121 0.999905 -4.354200 0.000000 0.000000 0.000000 1.000000
0.999731 -0.021299 -0.009126 0.000000 0.021227 0.999743 -0.007912 13.877400 0.009293 0.007716 0.999927 -4.354200 0.000000 0.000000 0.000000 1.000000
0.999724 -0.021528 -0.009425 0.000000 0.021510 0.999767 -0.002009 13.877400 0.009466 0.001806 0.999954 -4.354200 0.000000 0.000000 0.000000 1.000000
0.999761 -0.019971 -0.008871 0.000000 0.019952 0.999798 -0.002222 13.877400 0.008914 0.002045 0.999958 -4.354200 0.000000 0.000000 0.000000 1.000000
0.999771 -0.019804 -0.008144 -0.000000 0.019758 0.999789 -0.005686 13.877400 0.008255 0.005524 0.999951 -4.354200 0.000000 0.000000 0.000000 1.000000
0.999818 -0.017788 -0.006861 -0.000000 0.017755 0.999831 -0.004800 13.877400 0.006945 0.004678 0.999965 -4.354200 0.000000 0.000000 0.000000 1.000000
0.999915 -0.012128 -0.004694 0.000000 0.012110 0.999919 -0.003897 13.877400 0.004741 0.003840 0.999981 -4.354200 0.000000 0.000000 0.000000 1.000000
0.999959 -0.008603 -0.002977 0.000000 0.008586 0.999946 -0.005839 13.877400 0.003027 0.005814 0.999979 -4.354200 0.000000 0.000000 0.000000 1.000000
0.999983 -0.005584 -0.001385 0.000000 0.005572 0.999949 -0.008398 13.877400 0.001432 0.008390 0.999964 -4.354200 0.000000 0.000000 0.000000 1.000000
0.999996 -0.002899 0.000092 0.000000 0.002900 0.999912 -0.012962 13.877400 -0.000055 0.012962 0.999916 -4.354200 0.000000 0.000000 0.000000 1.000000
0.999998 -0.001876 0.001181 0.000000 0.001893 0.999898 -0.014160 13.877400 -0.001155 0.014162 0.999899 -4.354200 0.000000 0.000000 0.000000 1.000000
0.999997 -0.001550 0.002003 0.000000 0.001578 0.999901 -0.013969 13.877400 -0.001981 0.013972 0.999900 -4.354200 0.000000 0.000000 0.000000 1.000000
0.999996 -0.000938 0.002649 -0.000000 0.000976 0.999895 -0.014491 13.877400 -0.002635 0.014493 0.999891 -4.354200 0.000000 0.000000 0.000000 1.000000
0.999990 0.002692 0.003626 -0.000000 -0.002643 0.999906 -0.013455 13.877400 -0.003662 0.013446 0.999903 -4.354200 0.000000 0.000000 0.000000 1.000000
0.999978 0.005224 0.004112 0.000000 -0.005170 0.999901 -0.013055 13.877400 -0.004180 0.013033 0.999906 -4.354200 0.000000 0.000000 0.000000 1.000000
0.999954 0.008347 0.004673 0.000000 -0.008295 0.999905 -0.010988 13.877400 -0.004764 0.010949 0.999929 -4.354200 0.000000 0.000000 0.000000 1.000000
0.999916 0.011794 0.005418 0.000000 -0.011763 0.999914 -0.005712 13.877400 -0.005485 0.005648 0.999969 -4.354200 0.000000 0.000000 0.000000 1.000000
0.999898 0.013061 0.005699 0.000000 -0.013057 0.999914 -0.000791 13.877400 -0.005709 0.000716 0.999983 -4.354200 0.000000 0.000000 0.000000 1.000000
0.999893 0.013480 0.005594 0.000000 -0.013477 0.999909 -0.000522 13.877400 -0.005600 0.000446 0.999984 -4.354200 0.000000 0.000000 0.000000 1.000000
0.999923 0.011453 0.004704 0.000000 -0.011454 0.999934 0.000242 13.877400 -0.004701 -0.000296 0.999989 -4.354200 0.000000 0.000000 0.000000 1.000000
0.999934 0.010843 0.003878 -0.000000 -0.010854 0.999938 0.002621 13.877400 -0.003849 -0.002663 0.999989 -4.354200 0.000000 0.000000 0.000000 1.000000
0.999971 0.007256 0.002273 0.000000 -0.007271 0.999950 0.006871 13.877400 -0.002223 -0.006888 0.999974 -4.354200 0.000000 0.000000 0.000000 1.000000
0.999988 0.004794 0.000858 -0.000000 -0.004801 0.999947 0.009097 13.877400 -0.000814 -0.009101 0.999958 -4.354200 0.000000 0.000000 0.000000 1.000000
0.999996 0.002857 -0.000481 0.000000 -0.002854 0.999969 0.007376 13.877400 0.000502 -0.007375 0.999973 -4.354200 0.000000 0.000000 0.000000 1.000000
0.999996 0.002488 -0.001525 0.000000 -0.002483 0.999993 0.002851 13.877400 0.001532 -0.002847 0.999995 -4.354200 0.000000 0.000000 0.000000 1.000000
0.999984 0.005273 -0.001991 0.000000 -0.005273 0.999986 0.000003 13.877400 0.001991 0.000007 0.999998 -4.354200 0.000000 0.000000 0.000000 1.000000</float_array><technique_common><accessor source="#Zombie_Neck-Matrix-animation-output-transform-array" count="32" stride="16"><param type="float4x4"/></accessor></technique_common></source><source id="Zombie_Neck-Interpolations"><Name_array id="Zombie_Neck-Interpolations-array" count="32">
 LINEAR LINEAR LINEAR LINEAR LINEAR LINEAR LINEAR LINEAR LINEAR LINEAR LINEAR
LINEAR LINEAR LINEAR LINEAR LINEAR LINEAR LINEAR LINEAR LINEAR LINEAR LINEAR LINEAR
LINEAR LINEAR LINEAR LINEAR LINEAR LINEAR LINEAR LINEAR LINEAR</Name_array><technique_common><accessor source="#Zombie_Neck-Interpolations-array" count="32"><param type="name"/></accessor></technique_common></source><sampler id="Zombie_Neck-Matrix-animation-transform"><input semantic="INPUT" source="#Zombie_Neck-Matrix-animation-input"/><input semantic="OUTPUT" source="#Zombie_Neck-Matrix-animation-output-transform"/><input semantic="INTERPOLATION" source="#Zombie_Neck-Interpolations"/></sampler><channel source="#Zombie_Neck-Matrix-animation-transform" target="Zombie_Neck/matrix"/></animation>
    <animation id="Zombie_Neck1-anim" name="Zombie_Neck1"><source id="Zombie_Neck1-Matrix-animation-input"><float_array id="Zombie_Neck1-Matrix-animation-input-array" count="32">

0.000000 0.033333 0.066667 0.100000 0.133333 0.166667 0.200000 0.233333 0.266667 0.300000 0.333333 0.366667 0.400000 0.433333 0.466667 0.500000
0.533333 0.566667 0.600000 0.633333 0.666667 0.700000 0.733333 0.766667 0.800000 0.833333 0.866667 0.900000 0.933333 0.966667 1.000000 1.033333</float_array><technique_common><accessor source="#Zombie_Neck1-Matrix-animation-input-array" count="32"><param name="TIME" type="float"/></accessor></technique_common></source><source id="Zombie_Neck1-Matrix-animation-output-transform"><float_array id="Zombie_Neck1-Matrix-animation-output-transform-array" count="512">

0.999984 0.005273 -0.001991 0.000000 -0.005273 0.999986 0.000003 4.340000 0.001991 0.000008 0.999998 0.926900 0.000000 0.000000 0.000000 1.000000
0.999994 0.002035 -0.002690 0.000000 -0.002042 0.999995 -0.002359 4.340000 0.002685 0.002365 0.999994 0.926900 0.000000 0.000000 0.000000 1.000000
0.999991 -0.002251 -0.003725 -0.000000 0.002242 0.999994 -0.002602 4.340000 0.003730 0.002594 0.999990 0.926900 0.000000 0.000000 0.000000 1.000000
0.999977 -0.005211 -0.004390 0.000000 0.005181 0.999964 -0.006729 4.340000 0.004425 0.006707 0.999968 0.926900 0.000000 0.000000 0.000000 1.000000
0.999948 -0.008804 -0.005215 -0.000000 0.008757 0.999921 -0.008992 4.340000 0.005294 0.008946 0.999946 0.926900 0.000000 0.000000 0.000000 1.000000
0.999891 -0.013285 -0.006415 0.000000 0.013213 0.999851 -0.011140 4.340000 0.006562 0.011054 0.999917 0.926900 0.000000 0.000000 0.000000 1.000000
0.999805 -0.018101 -0.007920 0.000000 0.018011 0.999774 -0.011266 4.340000 0.008122 0.011122 0.999905 0.926900 0.000000 0.000000 0.000000 1.000000
0.999731 -0.021300 -0.009126 -0.000000 0.021228 0.999743 -0.007912 4.340000 0.009293 0.007717 0.999927 0.926900 0.000000 0.000000 0.000000 1.000000
0.999724 -0.021528 -0.009425 0.000000 0.021509 0.999767 -0.002011 4.340000 0.009466 0.001807 0.999954 0.926900 0.000000 0.000000 0.000000 1.000000
0.999761 -0.019972 -0.008871 -0.000000 0.019953 0.999798 -0.002223 4.340000 0.008914 0.002045 0.999958 0.926900 0.000000 0.000000 0.000000 1.000000
0.999771 -0.019804 -0.008144 0.000000 0.019758 0.999789 -0.005686 4.340000 0.008255 0.005524 0.999951 0.926900 0.000000 0.000000 0.000000 1.000000
0.999818 -0.017788 -0.006861 0.000000 0.017755 0.999831 -0.004800 4.340000 0.006945 0.004678 0.999965 0.926900 0.000000 0.000000 0.000000 1.000000
0.999915 -0.012128 -0.004694 0.000000 0.012110 0.999919 -0.003898 4.340000 0.004741 0.003841 0.999981 0.926900 0.000000 0.000000 0.000000 1.000000
0.999959 -0.008603 -0.002977 0.000000 0.008586 0.999946 -0.005840 4.340000 0.003027 0.005814 0.999979 0.926900 0.000000 0.000000 0.000000 1.000000
0.999983 -0.005584 -0.001385 0.000000 0.005572 0.999949 -0.008398 4.340000 0.001432 0.008390 0.999964 0.926900 0.000000 0.000000 0.000000 1.000000
0.999996 -0.002899 0.000092 -0.000000 0.002900 0.999912 -0.012962 4.340000 -0.000055 0.012963 0.999916 0.926900 0.000000 0.000000 0.000000 1.000000
0.999998 -0.001876 0.001181 -0.000000 0.001893 0.999898 -0.014161 4.340000 -0.001155 0.014163 0.999899 0.926900 0.000000 0.000000 0.000000 1.000000
0.999997 -0.001550 0.002003 0.000000 0.001578 0.999901 -0.013969 4.340000 -0.001981 0.013972 0.999900 0.926900 0.000000 0.000000 0.000000 1.000000
0.999996 -0.000938 0.002649 0.000000 0.000976 0.999895 -0.014491 4.340000 -0.002635 0.014494 0.999891 0.926900 0.000000 0.000000 0.000000 1.000000
0.999990 0.002692 0.003626 0.000000 -0.002643 0.999906 -0.013456 4.340000 -0.003662 0.013446 0.999903 0.926900 0.000000 0.000000 0.000000 1.000000
0.999978 0.005224 0.004112 0.000000 -0.005170 0.999901 -0.013055 4.340000 -0.004180 0.013033 0.999906 0.926900 0.000000 0.000000 0.000000 1.000000
0.999954 0.008347 0.004673 0.000000 -0.008295 0.999905 -0.010988 4.340000 -0.004764 0.010949 0.999929 0.926900 0.000000 0.000000 0.000000 1.000000
0.999916 0.011794 0.005418 -0.000000 -0.011763 0.999914 -0.005712 4.340000 -0.005485 0.005648 0.999969 0.926900 0.000000 0.000000 0.000000 1.000000
0.999898 0.013061 0.005699 0.000000 -0.013057 0.999914 -0.000791 4.340000 -0.005709 0.000716 0.999983 0.926900 0.000000 0.000000 0.000000 1.000000
0.999893 0.013480 0.005594 0.000000 -0.013477 0.999909 -0.000522 4.340000 -0.005600 0.000447 0.999984 0.926900 0.000000 0.000000 0.000000 1.000000
0.999923 0.011453 0.004704 0.000000 -0.011454 0.999934 0.000242 4.340000 -0.004701 -0.000296 0.999989 0.926900 0.000000 0.000000 0.000000 1.000000
0.999934 0.010843 0.003878 0.000000 -0.010854 0.999938 0.002620 4.340000 -0.003849 -0.002662 0.999989 0.926900 0.000000 0.000000 0.000000 1.000000
0.999971 0.007256 0.002273 0.000000 -0.007272 0.999950 0.006871 4.340000 -0.002223 -0.006888 0.999974 0.926900 0.000000 0.000000 0.000000 1.000000
0.999988 0.004794 0.000858 0.000000 -0.004802 0.999947 0.009097 4.340000 -0.000814 -0.009101 0.999958 0.926900 0.000000 0.000000 0.000000 1.000000
0.999996 0.002857 -0.000481 0.000000 -0.002854 0.999969 0.007376 4.340000 0.000502 -0.007375 0.999973 0.926900 0.000000 0.000000 0.000000 1.000000
0.999996 0.002488 -0.001525 0.000000 -0.002483 0.999993 0.002851 4.340000 0.001532 -0.002847 0.999995 0.926900 0.000000 0.000000 0.000000 1.000000
0.999984 0.005273 -0.001991 -0.000000 -0.005273 0.999986 0.000002 4.340000 0.001991 0.000008 0.999998 0.926900 0.000000 0.000000 0.000000 1.000000</float_array><technique_common><accessor source="#Zombie_Neck1-Matrix-animation-output-transform-array" count="32" stride="16"><param type="float4x4"/></accessor></technique_common></source><source id="Zombie_Neck1-Interpolations"><Name_array id="Zombie_Neck1-Interpolations-array" count="32">
 LINEAR LINEAR LINEAR LINEAR LINEAR LINEAR LINEAR LINEAR LINEAR LINEAR LINEAR
LINEAR LINEAR LINEAR LINEAR LINEAR LINEAR LINEAR LINEAR LINEAR LINEAR LINEAR LINEAR
